2815.624085212534	0.01377431968198403
2704.1666225443782	0.013540180151576755
2597.609433013155	0.013379191677037763
2495.670958542274	0.013453607585499974
2398.294833198858	0.013507693802537595
2305.2765576545044	0.013546441702066127
2216.4116325808163	0.013576104675756014
2131.4955586493916	0.013604347299770385
2050.3238365318334	0.01364040507668415
1972.5296458120927	0.014079178241592624
1897.7871364161686	0.014101855800523474
1826.2487074611918	0.014085726940405687
1757.7842629699194	0.014052055343403827
1692.2535155185114	0.014009355761796845
1629.5161776831328	0.013967811920566967
1569.3810403807518	0.014088939220283023
1511.696753628777	0.01443652885253328
1456.1957705486543	0.014386241141574906
1402.986875675665	0.014300191597143271
1351.9775201345478	0.01419522765967867
1303.0705604065588	0.014081655262001625
1256.1688529729515	0.013971617695132643
1211.1094776930167	0.01412563081005074
1167.8519457473983	0.014366092979449258
1126.1998233876086	0.014298315272055856
1086.1856692202923	0.014145215425151918
1047.7660123619958	0.013971960440079697
1010.8729538752266	0.013790155414973656
975.4339768058251	0.01363450987214574
941.332635353216	0.013752878040648732
908.5625158110524	0.013887406280213553
877.0016406579666	0.013833622354301606
846.6126545167147	0.013617367625024586
817.3933817858526	0.013379499532617177
789.2958844841912	0.013132506969879162
762.2590964313877	0.012966528873582501
736.2215888610851	0.012985880686901569
711.1691666011588	0.01301773682776645
687.0440198631698	0.012989249319398101
663.7605339668104	0.012713759806764353
641.3444219198868	0.01241493407138294
619.7614953462662	0.01210587163003713
598.9621835526713	0.011912393415918944
578.915762945352	0.011836525618913341
559.6058085217729	0.011770376154247204
541.0019664498791	0.011701976125997412
523.0344536707191	0.011434316280234003
505.7029025022759	0.011080069357760724
488.9962729215183	0.010714138528275668
472.8749019753641	0.010486205079408046
457.32566950402276	0.010320128540222915
442.3321707814854	0.010160852399273472
427.87247903166804	0.010000412160599485
413.9159974229186	0.009780427560982066
400.4217664644988	0.009374836188828704
387.4004167764936	0.008956183625926777
374.82014079465137	0.008692962682322128
362.6782587030623	0.008443108894462176
350.95924579108004	0.008197064487015087
339.64708681539014	0.007950134733584514
328.72576653267765	0.007697231430213368
318.1612117748099	0.007303043826510927
307.9464763465835	0.006871217353755358
298.07195872152107	0.00654212439526999
288.53351166796205	0.006215802669692011
279.3193119614845	0.005890359162142792
270.417536377668	0.005563817120622053
261.8163616920906	0.00523413111563688
253.50134900064538	0.004876365325710991
245.44327737613952	0.004442276181251034
237.65046188536883	0.004050308491179554
230.11687071652057	0.003656547568560779
222.83366802291067	0.003261145356847376
215.7920179578555	0.002864420003254438
208.9830846746711	0.00246688547940488
202.3975828100808	0.002077877275613958
196.01443507386824	0.001691683225437103
189.8342608725728	0.0012461152804994712
183.8553622894325	0.0007953774410406687
178.07105914394862	0.000341411378086204
172.47467125562144	0.0001134668655753096
167.05951844395273	0.0005665251548635841
161.81642136538056	0.0009564674706775049
156.73898366853626	0.0013367350291973884
151.8161483323316	0.001825569775752933
147.0505538446757	0.002321362473406844
142.43709022075123	0.0028204935562700113
137.97064747574225	0.003318785028685742
133.64494459141937	0.0037793227821128804
129.4548556363183	0.004193524326182712
125.39708234533254	0.004604849633679917
121.4618109466214	0.0051020582061122284
117.64866905851154	0.005627475561111607
113.9550970397309	0.006153886529221025
110.37639962802604	0.006651485466015297
106.90842451840987	0.007105085008029631
103.54859716475951	0.0075516567143653155
100.29326747334356	0.007994589302553099
97.13631676982305	0.008484855048691252
94.07470584573319	0.009017915582715948
