9656.055050547016	0.0002060511139860708
9339.773162027544	0.0011263141412817938
9035.980284065696	0.002547003851551156
8744.215869974483	0.004043736373414936
8464.019373066934	0.005601983315743172
8194.930246656062	0.00720481304638295
7936.487944054893	0.008832734836064567
7688.231918576441	0.010463543515335894
7449.701623533731	0.012072163938872066
7219.667888872952	0.013060905369052155
6997.701266639365	0.013371803961234989
6784.190571080651	0.013586648044631772
6578.759755818087	0.013740971454254198
6379.626132963038	0.014642157214899035
6187.087252702361	0.01602203893281435
6001.656345967654	0.01745309322368382
5823.065727807654	0.018920068746066353
5651.04771327109	0.02040562385469646
5485.334617406701	0.0218902089445958
5325.658755263212	0.023351948128827977
5170.989682421698	0.023995007021517228
5021.643427042152	0.024335350199832906
4877.609785934845	0.02460172603110162
4738.66963231225	0.024820133701135404
4604.15356991861	0.02535098877484869
4473.373281352229	0.026607316193272165
4347.098657884419	0.027912989902712303
4225.172173452367	0.029255176670961492
4107.436301993272	0.030619375833301536
3993.7335174443197	0.03198932943426966
3883.9062937427116	0.03334693182053098
3777.4505966176803	0.034202851705949264
3674.2960477225806	0.03461957177215819
3574.583998274127	0.034970283177862334
3478.1851472658577	0.035272857544226405
3384.970193691315	0.0355471553327465
3294.4419327648593	0.036182832434085994
3206.34118188713	0.037364444655843154
3121.0800071040185	0.038588399023715164
3038.56450631044	0.03984318137545881
2958.7007774013027	0.0411159038656402
2881.394918271523	0.04239223560160639
2806.5530268160082	0.04365633266118698
2733.745971393705	0.04427826236111482
2663.1695057489283	0.044736273397274755
2594.8035782862908	0.04514408953629458
2528.5708731950417	0.04551459949718844
2464.39407466445	0.04586203394783762
2402.1958668837638	0.04620201869920823
2341.3726263247713	0.04726921246904622
2282.360468488796	0.0484159863119877
2225.131369401747	0.049594266204875885
2169.6285893189583	0.05079312060826141
2115.7953884957665	0.05200044992241183
2063.575027187506	0.053202932033266336
2012.735260190004	0.05396074670658151
1963.3249863099395	0.05449041861017803
1915.3727735646794	0.05497849305813762
1868.8317564251845	0.05543373486879381
1823.655069362419	0.055865788470527845
1779.7958468473448	0.05628521126504663
1737.207223350922	0.05670350705146382
1695.50992521616	0.05773989346858699
1654.978056990764	0.05884907494623376
1615.5976546046575	0.05998496870716432
1577.3339439373785	0.061137723959146156
1540.152150868471	0.06229651430232235
1503.995369490185	0.06337945912214757
1468.7132263701992	0.06399525949882477
1434.4147362454858	0.0645758463392148
1401.0710725978101	0.06512686177925492
1368.6534089089387	0.0656545064275797
1337.132918660636	0.066165559967342
1306.4807753346688	0.06666740165417591
1276.6681524128012	0.06716803083036943
1247.5676830324642	0.06791296737615185
1219.1239057969037	0.0689916071411117
1191.4424193141515	0.07009654477999534
1164.5015953691639	0.07121919795970165
1138.2798057469001	0.07235017683703254
1112.7328121503513	0.07338513131887313
1087.7816273290478	0.0740634047058374
1063.4886557171087	0.07471628438744805
1039.8359021155723	0.07534753424149285
1016.8053713254689	0.07596127090332538
994.3790681478359	0.0765619760215438
972.5389973837044	0.07715450842428753
951.2671638341114	0.07774411625142215
930.5455723000887	0.07833644913032732
910.2870183253999	0.07915780098401518
890.4688377560728	0.0802427682308843
871.1527490003807	0.08134884183927893
852.3250926613787	0.08246807610870212
833.9722093421235	0.08359183519376519
816.0141152224817	0.08434560411689211
798.5054984119677	0.08508150584551229
781.4349927126066	0.08580212920093047
764.7911868118724	0.08651002968128885
748.562669397239	0.08720797994798873
732.7380291561794	0.08789897664172391



