13899.7424915767	0.012690621059089533
13465.45404588201	0.015324197651507799
13046.14252489974	0.017535958230558802
12640.279311997272	0.01883039681795
12249.728284467246	0.02018279986701493
11873.975669437195	0.02158771594664778
11512.50769403468	0.023038610666925405
11164.810585387237	0.024527789419165103
10830.370570622423	0.026046320770778893
10508.673876867782	0.02758396079961565
10199.206731250853	0.029129078484801216
9901.455360899185	0.03066858204896663
9614.90599294033	0.03218784586413569
9339.04485450183	0.03367063718512756
9071.803608591308	0.0341729764663246
8813.409390126519	0.034052756264237045
8564.298534312558	0.03384369306599871
8320.611505888774	0.035072933267723705
8085.3949278573355	0.03637794981815886
7858.44035320005	0.03772116105446215
7639.465068902637	0.03909514976534004
7428.186361950811	0.04049146818622835
7224.321519330297	0.041900582464959375
7027.5878280268025	0.04331181770358661
6837.702575026055	0.04471330339344674
6654.383047313764	0.046091918875371375
6477.152205131201	0.04727472637796157
6304.632817307788	0.047318367407640144
6137.877947502491	0.04726927037288823
5976.658566070464	0.04715723853550814
5818.7285831265535	0.048222551180527214
5665.773108367843	0.04941655636524322
5517.783944847219	0.050646555487550746
5374.6037276228535	0.05190620689168567
5236.075091752911	0.053188352033429316
5102.040672295563	0.05448497432920973
4972.343104308971	0.055787158329326625
4846.825022851309	0.0570850491099494
4725.329062980739	0.058367811674878534
4607.697859755433	0.05962359003450153
4492.995613383048	0.05994716736933676
4381.720225850325	0.06003035930646983
4273.884644361049	0.06005126733005457
4169.326365225823	0.0600607449697261
4066.6495532368044	0.061140136677329
3967.0581905281847	0.062257679824770706
3870.4636256841386	0.06340840008278217
3776.777207288869	0.06458669352417791
3685.9102839265493	0.06578629563651982
3597.7742041813826	0.06700025053038627
3512.280316637545	0.06822088032140457
3429.339969879231	0.06943975461259856
3348.864512490626	0.07064765994204805
3270.76529305592	0.07183456898838342
3194.4949327525096	0.07226827265641562
3120.321091819069	0.07246217621584009
3048.283227566748	0.072602449051578
2978.30918085936	0.07270494007028272
2910.1063127885154	0.07303599279450709
2843.218381497658	0.0740733051895584
2778.199032672944	0.07514457067741734
2714.997669795108	0.0762452348196038
2653.563696344893	0.07737022586771883
2593.846515803032	0.07851393153752816
2535.7955316502685	0.07967017588977812
2479.360147367336	0.08083219629144976
2424.489766434976	0.08199262039859852
2371.1337923339233	0.08314344306348222
2319.233605087342	0.08425904970830819
2268.400034254048	0.08459896440013363
2218.9364027846395	0.08488609141966243
2170.8014208126606	0.08513082757654997
2123.9537984716544	0.08534451770274856
2078.3522458951657	0.08553948686447557
2033.614735816269	0.08626217024158404
1989.8727586441555	0.08728283816005737
1947.2696885452478	0.0883328007749472
1905.7762585249375	0.08940781096877358
1865.3632015886105	0.09050319188868672
1826.00125074166	0.09161381944329905
1787.6611389894697	0.09273410484965708
1750.3135993374342	0.09385797720121242
1713.9293647909371	0.09497886600620928
1678.4791683553726	0.09608968362087432
1643.815496050011	0.09684022349923224
1609.9258269241823	0.0972520658251451
1576.8893631734031	0.09762542623894094
1544.6821510595953	0.09796792491338172
1513.2802368446723	0.09828782375438432
1482.6596667905528	0.09859404679715
1452.7199751092037	0.09905842086284654
1423.2714353295064	0.10005818769088046
1394.5390086165612	0.10108597620877556
1366.5055257821814	0.102138102522612
1339.1538176381782	0.10321053447342025
1312.4667149963643	0.10429887831242908
1286.4270486685514	0.10539836540558184
1261.0176494665527	0.10650383894985688
1236.2213482021796	0.10760974067112636
1212.0209756872441	0.10871009745836704



