1444.7602135316258	0.02221276352117444
1384.5946071812616	0.022025747841391073
1327.2535565637859	0.021805397362929985
1272.5985412477785	0.021567478545805974
1220.491040801823	0.02133100439058859
1170.7198477675356	0.021400026550203993
1123.2139968119845	0.021562532349298988
1077.7210028729965	0.0213509527923966
1034.2720138794732	0.02106385660505733
992.7864279610144	0.020756597531099215
953.1672482484346	0.020449463836093182
915.2581311277764	0.0204555045013924
879.027896312072	0.020502923823407133
844.330152173128	0.020346762503479443
811.1003896298012	0.019996706371023253
779.322163906839	0.019622814660879603
748.9256038166001	0.01925346671500757
719.8005167029764	0.019167180275785657
691.9291209271591	0.019100768670146807
665.2415715838251	0.018997565350039103
639.614983717325	0.01858672849912335
615.0724628368283	0.018147648694318615
591.5620729846448	0.017722935754357634
569.009573737985	0.017530389148895893
547.4001204951547	0.0173544269802968
526.6902038204569	0.017179190042188455
506.80210106921425	0.016823218623773638
487.70755061100806	0.016325047462655617
469.39144093328326	0.015845882266434286
451.8035661749808	0.015552088962673695
434.93133686288456	0.01527036034186959
418.74327681018053	0.01499054436495395
403.2069621331332	0.014695770067786976
388.2528210671471	0.014142848810157947
373.8904470298827	0.01361518651513813
360.08619804861553	0.013231181749450741
346.82931111350075	0.012854476732062694
334.09677422672473	0.012479215876359414
321.86557539047305	0.012098977673017566
310.1003672386453	0.01161627058234239
298.7716209662869	0.01105001553572524
287.87437649915466	0.010582164930255817
277.39888394931984	0.0101155518738554
267.328133591928	0.009648035935782675
257.64511570212414	0.009177434160222361
248.3328205550542	0.008701557358446393
239.3532742029883	0.008138269677916617
230.70641344073016	0.007597460899728246
222.38672347559506	0.007052548360307699
214.38147840561402	0.006504248701264853
206.67795232881593	0.005953626631881653
199.26341934323125	0.005402156524647255
192.11692868147517	0.004904502003423822
185.2236389159442	0.004298718811987011
178.5857350625392	0.0036837611489785437
172.1935971832277	0.00306294915879869
166.03760533997698	0.0024402964392692835
160.10723851247127	0.0018417518902098967
154.39088864402555	0.0013231889475763257
148.87557903619802	0.0007019357821524623
143.55794912089743	0.000030666741378676346
138.43350199679415	0.0006471499761783422
133.49486862307202	0.0013249735845893122
128.7325499728495	0.0019348085429210877
124.1410856799892	0.002517934153853186
119.71248954575444	0.003133829952275292
115.43692866461112	0.0038462958678584518
111.31399224754405	0.004564159778636001
107.33707847919868	0.00524886842894066
103.50049664478706	0.005887913647689011
99.80008879997624	0.006521183192104813
96.23059256248521	0.0071534867276025135
92.78216800699153	0.00788095766759194
89.45395397802201	0.00859991855294643
86.24155469452575	0.009273172275925388
83.14179919634667	0.009938041657970638
80.15054880225539	0.01059558975765789
77.26366483102271	0.011246820915155581
74.47416018229832	0.011933088285616353
71.77953398923002	0.012612166009047616
69.17824261010176	0.013282204049452384
66.66698585329712	0.013941057131338112
64.24246352719894	0.01458615063823293
61.90090418476975	0.015189737524920933
59.637843021117064	0.015810957891074128
57.45125146568512	0.01644859920368161
55.339479231707344	0.01707024306888048
53.299768087232124	0.017664481847859497
51.32922554076083	0.018210192224605976
49.425709010646315	0.01873068092657602
47.58543869768339	0.019269949417765636
45.806901149250166	0.019800104735177317
44.088126510229834	0.02027415585060976
42.427349600844884	0.02070958314623724
40.822511876665295	0.021104670110867533
39.27152606377395	0.021457457324656856
37.77093212875333	0.02179744313509014
36.32043795077329	0.022086331696837932
34.91830921821112	0.0223167864259344
33.56277367892321	0.022477451342688293
