8618.380900612214	0.07780165818952
8312.467905729853	0.07733256471984784
8018.915369430518	0.07716664762635983
7737.533051918649	0.07706866417017608
7467.7772551201215	0.07702711847858709
7209.104280960788	0.07702894837962636
6960.970431366524	0.07705946815027423
6722.036280788358	0.07669834571297114
6492.022439120899	0.07611644463520008
6270.550645618793	0.07604400851759795
6057.820451423283	0.07602819053209021
5853.474540451647	0.07606367261499918
5657.155596621173	0.07614445649697009
5468.506303849132	0.07626385548385203
5287.169346052812	0.0764144908699798
5112.474932869916	0.07638489934406166
4943.643008742771	0.07622853490997808
4780.970247472595	0.07632600363600044
4624.4199321950255	0.07646541884571978
4473.753070897625	0.0766452674235651
4328.730671567964	0.0768639478249977
4189.113742193606	0.07711979745128505
4054.663290762122	0.0774111249437768
3925.1403252610726	0.07773624767447661
3799.509278931486	0.07794413962740637
3678.368429650386	0.07822054780310049
3561.586639818256	0.07852867376655119
3449.0012930437597	0.07887019732540634
3340.4497729355694	0.07924715399407803
3235.769463102347	0.07966198769317083
3134.7977471527674	0.08011760873110688
3037.318677470172	0.08070783314850276
2942.8994855181363	0.0813362645755685
2851.5786567834944	0.08181625401305988
2763.4079010827904	0.08232243768672602
2678.274557155153	0.08285908091554353
2596.0659637397057	0.0834311256051748
2516.6694595755775	0.08404426062007174
2439.9723834018923	0.08470499786332293
2365.7710895530054	0.0856154705867563
2294.007687410157	0.08660113315669224
2224.4123706340206	0.08732191663841955
2157.1242209526245	0.08806765391123308
2092.0636764137457	0.08884489607004509
2029.1511750651553	0.08966112463062827
1968.3071549546307	0.09052483609312852
1909.4204749026558	0.09152816401897941
1852.4030579330483	0.09271189590421268
1797.2281962714192	0.09395142158805111
1743.7201530573618	0.09505495122324155
1691.8676336613535	0.09609740136675975
1641.6679189369952	0.09717807016527501
1593.063727989791	0.09830705509349584
1545.9862454761005	0.09953241005047701
1500.353512124676	0.100950695754002
1456.152348819248	0.10243791079641468
1413.3314848513683	0.10398721199038842
1371.8066369010435	0.10552187296644477
1331.4914813365494	0.1069528542386849
1292.4153820842062	0.10843757209316907
1254.526998244201	0.1100247788273837
1217.7724894841385	0.11177866694521453
1182.136647441287	0.1136127737366295
1147.5815872283038	0.11552568057056954
1114.06942395785	0.11751582760812282
1081.5539454211357	0.11956012726752988
1049.9471327447868	0.12152299732709831
1019.2639254138033	0.12363054821598699
989.4807652902568	0.12586599079261324
960.5763607882404	0.12819912472498787
932.5220778076971	0.1306335056047261
905.2892822485707	0.13317303738484088
878.8493400108032	0.13582202326000814
853.1630457394624	0.13858992817808374
828.1676360092583	0.14139838504991808
803.8875859625361	0.14432897960404856
780.3006898421157	0.14739057344573275
757.3847418908183	0.15059287292058096
735.1175363514637	0.15394651314958577
713.4736008485102	0.15748443558554454
692.4306963690813	0.1612214405206818
671.9598951901406	0.1650888964115524
652.0376390015998	0.16907708641260052
632.662738700272	0.1732651437716962
613.8174182332384	0.17767196740375904
595.4809211150227	0.18234118103422375
577.63919507807	0.18726784484064862
560.2752313115436	0.19246997222432408
543.3711828654064	0.19796414519333666
526.893484004479	0.2036955751602293
510.8449361634579	0.20977569621483738
495.2105379701659	0.21624263451599304
479.9753597906081	0.22313744181046702
465.12447249582556	0.23050503562300848
450.645042777371	0.23837366882544878
436.5205893013738	0.24680332097648727
422.72272268752977	0.2558339797961505
409.2473648341072	0.26561295974276183
396.0853168961724	0.27617684906103457
383.2170103156484	0.2876851135500133



