7116.987303239873	0.036034870314466706
6870.760820631948	0.03493978916034766
6634.4840315780975	0.033705257290681044
6407.782173230027	0.03235014483835305
6190.2804827394575	0.03089705216439582
5981.604197258095	0.029372599860439705
5781.378553937662	0.02780772161584231
5589.228789929865	0.026237960424272625
5404.119181251204	0.025350861306460484
5226.214535243389	0.02470851613044705
5055.370346901273	0.024135339078557517
4891.276117905994	0.023610632724172492
4733.6213499386995	0.023110955019410677
4581.663868227207	0.022294977792760746
4434.8411464438095	0.020915469184225332
4293.62299648846	0.019497232134919065
4157.776009580177	0.01807077793530569
4026.61379536337	0.01725392163637552
3900.2945644502493	0.016618529930665635
3778.7148328627063	0.01603895503404641
3661.6806633361884	0.015500889032372608
3548.998118606137	0.01498821858765228
3440.4732614080012	0.014482940998653548
3335.3388799333584	0.013406313565899894
3233.8328668062695	0.012121516692707465
3135.9801236437224	0.010816832275372782
3041.4268530260324	0.00986621721197751
2950.0933010439185	0.009215536153991842
2862.0081752842852	0.008610767131596758
2777.0488322650954	0.00804264518400348
2695.092628504324	0.007500773829341764
2616.0169205199345	0.006973575904842874
2539.699064829896	0.006448244775552907
2465.6210215447913	0.005403768019361263
2393.981278586948	0.004206536139409926
2324.7664553044924	0.0030273400810971714
2257.6756595502534	0.002350240290399901
2192.851051211981	0.0017101054936724033
2130.2141089813117	0.0011013778529770971
2069.686311549885	0.0005178349462693395
2011.189137609337	0.00004743683201299569
1954.644065851307	0.0006020682143773244
1899.972574967431	0.0011544325805463273
1846.9276931935035	0.001993944434722942
1795.452998167998	0.0031144243544251383
1745.5923266069763	0.004107845474903718
1697.2298876067373	0.004782837479175575
1650.4216581328642	0.005433159067735634
1605.11667391936	0.006062209480630521
1561.26397070024	0.006673754825144338
1518.8125842095083	0.00727193968103379
1477.7115501811766	0.007861298115418466
1437.9099043492529	0.008446764204218379
1399.3566824477475	0.009033682209960717
1361.8000993962846	0.010066816481219085
1325.3481228623343	0.010995407645778128
1289.950841046668	0.011684458105627897
1255.638502861027	0.012358883849034004
1222.3775782139633	0.0130203922129891
1190.13453701403	0.013670845059730652
1158.87584916978	0.014312260570681835
1128.5679845897644	0.014946814506336406
1099.1774131825384	0.015576840955746473
1070.6706048566523	0.01620483261628154
1042.9971569978218	0.01688019225503981
1015.9957307441927	0.01781151252984977
989.7386315345493	0.018524662564261905
964.2509255973164	0.019231885573798093
939.5102404106924	0.01993365422379604
915.4942034528733	0.020630450612290293
892.1804422020557	0.02132276186584933
869.5465841364371	0.022011075264111488
847.5702567342137	0.02269587288582978
826.2290874735829	0.023377625769604005
805.5007038327408	0.024056787582123193
785.348038176684	0.024724140358366883
765.6396773370535	0.02546821689510264
746.4847005408642	0.026214345509042968
727.8679571365652	0.026962142744622813
709.7742964726077	0.027711138093990565
692.1885678974396	0.028460765776428174
675.0956207595133	0.029210356110009494
658.4803044072764	0.029959126460480125
642.3274681891812	0.030706171746257
626.6219614536753	0.03145045447066316
611.3486335492112	0.032190794242474924
596.4638456695883	0.032715775577514275
581.9250052800545	0.033477076579427494
567.7722552469364	0.03427688021557608
554.0017943325379	0.035084181728092176
540.6032084586843	0.03589771251001288
527.5660835472022	0.03671603263720605
514.8800055199165	0.03753751966645221
502.5345602986537	0.03836035705083148
490.51933380523906	0.039182522142428
478.823911961499	0.040001773740359764
467.4229567744966	0.04067915481098939
456.3161679677827	0.04129768688608986
445.47531685231604	0.042060882900388515
434.90027339757773	0.042933269291249444



