1137.426114022911	0.03766010873767674
1088.506195775146	0.037243088496918535
1041.9391307140256	0.03678544307109144
997.605121709096	0.0363122629726281
955.3410679028565	0.0360569452115191
915.0534373869889	0.03595151591211727
876.6483038054357	0.03580955240291927
839.9268136841335	0.03530782687686848
804.911802107146	0.03477140516812272
771.5129815615908	0.034257637045102464
739.6084910540857	0.03402164925587209
709.1660202697177	0.03380477741637341
680.1008316675675	0.03354750586960694
652.2710451588855	0.032964250353773365
625.6929388165888	0.03235115918286902
600.2866680867822	0.031874254740861155
575.9984096581417	0.031530769161116294
552.7898628895471	0.031195655833988045
530.6053478692181	0.03084330509344794
509.33333683050967	0.030180125343892004
488.9890769406891	0.02949257012319178
469.5048667567782	0.02902500933123775
450.86459542251737	0.028575577933386054
433.0297477908387	0.02812820543719414
415.9612014705008	0.02767075973570829
399.5810594700209	0.02696241625553231
383.88291123775275	0.0262851697030854
368.83800496369525	0.02572562007584622
354.4280990817717	0.025169897520360602
340.62458291775204	0.024611943790558803
327.3988457974083	0.024045125665565947
314.700107289677	0.02330235407612113
302.505584149901	0.022628015463538244
290.8120755432005	0.021974156175190405
279.60003437534766	0.02131788797613118
268.8483042300305	0.020657167287522732
258.535728690936	0.019989985740709586
248.62601624153177	0.019266811035820224
239.0995031986623	0.018527511137824613
229.95663576942343	0.017780189637816073
221.18161898963524	0.017026152819793285
212.75865789511846	0.01626720299964937
204.67195752169312	0.015505722774498883
196.89431279126862	0.014805701884305087
189.41288163790875	0.013984099590707807
182.2264157050033	0.013149996429596205
175.32298651944362	0.01230766266952753
168.69066560812303	0.0114622800371219
162.31461458288078	0.010687703916990957
156.182804645201	0.009922696322276613
150.27919544756116	0.00902176926622209
144.60383173413322	0.008106749148420496
139.14759851609918	0.007185067083732397
133.89993572506302	0.006305144820259888
128.85173659702602	0.00548095439749864
123.99572364241651	0.0046426452683051315
119.31713036862857	0.0036734155815162967
114.81617599477619	0.002692885773739198
110.48495421396969	0.0017395356123134672
106.31610351075156	0.0008390300745115074
102.30456798351403	0.000059135070712751046
98.44345358197697	0.0009691481147540866
94.72151514327956	0.0019915703555571204
91.1377726635745	0.0029886923195357735
87.68682972927539	0.003947870249784672
84.36447906997314	0.004903040378155801
81.16564199333223	0.005856066246131012
78.08458869074377	0.006823576575578867
75.11282538906455	0.007832510641300345
72.25014903642546	0.008824438227155083
69.49283868153096	0.009811464234947687
66.83685989138871	0.010791729749255418
64.27802325253884	0.011755041271785732
61.81076263936731	0.012705043944701344
59.43145215545073	0.013700541135746137
57.13867769741141	0.014688849731780683
54.92919934127211	0.01566456132958768
52.799323297537164	0.016594334523080477
50.74636005420081	0.017502133391250355
48.76582073412527	0.018446074006126224
46.855963321871045	0.019391814533780295
45.01439133485025	0.02029384890768742
43.238771533114175	0.021161259890400946
41.52670788240904	0.021999821246821684
39.87528331795037	0.022824472780112976
38.281284992012665	0.023639133139301327
36.74385327109523	0.024413215316574095
35.26094105948583	0.025143045668164533
33.830428369116646	0.025818394210017814
32.45016578613647	0.026428737254674116
31.117334934151707	0.027025127528966724
29.831169692814633	0.027554758315071242
28.589852558367596	0.027999565046489105
27.391719895895406	0.02835484003230284
26.235062889383304	0.028611251214269977
25.117464580597414	0.02879237548622172
24.038095422604552	0.028846321043432717
22.995450942257232	0.02875190819877036
21.98806175992799	0.02849353102169541
21.01421153665339	0.028040984113923948
