15357.922826396789	0.0025644552877305228
14871.366916784427	0.003868005679696374
14403.61728877061	0.005235471007850092
13954.00492286212	0.006658671217922225
13521.860799565762	0.008127934342187197
13106.51589938833	0.009631994202732357
12707.301202836632	0.011157888971737508
12323.547690417448	0.012690860684094163
11954.586342637593	0.014214255476438939
11599.748140003861	0.015709423917271297
11257.80690825966	0.016883901914795416
10926.467070011564	0.016876000273644946
10607.36725430527	0.016757509512039866
10299.011412243548	0.016906873069975497
9998.774023507453	0.01815356100286706
9709.314654131975	0.019448377638178832
9430.258357893057	0.020782401146120146
9161.23018856662	0.022145399165634544
8901.8551999286	0.0235257531164537
8651.758445754915	0.024910382948308316
8410.564979821505	0.026284672091471027
8177.899855904289	0.02763239211694703
7952.668383189164	0.02844986551053201
7734.244287825512	0.02850501395799613
7523.3080776114475	0.028473031555854567
7319.554851915977	0.02838441588265767
7120.490083629606	0.029358000331342504
6927.766878593819	0.030518712132495227
6741.462758804431	0.031718763039601534
6561.3649039943775	0.03294961763877371
6387.260493896611	0.034201640955358915
6218.936708244064	0.03546404134688574
6056.1807267696795	0.03672481347995908
5898.779729206404	0.037970681136299075
5746.520895287176	0.03918703942243299
5598.139571661133	0.039372957095763404
5454.496361264082	0.03946846969214457
5315.426948643688	0.03950248606079841
5180.757832379536	0.03949771164850188
5049.096161602167	0.040307779151366484
4921.197541053587	0.04137237064723056
4797.257998217847	0.04247346051133417
4677.155094911893	0.04360358323710133
4560.766392952686	0.04475438131467725
4447.969454157177	0.045916561686954446
4338.641840342327	0.047079852174211276
4232.661113325076	0.048232957702297366
4129.904834922398	0.04936351606748531
4029.6307702238832	0.049670050580620816
3932.310370928143	0.049856142751588686
3837.885922526486	0.04998881592563646
3746.257320840064	0.05008387104964157
3657.32446169002	0.05015862198960184
3570.0484176794967	0.051108103155513666
3485.272532100611	0.05211080713505072
3402.942253039924	0.0531452014035888
3322.986139757785	0.054204466527801115
3245.332751514554	0.055281042303918095
3169.9106475705803	0.056366594221254125
3096.648387186222	0.05745197980817494
3025.4745296218334	0.05852721473037518
2956.198570945612	0.059379707555294405
2888.5745833388182	0.05968261817077415
2822.8388469584575	0.05993436153529816
2758.9327743876597	0.060145303526233464
2696.7977782095477	0.06032679072038757
2636.375271007252	0.060491185266265415
2577.3221014478486	0.06100924853235951
2519.5567714927492	0.06194697853429773
2463.3486245110435	0.06291569075306225
2408.6553545749134	0.06390953149091873
2355.434655756543	0.06492204531931664
2303.6442221281127	0.06594614906693425
2253.2417477618055	0.06697410569660878
2204.184926729802	0.06799749799372451
2156.409334588301	0.0689570627575189
2109.656911931384	0.06934087407655655
2064.130103872265	0.06968242754754925
2019.7940999608754	0.06998877635517559
1976.6140897471528	0.07026761646685656
1934.5552627810264	0.07052730858917122
1893.5828086124357	0.07077690008098902
1853.5458631028669	0.07122258191390446
1814.2698994664925	0.0721273406452666
1775.9862389409852	0.07306008634961621
1738.6694411485857	0.07401554453432113
1702.2940657115232	0.07498793912155277
1666.8346722520378	0.07597097206645881
1632.2658203923597	0.07695780285657751
1598.5620697547265	0.07794102783517981
1565.635169547933	0.07872167135237726
1533.4221815505562	0.07916398126430864
1502.003448248805	0.07957486986783893
1471.3579611459363	0.0799592901465029
1441.464711745205	0.08032261867478604
1412.302691549867	0.08067066925808876
1383.8508920631775	0.08100970653194271
1356.088304788393	0.08134645958830862
1328.869348556993	0.08197252197084574
1302.189477557613	0.08287287552698158



