2048.590142635725	0.03603833912973864
1970.1289758665366	0.03639855762560763
1894.9528256053698	0.036438137172561974
1823.007732263696	0.03634492034248205
1754.203608819193	0.03624303516421728
1688.3979493405004	0.036133741032317535
1625.448247896261	0.03601825689873856
1565.211998555114	0.03589771393515775
1507.546695385703	0.03577310113843032
1451.9584406836038	0.03571909965650266
1398.643900906633	0.0356737588866809
1347.5579928562327	0.035628911232348334
1298.604744699403	0.03558289941293396
1251.688184603142	0.03553356818174803
1206.7123407344498	0.03547819039616608
1163.581241260324	0.035413386049662404
1122.0477676363394	0.035163697808476745
1082.0616966100674	0.035158303279589416
1043.6795087884361	0.0351616934861931
1006.8357777300698	0.03517005332102738
971.4650769935961	0.035178756462918764
937.5019801376397	0.03518227509437747
904.8810607208281	0.03517408283228215
873.4810238113155	0.034865544552164306
843.2028027627151	0.034792511835530386
814.0614387070157	0.03483288835864785
786.0440944231674	0.03488415787082912
759.1055435074647	0.034939916596753086
733.200559556205	0.034992639172669184
708.2839161656822	0.03503357210802093
684.2736852320775	0.034821195299385085
661.1595418294262	0.03455491388835129
638.8260855065234	0.03461625723131709
617.3232856141926	0.03469406513658829
596.6194769372918	0.0347808213879654
576.68299426068	0.03486776314493714
557.4821723692148	0.03494477030080601
538.9611456623525	0.03481020100758493
521.1109368217217	0.03461675681607791
503.8958085376597	0.03447577194715365
487.2570419557483	0.03456563345670409
471.2161290391548	0.034668789831584106
455.7505601104613	0.03477556621646747
440.83782549225117	0.034874842926788836
426.43843164431587	0.03478878860713496
412.5464157157784	0.034653711242995766
399.1444176618063	0.03450577277032225
386.197008483294	0.03445246549705722
373.6779668298331	0.034555033571906854
361.59422321966787	0.0346641202768494
349.9295651275483	0.03476784885869035
338.6548507161767	0.03469783246102127
327.76819994141067	0.034601765699748904
317.25551339504335	0.03449052616563657
307.10232551465185	0.03437141508287525
297.27865164701984	0.03437259792591666
287.7765428998786	0.034461047644821975
278.59288951348145	0.03451814768150826
269.71062825438264	0.03445100304553828
261.1264946184132	0.03436455588762219
252.8298686053567	0.034262026173715245
244.81013021499652	0.03414690582111888
237.05665944711694	0.034022952910391265
229.5438967766265	0.034038199758274816
222.27131435753932	0.03400953885882918
215.23445969513722	0.03391804930879962
208.42807084266107	0.0338091049632812
201.8442331688731	0.033683033522273885
195.47503204253638	0.03354009430380499
189.31255283241333	0.033380451873414506
183.3459802159618	0.03321691504891313
177.55723125595102	0.033077815996401694
171.95382016612186	0.03292240899104805
166.52975525773212	0.03274875890030703
161.2790448420392	0.03255461368608059
156.19569723030088	0.032337364015266684
151.27372073377452	0.0320939987261432
146.5044589434998	0.031753978378475975
141.87947035746055	0.031463012797200825
137.39662352895095	0.03119267595012671
133.0541672787507	0.030898609306554067
128.8474887876448	0.03057582358457114
124.77197523641689	0.030218685475576927
120.8211098737514	0.029764222975550245
116.99255842007997	0.029270218941308726
113.2803560886582	0.028770465880791338
109.67826025125092	0.028306506987527336
106.18660607241353	0.027805291796187518
102.8013589817441	0.027244276648147894
99.51858083743315	0.026601735564397
96.33578793075755	0.025906081092186693
93.24962942518289	0.02515685686944746
90.25613737198877	0.02436614947366262
87.34945704082392	0.02358677519292645
84.52915512825888	0.022711246934257228
81.79333215202679	0.02176521272533406
79.13932131120954	0.02074468261398698
76.56443539928533	0.01964438194479329
74.06598720973226	0.018458494671346994
71.64012628671605	0.01717534210506201
