11607.234068797225	0.028764772599172452
11223.549509387103	0.02723958577348453
10853.660923157116	0.026755524019667947
10498.76421603802	0.026384806233417452
10158.175521151761	0.02609264724063422
9831.210971620258	0.0258394886668977
9514.267884888824	0.024486023233566075
9209.605373241295	0.02302026701885875
8916.850321487405	0.021509059832657093
8635.505736210227	0.019977355943374502
8365.074623992823	0.018453510844840645
8104.295108291699	0.017480650925937462
7852.8284957162305	0.01703133110100413
7610.907939247577	0.016666074598440685
7378.124632711095	0.016358770356683025
7154.0697699321245	0.016080007508954112
6936.7664482109485	0.015010410703017202
6727.051157975371	0.0136887628395682
6525.016194712485	0.012324988264265974
6330.361690142654	0.01094037704210487
6142.7877759862595	0.00955896174172403
5961.508467862719	0.008640483539897497
5786.306914103168	0.008175474623692315
5617.359801070521	0.0077804451060694965
5454.4197699317465	0.007436927408499012
5297.239461853802	0.007124228235725135
5145.380286758425	0.006693174503076326
4997.717993887934	0.00551412710047767
4855.13720053044	0.004288207613025618
4717.454836352517	0.003032801004870562
4584.487831020759	0.001767474983656984
4455.981733072516	0.0005974661192214183
4331.309361533181	0.0000862559645431099
4210.8345899617625	0.00036320233641679847
4094.4059551649416	0.0007632186545002516
3981.8719939494067	0.0011275590755410246
3873.081243121841	0.0014715097325408322
3767.8584770364664	0.0018327790003292916
3665.2827546703556	0.0029233793740578193
3566.029524066762	0.004055248824911486
3469.985601418932	0.005212994418383687
3377.0378029201183	0.006379412088971105
3286.945128228993	0.007337331213019495
3199.4699938414324	0.007852999299948323
3114.7748750328	0.008321651434755595
3032.7658527603326	0.00875198791557021
2953.34900798125	0.00915367529254859
2876.430421652795	0.00953738593388794
2801.916174732187	0.009914837435538466
2729.46776280857	0.010586381262894597
2658.95628383687	0.011628702195987025
2590.597798248065	0.012699288742066793
2524.3214286045163	0.013783565060464624
2460.006306008951	0.014764092543882822
2397.432451932953	0.015306407699849034
2336.7410875118094	0.01581192869714661
2277.873191992745	0.016286444351813117
2220.769744622988	0.01673635929892576
2165.3717246497627	0.017168717687720752
2111.620111320298	0.01759122663758874
2059.4558838818184	0.01801227961968017
2008.6564838649724	0.018694684290985194
1959.148346472408	0.019688617359149896
1911.0694083746102	0.02070458705175366
1864.3746928317519	0.021729275643910247
1818.8941872866637	0.02241339511272286
1774.6735302964048	0.02296607493156319
1731.71453311817	0.023493982917563872
1689.9796091926055	0.024001074145441382
1649.4311719603515	0.02449168679821266
1610.03163486205	0.024970555205409178
1571.7434113383445	0.025442822690184254
1534.5289148298757	0.025914054313949133
1498.3275579377246	0.026436684533239288
1462.922625984962	0.02738960381282773
1428.4872058890646	0.028362817214379388
1394.9857286762788	0.029321851471336632
1362.294824926429	0.0299229211309121
1330.4912252526365	0.030505431546701482
1299.5506541298862	0.031071638101205216
1269.4488360331577	0.03162400768844069
1240.1614954374388	0.03216522512958115
1211.6643568177078	0.03269819938878935
1183.9331446489527	0.033226069614629594
1156.9435834061524	0.03375221104667639
1130.6713975642933	0.034280240842844575
1105.0340581356752	0.03496830928004317
1079.9773595884217	0.035910934825118423
1055.561597499764	0.036818191833509
1031.718357600413	0.037453457996112986
1008.4921323916806	0.038078120054596855
985.8670110154251	0.03869339549613077
963.827082613503	0.03930060098353341
942.3564363277724	0.039901154295895434
921.4391613000901	0.040496576103732744
901.0593466723144	0.04108849158672433
881.2010815863017	0.041678631907402
861.8484551839103	0.04226883555993917
842.9855566069973	0.04286104961960697
824.5581222171567	0.043588899791194395



