2122.202628690313	0.04442998926187446
2041.8060489495874	0.04462952852780283
1964.8696012921819	0.0449810051108832
1891.2455443181464	0.04544825993780885
1820.7861366275376	0.045988277239702675
1753.1544719993312	0.04605649745083688
1688.4091610204039	0.04609945984748752
1626.4302184107462	0.046131309004584564
1567.0931848291934	0.04615522089421335
1510.2736009345786	0.04617466972436921
1455.8470073857336	0.04619341274619512
1403.6538640174779	0.04628404886810256
1353.2801610590318	0.04649063244850179
1304.9372002774028	0.04660324519834502
1258.570215670559	0.04671343629230748
1214.0961151282743	0.04682139670132359
1171.4318065403254	0.04692716184596442
1130.4941977964863	0.047030571007454454
1091.2001967865333	0.04713122205273659
1053.370422833968	0.047181305023930274
1016.8577806744979	0.0473529085820028
981.7751995154281	0.047531177027344364
948.0665604889177	0.04771426661101725
915.6757447271232	0.047899877862907975
884.5466333622032	0.0480851995085663
854.6231075263149	0.048266848010103336
825.8431923030864	0.04840986009335755
798.0660030969209	0.048366454960811586
771.2545405526485	0.048597483400762316
745.4520337113531	0.048841092530422896
720.6200626828731	0.04909356481723711
696.720207577044	0.049350482266888256
673.7140485037019	0.04960665795407209
651.563165572684	0.04985606313462405
630.201949750733	0.04990738509643724
609.5923341153293	0.04991338739566078
589.6668811514871	0.05020078765289032
570.463441515584	0.05050459700437315
551.955378741525	0.05081952885553259
534.1160563632164	0.0511394201499551
516.9188379145633	0.0514571552529356
500.3311826498908	0.05171513255741829
484.31101317742883	0.051766397882989715
468.8567519082826	0.051806486189081076
453.89139093657997	0.05214258126067424
439.4487952879218	0.05250085734549748
425.5109112375103	0.05287109221559172
412.05900715859264	0.05324561287704135
399.0743514244118	0.05361565462814031
386.5233807441906	0.053814257957666915
374.3996450429891	0.053950280004485276
362.69075556488326	0.05407949297735152
351.3531934388467	0.05439719123785543
340.3893646303875	0.05480131115945566
329.7961464931572	0.0552167744493879
319.560191050173	0.05563461262956508
309.6628302565413	0.05597590914434121
300.08894970083065	0.05619986160165045
290.8343974478114	0.05641117620157579
281.8872917733986	0.056618251759804415
273.2244483108646	0.05692519399492837
264.8323533887537	0.05736386215288519
256.71529726385666	0.05781129908013666
248.86246377218316	0.05823911965240283
241.25780300963277	0.05853114708360004
233.9004272063333	0.05880983496716659
226.78171659510005	0.05907995592370227
219.8930514087471	0.05934673309221448
213.2224919171067	0.059650243921182046
206.75118952958414	0.06010809553004853
200.48593763710062	0.06057013199509987
194.41377256670023	0.06091016585358459
188.53414953684924	0.06123724523007775
182.8408303511212	0.06155546514016111
177.32746899141523	0.061867021430692795
171.9877194396309	0.0621742544749818
166.8152354639241	0.06247964459467046
161.7920522289141	0.06293679187443896
156.92047578264948	0.06329443145380817
152.1998724166324	0.06364439367026879
147.625497321948	0.06398667378902005
143.19260568968264	0.06432119046320373
138.89645271092132	0.06464776778907735
134.73229357675035	0.06496611529463979
130.69473405766303	0.06525790040624811
126.77033087680388	0.06559666842473084
122.9642176362126	0.06594140067650295
119.27349574285154	0.06627944435018145
115.69456382668689	0.06660879419954896
112.2238205176855	0.0669271509946516
108.85766444581381	0.06723189051281246
105.59117243835115	0.06747630254396861
102.42167799898517	0.06768530974216413
99.34121221813822	0.06798692123070213
96.3521250536892	0.06828351714501903
93.45179013474048	0.06856847940070868
90.63742889130499	0.06883759733984435
87.90571895154487	0.06906515226242932
85.25377015332063	0.0692398140277842
82.67977866172774	0.06939327490656633
