6215.558691041152	0.03978987250972858
5997.691566566045	0.03866881821265259
5788.774788315727	0.0374344944542673
5588.444177247253	0.03611492581044376
5396.335554317693	0.034742948310587524
5212.084740484102	0.03335656373669813
5034.79530346245	0.032556842192609306
4864.512897449163	0.03200434640115068
4701.098561833946	0.03151756238826512
4544.24902901741	0.03107944127582569
4393.661031400165	0.030670630519879463
4248.98164789497	0.03023065168543922
4109.052509233276	0.02904438580985341
3974.5440419935794	0.027824423050990584
3845.067016636578	0.026819224451114433
3720.260347416499	0.026269421760809313
3600.229773405447	0.025775728959346
3484.782229672535	0.02532776257228257
3373.7246512868824	0.02491376263125666
3266.8639733176014	0.024520531400057843
3164.007130833813	0.024133373200145438
3064.3653851420195	0.023111104134091218
2968.3502127743313	0.022033862726709336
2875.624439811386	0.02134876515116844
2786.1915952292875	0.02084971272698543
2700.0090611095497	0.02039025284551674
2616.9521085581673	0.01996384282885091
2536.8960086811294	0.019563157101174886
2459.7160325844316	0.019180059655367895
2385.287451374061	0.018805577775135043
2313.239317708455	0.018096845773533606
2243.5414732351146	0.01714676030883409
2176.075617312531	0.016630528150114437
2110.936714158875	0.01616573084620166
2048.052433597395	0.015728361029387686
1987.3410319992383	0.01531496110648529
1928.7207657355495	0.014921715675414992
1872.109891177477	0.014544446109979361
1817.4266646961646	0.014178606524070875
1764.5832884118554	0.013808838505961325
1713.2328997843083	0.01299816777265363
1663.4608784471652	0.012543199667475214
1615.3340853287948	0.012106887201476752
1568.798103669076	0.011688173907496671
1523.7985167078841	0.011285934234421594
1480.2809076850986	0.010898981079573112
1438.1908598405917	0.010526074691783046
1397.473956414246	0.010165932985798131
1358.0757806459328	0.009817243302392697
1319.8837914701173	0.009403615045196453
1282.699049414004	0.008986588189590585
1246.6906416123657	0.008578192005750915
1211.8217758194937	0.008178888769136927
1178.0556597896825	0.0077892665869808905
1145.3555012772233	0.007410056230140568
1113.6845080364105	0.00704214926607656
1083.005887821536	0.006686617575553492
1053.282848386893	0.006344734355755316
1024.470800728479	0.0060535356187479865
996.4454787002775	0.0058744427733116765
969.202031672365	0.005497178783803622
942.7861107100716	0.005121536332669144
917.172426761121	0.0047493227370996845
892.3356907732319	0.004382625302834425
868.2506136941282	0.004023835260209898
844.8919064715291	0.0036756730344465784
822.2342800531578	0.0033412149724485985
800.2448398891995	0.0030672828717663867
778.8763250863824	0.0029893312068391804
758.1018864690334	0.002800044142331173
737.8927232854097	0.002452493484282714
718.274327520267	0.0021027015925265476
699.2290221274254	0.0017537584116905879
680.739130060706	0.0014091574979502085
662.786974273929	0.00107282505233014
645.3548777209156	0.0007491503705423045
628.416199847481	0.000506520362420044
611.9467796821577	0.0004019652299860863
595.9471581073949	0.00031427677697476073
580.3770714975577	0.00012138203239584932
565.2198862394124	0.00019925704886380197
550.4900571014053	0.0005228432363873287
536.1750148764589	0.0008450512231941896
522.2621903574999	0.0011610515275777757
508.73901433745084	0.0014654776710944842
495.58197292090495	0.0016565996874393486
482.7846870062651	0.001776590013508867
470.3416919036043	0.0018802611678611525
458.2417806451182	0.0019738160160273016
446.45505744810947	0.0021709181236334012
434.9747456173417	0.0024600080302327448
423.80722822202006	0.002749372868429798
412.94340532574506	0.0030334170245902388
402.37237219126143	0.0032869724808772087
392.0778269620249	0.0034244425681708786
382.060866292132	0.003543864471696049
372.3133432935105	0.003648508069831157
362.82711107808905	0.0037419020119755
353.59402275779576	0.0038278392618579676
344.5896509239484	0.004026077002009558



