833.3465625867627	0.0009144144891266137
798.0391438805971	0.0013768110965157257
764.4065640519972	0.0018499990400206818
732.338238128239	0.0021834830404939515
701.737454396143	0.0022881474283133647
672.529086679071	0.0024956083665303975
644.596696620787	0.0030057565812843866
617.9479179360409	0.0035460802770037807
592.5198241434671	0.004095027809299685
568.2215856468812	0.004416934794736871
545.01396383664	0.004642640923405779
522.8430242837483	0.004904123295979681
501.6005734068266	0.005491108748514908
481.3027934780064	0.006108035674557393
461.9022921943316	0.006708697158720203
443.33370664501524	0.00706961990209348
425.58067132062706	0.007413546656944862
408.60332068507626	0.007759741626028923
392.3197641479219	0.008383724339028252
376.7324019601319	0.009073089022583523
361.80671114684037	0.009671114722594765
347.5103387709031	0.010138116609552588
333.8245875847431	0.01059572855314666
320.72066447451516	0.01105658033449742
308.1494304975456	0.011686257690393035
296.0919825187899	0.012440151791117637
284.5274416046049	0.01304215436276994
273.44333383164167	0.013607867187725458
262.82052805833166	0.014169995193546102
252.63795741432241	0.014735625176217102
242.86692588349078	0.015382139265746922
233.47620896473012	0.016146364357718473
224.46171944023294	0.016805243667549114
215.8141320192104	0.017462471279446362
207.5178589520275	0.018120356507940083
199.55731248904982	0.018781248890888873
191.91602281573697	0.019457308504136236
184.55856657583456	0.020209038411698663
177.49306322575057	0.020947573804036414
170.70876605745866	0.021690452300465693
164.19398965815026	0.0224360465909142
157.9370486150172	0.023182200187537083
151.92398614276618	0.023870639448216848
146.13414632255353	0.024639698971362138
140.56813510110933	0.02544673461130403
135.2191164767651	0.026260098626340482
130.07822421107502	0.027074694024552863
125.13568033717912	0.02785810811624943
120.38154062626124	0.028568309525321193
115.80442240250576	0.029374279446777993
111.39986216319147	0.030236748262101404
107.16377734339105	0.03110375245801381
103.08886185279383	0.031949759535938344
99.16725668164113	0.03272610530600883
95.39438265796278	0.033496761524374016
91.76050780166415	0.03434090172349539
88.26117923965073	0.03523689848432055
84.89283061742603	0.03610883639450495
81.64980035217681	0.03692768975604913
78.52820938494841	0.037736768012077086
75.52315271635638	0.03853983834587548
72.62704793889395	0.039406036991008406
69.83612133438405	0.040267964878280986
67.14805614681887	0.04109958078487713
64.55937477913027	0.041918744377298395
62.06619897896011	0.0427247986784646
59.664539900349	0.0435108655123628
57.34764784774429	0.044320210955506575
55.1150194153726	0.04512742413684403
52.963918835104465	0.04591741240733314
50.891229334196886	0.046685120980947445
48.89340679182918	0.04739779130776348
46.9673995746052	0.04809748092215988
45.109426271489866	0.0488255341866881
43.31844045164793	0.04952434810435226
41.59161031850043	0.05016367021050271
39.92676427917513	0.05075801327879084
38.321542880139205	0.05130956994694506
36.772419772495184	0.05185947175096273
35.27792879039153	0.05235321705792281
33.8365220117068	0.05278807908937552
32.44619063879895	0.05315684674384565
31.10485922193276	0.0534455996121235
29.81001069526716	0.05367722042955856
28.56005894323665	0.053839763760368774
27.353676942740687	0.05389802624941492
26.18914720040914	0.053835476262186197
25.06481164537165	0.0536404999108674
23.97859890681391	0.05332018524186971
22.929060566828465	0.052846354718305025
21.91490535564034	0.05217392564746437
20.93466928554287	0.051281207977336034
19.986677580336156	0.050120767787559424
19.068941269558486	0.04867508177486773
18.18021413846899	0.04686643882403458
17.318676507892263	0.044588411974514366
16.482545784230247	0.041750417997367804
15.669213848249067	0.038175543624183024
14.875663419735027	0.03360612640637564
14.098305768748622	0.027642994439435912
