2039.3723806336316	0.03527371786488399
1961.1344303097458	0.035977993817675996
1886.1622635333056	0.036218028302357576
1814.5059236785428	0.0364468543217375
1746.0169917203775	0.03666758006230907
1680.5470486337254	0.03688367699014511
1617.9476753935055	0.03709897357655822
1558.070452974634	0.03731764443239616
1500.638168201379	0.03773761244389445
1445.3229071818891	0.038051469718147095
1392.3449694574556	0.03836454123213464
1341.6057836961238	0.03867736354169192
1293.0067785659428	0.038990395238501584
1246.449382734957	0.03930398364573333
1201.835024871215	0.0396183271884631
1159.0651336427616	0.03993343320628158
1117.7965654473169	0.0402641114247224
1078.1384224043384	0.04065478810443331
1040.0855542909867	0.04105295060106545
1003.5717343038722	0.04145698596355642
968.5307356396083	0.04186486513710808
934.8963314948058	0.04227408978852137
902.602295066078	0.042681634862265824
871.5437869174223	0.04288959606694445
841.5343367207772	0.0433258621972419
812.6826034906769	0.0438014142493357
784.9514189662939	0.04428988495108044
758.2958425621823	0.04478772058893608
732.6709336928984	0.04529069712361691
708.0317517729961	0.04579385453160431
684.3278065729121	0.046256518923534246
661.4769376637598	0.04642718305600791
639.3939805580128	0.04695078238837363
618.1310884194675	0.047514125760158975
597.6622998155649	0.04809383241730545
577.9567449477374	0.048684706908310386
558.9835540174157	0.04928070127513056
540.711857226032	0.04987484206869932
523.0899326304285	0.0502914137477755
506.0969149054322	0.050588925562665706
489.66631509490946	0.05115479508715876
473.8153224576553	0.051805388391772456
458.5348113511204	0.05247465078076106
443.803340916395	0.05315605809009856
429.59947029456833	0.0538421081880075
415.8998865574489	0.05450570087004544
402.6640076392056	0.05494028007448016
389.8940665414346	0.0553644923493709
377.54621317978194	0.05595280294209391
365.608958102874	0.056688017629067694
354.0866923534174	0.057443250545196126
342.9643320015186	0.05821092423028524
332.22679311728314	0.058982400886962834
321.8503827985362	0.05964052722780319
311.82208809960366	0.060191637862204016
302.13600189167073	0.06073711834937297
292.77163559525286	0.061345388343590115
283.6999833567369	0.06216168137805648
274.9336225328751	0.06299877356582739
266.4618140323764	0.06384824457160759
258.2736211843544	0.06469756233726207
250.34777878567434	0.06537158602701093
242.6855089686103	0.06603607635523775
235.2772650692365	0.06669862185962992
228.11350042362858	0.06736759130532205
221.1667737202763	0.06823253871412681
214.4439971123855	0.06914753972053507
207.94040050240207	0.07007426514347712
201.64397114264025	0.07092197226933468
195.54835720082087	0.07169964297906244
189.65001789362714	0.07247352150467501
183.94204501092085	0.0732484429937978
178.4175303425634	0.07402968954729361
173.0626665577419	0.07490853165934976
167.87046570631355	0.07589880859313414
162.84180174740558	0.07687523816698055
157.9679614277403	0.07775374492544786
153.24812468771583	0.07863036916245549
148.67722962448445	0.07950745189155986
144.25021433519893	0.0803875184307991
139.96201691701125	0.08127327805580846
135.80634470628587	0.08218628091501105
131.77078534058631	0.08324522974946469
127.85638573833296	0.08421385923709182
124.06272216454046	0.08518106713595694
120.38617159776547	0.08615113332840998
116.8229731332689	0.08712456602607317
113.36936586631278	0.08810185057314182
110.02158889215809	0.0890834380755344
106.77588130606658	0.0900697327678901
103.62055525516121	0.09109468145294329
100.55920199169994	0.09213880052877756
97.59039245989041	0.09318942103093268
94.7112904684927	0.09424555480839443
91.9190598262667	0.09530603531841284
89.2108643419725	0.0963694986455714
86.58384109502191	0.09743332471926594
84.0334873828331	0.0984292484070037
81.55579488021476	0.09950086825755505
79.14993061915393	0.10061981889790554
