12312.041923422734	0.030042348570012492
11904.43631509101	0.028742123780591197
11513.175355996864	0.027368914731200684
11137.596649567738	0.02594454487804703
10777.037799231115	0.02449422894920566
10430.836408414447	0.02304679402416881
10098.002449746582	0.021813073812161868
9776.76515308641	0.021467418269918794
9468.022386191691	0.02122361348079381
9171.229220147814	0.02105294775399932
8885.84072604015	0.02092291943899173
8609.519408521955	0.020059620722225245
8342.869064529652	0.018844245363026833
8086.2169305437865	0.017586594879961413
7839.164215391749	0.016309129347876344
7601.312127900914	0.01503729834356801
7371.758108191851	0.014167536580353675
7149.997766945442	0.013843027983786543
6936.334085133728	0.01359707741824777
6730.437865006757	0.013409093660706653
6531.9799088145965	0.013255945612829527
6340.137715019648	0.012843122310228515
6153.9832029138415	0.01178465381938735
5974.379322757433	0.010683969376976556
5801.08251072311	0.00956028883308985
5633.849202983545	0.008435280258951973
5472.174778104567	0.00758503101711664
5315.6212331814	0.007249925567175671
5164.453042142312	0.006979931440455214
5018.4684543253215	0.00676112593058676
4877.465719068463	0.006577936866000083
4741.243085709758	0.006413070612884117
4609.103266245939	0.005886158895554251
4480.830401467193	0.004937551428516724
4356.801189441985	0.003958096321217413
4236.864613113476	0.0029656743895116865
4120.869655424819	0.0019802610677734783
4008.213442856707	0.001606748696007685
3899.205109548142	0.001306187169396369
3793.733274605559	0.0010518190884471971
3691.672362438545	0.0008336920815860023
3592.8967974566945	0.0006407756204934712
3497.281004069594	0.00046091835268427566
3404.516571311595	0.00010519045979509729
3314.1943858868667	0.0007329450609391771
3226.69078445901	0.0015971840718450665
3141.910673235143	0.002471413384162377
3059.6610026937315	0.0031753464745784598
2979.74574194442	0.003505650564741952
2902.288388299814	0.0037958776981051935
2827.209532063234	0.0040519895350500015
2754.4297635380144	0.004280587927253759
2683.869673027483	0.004488938686724126
2615.4498508349716	0.004684994965113852
2549.0908872638074	0.004877420434990309
2484.4034942355106	0.005471459477477479
2421.5187723364143	0.006229793123305849
2360.4871116681106	0.00699930847670901
2301.155248213524	0.0075647721331636554
2243.456346144095	0.00788146425745742
2187.441905624978	0.008168894700312616
2133.0608855614346	0.00843070505669136
2080.2622448587354	0.008670899872312688
2028.9949424221409	0.008893857935903958
1979.2079371569198	0.009104343169874154
1930.8501879683347	0.009307515193248109
1883.8706537616533	0.009508939667275576
1837.9725869715248	0.010126162691000902
1793.335192032501	0.010798794021112166
1749.8839198974656	0.011305680064330031
1707.5756396386919	0.011610412348597193
1666.4431835884634	0.011894674603267048
1626.4531660691391	0.01216036485567252
1587.5722014030807	0.012409550694763714
1549.7669039126479	0.01264447237572788
1513.003887920202	0.012867545528375018
1477.2497677481024	0.013081363484883028
1442.4711577187109	0.013288699255150258
1408.6346721543864	0.013492507192197998
1375.5578041613803	0.014019421533557256
1343.3036497849816	0.014493985607902668
1311.8560469097313	0.01478208722867964
1281.2426211718032	0.01505713138743012
1251.4411609745473	0.015319759118270927
1222.4294547213049	0.015570649389173569
1194.185290815426	0.015810516917489047
1166.6864576602516	0.0160401096057052
1139.9107436591319	0.016260205587987787
1113.8359372154086	0.016471609879784483
1088.4398267324298	0.016675150624296028
1063.7002006135394	0.016871674930955795
1039.5074301202721	0.017189974558509073
1015.8507804577506	0.017451732714007462
992.7946862536058	0.01770690693905306
970.3240932812334	0.017955267942181784
948.4239473140308	0.01819653673916537
927.079194125394	0.01843037908898727
906.2747794887202	0.018656399567358616
885.9956491774058	0.018874135260065983
866.2267489648473	0.019083049055402757



