10478.349260399682	0.0065528091729796945
10135.887050912108	0.00490363743142698
9807.348685801546	0.0032225640452808934
9492.121552653107	0.0015333555160867156
9189.593039051917	0.0001370128125359397
8898.451230281538	0.0013315329669184946
8617.583338619503	0.001663001428182159
8347.70977355227	0.0018878955110815108
8088.330301158478	0.0020447842704196745
7837.287664418288	0.0029243436123127403
7594.717831597879	0.0043453181822295465
7361.343990178397	0.005820205199386277
7136.80983620301	0.007332152231778166
6920.759065714872	0.00886193953860021
6712.835374757155	0.010387843407396203
6512.682459373009	0.011885498595819511
6318.783856540063	0.012353381765341448
6131.934149670464	0.01267260798396316
5951.901521464006	0.012918131774451468
5778.394301577572	0.013119299423292468
5610.050394267404	0.01396525224810311
5447.020246526819	0.015267463673741294
5289.757110169363	0.0166173230807445
5138.0512387736835	0.018000105047922176
4991.692885918448	0.01939916628273362
4850.472305182306	0.020795841180342143
4714.153047047941	0.022139870022639844
4581.802262555135	0.022586572601410754
4453.992872364774	0.02295311504742638
4330.552748704701	0.023258194299680738
4211.309763802774	0.023522718494772735
4096.0380807710035	0.023813843062631086
3983.575274643902	0.024991456829861602
3874.8338155759784	0.026217471601877207
3769.688693699486	0.027479790072240412
3668.014899146685	0.028764796361098577
3569.6874220498285	0.0300572759054267
3474.581252541177	0.03134033471286407
3382.2556020859174	0.03212102272713906
3292.7309166535315	0.03256708323565472
3206.085315339776	0.03295633155227052
3122.215884615432	0.033302828189803436
3041.0197109512756	0.03362215298460474
2962.3938808180874	0.03393146726752653
2885.5917401198885	0.034974359993101355
2811.117463285028	0.03612350652468681
2738.9525161919432	0.037305584556970514
2669.0214093066843	0.0385086393769894
2601.24865309528	0.039719402419132195
2535.558758023779	0.040923228184737884
2471.6265952202384	0.04160287744142455
2409.5661937039768	0.04209464043044511
2349.3838594912786	0.04254202889018865
2291.017265436614	0.042954948431313644
2234.4040843944485	0.04334431689648623
2179.4819892192522	0.04372210351347082
2126.0751561474835	0.04426997101521836
2073.9037275292358	0.04534400221672256
2023.2538976301782	0.04645234359295866
1974.0794475355624	0.04758496656524448
1926.334158330638	0.048730781428553104
1879.971811100653	0.04987758807549551
1834.8397807844228	0.050731023604103566
1790.903516635714	0.05128912437784769
1748.2226102464276	0.05181067866021668
1706.7587663090637	0.05230229642512186
1666.4736895161286	0.05277124247065151
1627.3290845601227	0.05322546071363082
1589.286656133552	0.05367359842152211
1552.2834602739347	0.054173653658251976
1516.044730924821	0.055215302805891556
1480.8022422775362	0.05628735644593934
1446.5272944057467	0.05738080591283334
1413.1911873831218	0.05848575276242297
1380.7652212833284	0.059591369573640064
1349.1041132855426	0.060277989440724496
1318.284686089628	0.06088385968651167
1288.2979120634823	0.061463961806348236
1259.1199247478687	0.06202285253845951
1230.7268576835522	0.06256550959688094
1203.094844411293	0.06309734618322532
1176.2000184718588	0.06362422543591639
1150.018513406009	0.06415247490866635
1124.4419551685519	0.06491134251433604
1099.4334881573654	0.06595646419092287
1075.074381269857	0.06702364672507792
1051.3465443564744	0.0681042996277631
1028.2318872676715	0.06918906158162379
1005.6327099654632	0.06990412326456359
983.6077570357402	0.07057454874210081
962.1472497171235	0.07122685425991493
941.236087761418	0.07186397896517888
920.8591709204275	0.07248911889534948
901.0013989459561	0.0731057352142768
881.6476715898077	0.07371756237995533
862.7828886037869	0.07432861628497682
844.3919497396971	0.07494320242565827
826.4096660668522	0.0757391530610016
808.8037697565296	0.07679182200269939
791.6310151365379	0.0778620475860624



