12723.114003280622	0.011372249635823234
12321.524768308966	0.013124469324652508
11936.23299837187	0.014863200768063625
11566.454583230196	0.016567644870194232
11210.177147194554	0.017613315130938306
10866.000426914572	0.01761073294017954
10535.157347321994	0.01749515610622989
10213.580535517687	0.01854058810202774
9903.106640760907	0.020008486888028188
9604.363921933505	0.02152330288054839
9316.918684725177	0.023074985753671912
9040.33723482562	0.024651998040486456
8774.185877924541	0.026241230199988187
8518.030919711631	0.027827916633043882
8271.438665876598	0.029395552230510175
8033.975422109132	0.030925808657018425
7803.526391415939	0.031244191701899387
7581.137059978033	0.03127731736281716
7366.709323680819	0.031230538710347186
7157.754860403909	0.032198774908638324
6955.454768532159	0.03353412159809049
6760.225080783292	0.03491270850872327
6571.823495075632	0.03632603746427475
6390.007709327492	0.03776444408645965
6214.535421457198	0.03921703544794997
6045.16432938306	0.04067162825261247
5881.652131023406	0.04211468730269236
5723.756524296547	0.04353126380171711
5570.495174721722	0.0442093019313503
5421.916019825733	0.04435755810598411
5278.288908951567	0.0444287661491569
5139.417066747947	0.04445081162041784
5003.436543707289	0.04559843817187615
4871.784957458237	0.046840803968764076
4744.3994416598425	0.04812179924886257
4621.143167385013	0.049433951554499984
4501.879305706644	0.050768853404708304
4386.471027697645	0.05211711612226277
4274.781504430913	0.053468323927121836
4166.673906979353	0.05481098812740428
4062.011406415864	0.05613250111409793
3960.1830393180785	0.05680718144912927
3861.2553542473815	0.0570452735167221
3765.3976326068555	0.057218455089553984
3672.4985131607896	0.05734654803307827
3582.077660968966	0.05779533849193246
3493.6803791121956	0.05893971705140984
3407.9431084227335	0.06012312117025152
3324.787676651331	0.06133951151022522
3244.135911548763	0.062582121951375
3165.9096408657824	0.06384342503890587
3090.030692353159	0.06511509759965424
3016.420893761652	0.06638798645881056
2945.002072842029	0.0676520741212831
2875.6960573450497	0.0688964442039911
2807.987254181833	0.06933330084672208
2742.209065632792	0.06964467599693899
2678.3335327999475	0.06990585969163454
2616.2968863367164	0.07013129485747459
2556.03535689652	0.07033677070163627
2496.865901824851	0.07134188656891204
2439.2958542853967	0.07246071170865485
2383.3401653585843	0.07361185354069301
2328.953631644852	0.07478965713217609
2276.0910497446466	0.07598786574308213
2224.707216258407	0.07719959499268246
2174.7569277865787	0.07841730708761231
2126.194980929602	0.07963278503944397
2078.976172287922	0.08083710675571099
2032.8993800143514	0.08164825787672085
1987.936276647787	0.0820738671510646
1944.1914084907335	0.08245400422244924
1901.6278041058247	0.08279851166811487
1860.2084920556981	0.0831181229261584
1819.896500902988	0.08342449272569882
1780.362443584717	0.08424520427229182
1741.732444945877	0.085331604841978
1704.1138391384186	0.08644822421476119
1667.4801544410125	0.08759016086171169
1631.8049191323328	0.08875202807074747
1597.0616614910468	0.08992793442459486
1563.2239097958318	0.0911114643084141
1530.2651923253547	0.09229565840154799
1498.1590373582917	0.09347299408141738
1466.7937145304272	0.0943609252374031
1436.1270239780538	0.09488318351561771
1406.2394009330142	0.09536859658117176
1377.1091327414752	0.09582404071593739
1348.7145067495967	0.09625698598782567
1321.0338103035433	0.09667551562909599
1294.0453307494768	0.09708834541818376
1267.5438474227076	0.09794372817423802
1241.6094005784742	0.09902829333501174
1216.310657185418	0.10013992610736806
1191.63190569014	0.10127423303397103
1167.5574345392429	0.10242642227976725
1144.0715321793273	0.10359128880358015
1121.1584870569961	0.10476319953814316
1098.8025876188506	0.10593607854458315
1076.988122311492	0.10710339209043818



