3619.526920886955	0.060352749413678006
3484.6390622307986	0.05941171430031633
3355.672519693196	0.05850957298308362
3232.3420572734285	0.057636131898969774
3114.3624389707866	0.05677984640218525
3001.3355175416373	0.05580819064744513
2892.541216861136	0.054368642671656024
2788.054407571705	0.053411201659368045
2687.9483151630184	0.052487564144011324
2592.0356968943343	0.051593153263330936
2500.1293100249077	0.05072279701132343
2412.041911813997	0.04987071734175276
2327.5862595208628	0.04903052269939717
2246.430841801971	0.04799662972312193
2168.111973184028	0.04693884337347947
2092.873850660634	0.046026338958673585
2020.6479979705657	0.045132868457567525
1951.3100755296707	0.044256632858908664
1884.735743753801	0.04339571155150174
1820.8006630588038	0.04254808006351713
1759.3804938605306	0.04171163103332064
1700.2447967014712	0.040809078326788685
1643.06050844014	0.039905967811406005
1588.0665840199558	0.03901025676446487
1535.179551828948	0.038122294284851664
1484.3159402551419	0.03724261933112805
1435.3922776865672	0.0363719936390477
1388.3250925112493	0.035511437533063815
1343.0309131172178	0.0346622688265399
1299.3726409567807	0.03398164908189909
1257.0875732068398	0.033084047934229026
1216.3558924300576	0.032182859359146346
1177.1208822151852	0.03128008270099305
1139.325826150976	0.030378142316745127
1102.9140078261796	0.029479931932976943
1067.8287108295492	0.028588861646181567
1034.0132187498348	0.02770890783098481
1001.3647976111246	0.02705968699260431
969.7734656875565	0.026292128707483212
939.2491070256747	0.025369754629887244
909.802876726516	0.024437729816971974
881.3957938240271	0.023499804461803577
853.9888773521527	0.022560353541079388
827.5431463448386	0.02162442938939675
802.01961983603	0.02069781691803537
777.3412141811575	0.020010836921238864
753.496584174355	0.019365584832002316
730.3827496434444	0.018405528416726716
708.0554754564307	0.017428095571280857
686.4876033031045	0.01643802667620212
665.6519748732501	0.015440792359577965
645.5214318566559	0.014442648903934131
626.0688159431086	0.013450696017446575
607.2369589972797	0.012692699470834883
589.0298904965603	0.011961059330490123
571.4001261309002	0.011111049792346816
554.3144955773436	0.01007303595859048
537.7901089689583	0.009015614852015755
521.8078283307719	0.007944950852670515
506.3485156878136	0.006868052939932837
491.39140064090395	0.005807250030538549
476.8990032197979	0.004938885686815659
462.87449993997694	0.004079603806066662
449.3009022512484	0.0032184785744262872
436.1325650927142	0.0021765239794176183
423.37017119647055	0.0010334502237369057
411.0132523672446	0.00012904882423957385
399.04812425836053	0.0013034972656152332
387.4573470382751	0.002440660265003063
376.22005086096647	0.0034478402722602137
365.33541045430616	0.004452214306327297
354.79124678267954	0.00546130443868721
344.57538081047096	0.006483319941904938
334.64894626536653	0.007721714998474829
325.02656357983267	0.009000397646513864
315.7003371478027	0.010297264130663628
306.65513681706716	0.011534095696336491
297.8816507844092	0.012704027040859042
289.3762420496323	0.013879012006297807
281.13006832585415	0.01506386110410728
273.13428732619116	0.01626377692119464
265.3763792217755	0.017516879333777765
257.835445794807	0.01894068047950549
250.52026107586937	0.020388617448226058
243.41731354376023	0.02175092512641648
236.52535365713928	0.023110095340844426
229.8387859504761	0.024483227204090813
223.35109841888385	0.025873130030786052
217.05577905747373	0.027282791204293354
210.9463158613583	0.02871538024155643
205.00952983845096	0.03024702754128311
199.23719356202938	0.03184577104684666
193.63013854172578	0.033411234673792485
188.18645535272108	0.03499970877155543
182.901275683795	0.036612343003328204
177.76973122372777	0.03825029658982606
172.78695366129918	0.03991473573102184
167.94807468528938	0.04160683133512796
163.24782171103288	0.043318695731460174
158.6705640961374	0.04510256741670411



