5236.713362658355	0.15721012303274484
5029.599600936599	0.15692116099231643
4831.550276084921	0.15672288713655766
4642.2752021497345	0.1565175355712588
4461.380835756295	0.1563161420167824
4288.473633529843	0.15613216529804574
4123.160052095633	0.15598176364505242
3964.841604186333	0.15615847283670584
3813.2848667371986	0.15645938507115115
3667.7495994930814	0.15636594164122755
3528.429344232359	0.15626749612769117
3395.0465109321667	0.15617877293036628
3267.3235095696446	0.15611732647771132
3144.84173769082	0.15633828283405884
3027.4411010134054	0.15668877639712295
2914.7588206150003	0.1568894632089604
2806.551377043221	0.15688985142794937
2702.8030501082335	0.15689166083655162
2603.3157026683143	0.15691342172422137
2507.79609499686	0.15717214711868696
2416.118677140841	0.15755943485035107
2328.145849087055	0.15797684267184944
2243.4985949478078	0.15812848555545136
2162.1927575017125	0.15822339130157442
2084.1241993036238	0.15833024828882683
2009.0869537181081	0.15863054151767347
1936.9811148346207	0.1590543542277239
1867.7105253230952	0.1595110819109711
1801.12039541756	0.15993902256852666
1736.9736424227654	0.16013118449693067
1675.3072070545104	0.16032770653351344
1615.9737424943585	0.16068373131614794
1558.8961405583268	0.16115160237303428
1504.0048762613865	0.16165153281746128
1451.2069447577478	0.16217285204935275
1400.3545850850528	0.16259318475472742
1351.3509064184273	0.16288117434702593
1304.1536431915567	0.16330592950439285
1258.7069588894474	0.1638227169999765
1214.9580537696438	0.16436816659671105
1172.8381884499272	0.16493656579954105
1132.2786235480824	0.16552181488814557
1093.1480976083378	0.16596062112680426
1055.4019656908597	0.1664712523192075
1019.0257057067457	0.1670464012587524
983.9765946406446	0.16764562845538453
950.2032040168115	0.16826710139951156
917.6541053595099	0.16890910064845452
886.2750113724521	0.16956148280610236
855.9400713850956	0.17017511322635745
826.6855742009111	0.17081948031224925
798.4748783565306	0.1714831195042915
771.2690438266984	0.17216733730081846
745.0291305861609	0.17287395452155346
719.7132145008811	0.17362474079502185
695.2549356424832	0.1744308815933643
671.626469663041	0.17515655441150527
648.823701072786	0.17589721094931188
626.8168177887197	0.17665674018756403
605.5760077278453	0.17743987062119773
585.0646121763613	0.17830581511697116
565.2559013446355	0.1792415004416954
546.1031700789956	0.18008309580828083
527.6016085035856	0.18091224380518817
509.7336585699908	0.1817598625899324
492.4752155656277	0.1826424355366551
475.7968591188577	0.1836288733856047
459.68485982561356	0.1846446332198866
444.11074975252257	0.18564308961276277
429.0471299649861	0.18657845436848383
414.49026223538567	0.1875349978577045
400.4169664307114	0.18857817969144525
386.8142514245843	0.18966660461283633
373.6664683149295	0.19078467904350307
360.9568630693523	0.1919283852816126
348.65411704366846	0.1929980752127428
336.75474088087196	0.19413091611160946
325.2476360761451	0.195311744053067
314.1206596948068	0.19652541315992764
303.36046258782653	0.19777196823769783
292.9536956061718	0.199051744864674
282.8765939782068	0.2003410025142137
273.1248929096031	0.20164884253532225
263.6912539058512	0.20299224565288684
254.56489135977725	0.20437458857553883
245.73468447306203	0.20580554185615793
237.18851158950727	0.20731355770001372
228.91284416097972	0.20881562713673216
220.901130377509	0.21033526299349764
213.14711696178745	0.21190195223777478
205.6409495624876	0.213543445468144
198.37478560063008	0.21525053514016235
191.3407125592184	0.21701438527002162
184.52598439193372	0.21878701172730727
177.92587213292103	0.22062138534513748
171.53446597741825	0.2225367172968342
165.3453075442934	0.22452692862965778
159.351449241437	0.22659702498012496
153.54508598998075	0.2287550733428983
147.91684455117002	0.2309666860703892



