1687.165827680229	0.03591592507602888
1616.6842366672236	0.03613594187045108
1549.4821035512252	0.0363079789149727
1485.4066949753285	0.03644764339578091
1424.3052775826325	0.03657405230658469
1366.0101169395912	0.03676063481608239
1310.308464845858	0.03725050696653028
1257.1427406169144	0.03776138360736956
1206.2284293031255	0.03793097911056326
1157.5840016158	0.03802820369080212
1111.1202133212835	0.038113600011260566
1066.698312812512	0.03834149580407461
1024.2108570768512	0.03875281956035027
983.5973214756904	0.03917927395213905
944.681534405137	0.03937524615087141
907.4207397700322	0.03943576867323673
871.7765936961596	0.03948543681565374
837.6372308458751	0.03973305783118347
804.9540787996451	0.04007056951627195
773.6702871339176	0.04041957697048827
743.6839410359901	0.0406490351386569
714.9128883656402	0.04067858395787746
687.3514686745016	0.04070373798186149
660.9133083256924	0.04095303103540189
635.5800245015299	0.041222666307005405
611.3017517347067	0.04150122663289978
588.0249447834085	0.04176065525386426
565.6489888090034	0.04176698783633627
544.1801182998546	0.04182549790542697
523.5711478760701	0.042021635476738727
503.80101699840674	0.04223118005738041
484.83316496960174	0.04244766728454699
466.63103109239296	0.042664047056442944
449.12845581147144	0.0427169041916247
432.2994360024453	0.04280986786060426
416.13406160274883	0.04296421057621913
400.61061089648217	0.04312700487929894
385.70199570621213	0.0432959008375172
371.3811278545046	0.04346856447892789
357.6092009586662	0.04358750091337659
344.3431376003934	0.04370872399189443
331.59225571780416	0.04383395838925505
319.336255814797	0.04396411019989069
307.55483839527136	0.044100534299192244
296.2277039631257	0.044245118671411524
285.3290438012898	0.04446646648662278
274.82180231883933	0.04457978527913859
264.7140584103156	0.04469303092014568
254.99040799721791	0.04480994839884191
245.63544700104814	0.044935131576814155
236.63251810989004	0.04509519599447041
227.9631986902931	0.04535135367636767
219.60686512069395	0.04550663826469344
211.55841200156755	0.045624590235007034
203.8098373945793	0.04574791417489812
196.34931719917213	0.04588466379548435
189.16111178333497	0.04612451911669957
182.23810126526246	0.0463869111248998
175.5638801516436	0.046591977267015736
169.12936763380935	0.04674421178748463
162.93026502838484	0.04690867961595633
156.95488547697752	0.04715727210150694
151.1967897921807	0.047440827780584914
145.6479373697657	0.047744743555472154
140.29660761787542	0.048018353337894115
135.133919352014	0.04824601228388306
130.1550417998668	0.04855222038561451
125.35504041848773	0.048890483830512754
120.72737602893605	0.04925665595820291
116.26537228721452	0.049650538014428834
111.95967213223001	0.05004200025800031
107.8027646267851	0.050452444263210834
103.79339422793957	0.05089581295201188
99.92621952875105	0.0513755779506567
96.1958991222769	0.051895858810102856
92.59640446475649	0.052487663857632275
89.12067319304738	0.053089955418348406
85.76532730310748	0.05370567685090301
82.52751935388207	0.05437088800219826
79.40265561800695	0.05510588346622938
76.38634880550953	0.05592453479621435
73.47497245629968	0.05680741095783483
70.66196861228349	0.05769493467006255
67.945992557674	0.05865877192251223
65.32354036809211	0.059721714239939674
62.79155876048259	0.06087462273881929
60.34668028746867	0.06212413824820264
57.98449051446403	0.063462237227951
55.701820735331275	0.0648947924583056
53.49698880455706	0.06645206655715483
51.36716476141098	0.068148161560868
49.30937571291368	0.07000806652061806
47.32072756426972	0.07202644743498408
45.3978279503186	0.07419401161780564
43.539231744212515	0.07657040243972145
41.742545457220494	0.07918055611793252
40.00538777332006	0.08205125464524742
38.3252125572164	0.08520486218426117
36.699063118386114	0.08866000091317319
35.12546599491383	0.0924962510572529
