6381.391559944992	0.010967179282808654
6164.975481361675	0.009323628253585141
5956.712059368556	0.0084570617379599
5756.738753251736	0.007933106316623834
5564.941343946708	0.007494736918229414
5380.939078831492	0.00711096357296447
5204.153076707066	0.0066172676593630585
5033.097334145072	0.005218157350028857
4868.793748640307	0.003761550212033119
4710.961670544451	0.0022741261838807184
4559.320450209182	0.0007863620293551596
4413.150019814963	0.00014948747204997697
4272.376992575749	0.0006988763037409357
4137.026910988188	0.001174789519829754
4006.867763005126	0.0015984100244278332
3881.667536579397	0.001993664257285708
3760.818430307278	0.0027175140552326807
3643.882854224215	0.0040144519966395075
3531.284522934484	0.0053536834038282145
3422.8506996980373	0.006710506735555724
3318.326114270447	0.007930254166906662
3217.257314669975	0.00852695602252396
3119.8668333372025	0.009058451256642347
3026.011411252056	0.00953841787576333
2935.547789394471	0.009982284647247573
2848.332708744374	0.010407313162103386
2764.0670185040353	0.011013918263386512
2682.298596519083	0.012207188901318784
2603.3889248824185	0.013436818151986793
2527.230201385213	0.01468085766885224
2453.5841922831482	0.015649767941594495
2382.31860135649	0.01624309730190803
2313.5051814371736	0.016788332895369764
2247.0541990354586	0.01729489259718244
2182.8759206616005	0.017773319522723707
2120.8806128258584	0.01823533052879996
2060.978542038486	0.01869386443979643
2002.7756288032808	0.019636617204841784
1946.3989043152815	0.02077003764586932
1891.8815307630425	0.021921395819765075
1839.0677406722255	0.02283761996515725
1787.8791001516859	0.023449219079679343
1738.360701809999	0.024025135313201638
1690.4555164653834	0.024571375065931166
1644.1065149360534	0.025094623211604584
1599.2566680402283	0.02560226960040414
1555.8489465961188	0.026102435135769774
1513.8263214219483	0.026603997682207926
1472.8874735544987	0.027617457158023148
1433.2127692796191	0.028691637198468633
1394.7425461646644	0.0296574004693593
1357.3787240068668	0.030296455411630705
1321.174050365872	0.030910083976377307
1286.0917227514879	0.03150175537944427
1252.0949386735194	0.03207530825198363
1219.1468956417752	0.03263496290462798
1187.2107911660605	0.03318533313078215
1156.249822756183	0.03373143763631543
1126.2271879219486	0.03427871122917579
1096.9633752893978	0.03521342857898422
1068.5426934919024	0.03623828734919516
1040.8895336053924	0.03693085640352432
1014.0486247353756	0.0375835112981987
988.0013347971546	0.03822185631055632
962.7235320743112	0.038847727911736726
938.1910848504228	0.03946312553499321
914.3798614090712	0.0400702142295584
891.2657300338343	0.040671326904626846
868.8245590082935	0.041268966194442695
847.0322166160272	0.041865805991709214
825.8070015828	0.04266186319066277
805.1048623281597	0.04350466657826538
784.9613931800942	0.04419396869531421
765.3871901155444	0.04487675667534669
746.366170805447	0.04555352645093871
727.88225292074	0.046224792978688194
709.9193541323605	0.046891087127069624
692.4613921112459	0.04755295218792292
675.4922845283334	0.04821094000676079
658.9959490545613	0.048865606728113534
642.9563033608651	0.049517508152807525
627.3545233735189	0.05017068737217871
612.0733841086209	0.05089319057225061
597.2058990378307	0.05161708382214123
582.7411672023579	0.052342008299530944
568.6682876434165	0.05306753192047831
554.9763594022161	0.05379314266554845
541.6544815199702	0.05451824157966156
528.6917530378895	0.055242135434016744
516.0772729971861	0.0559640290341298
503.8001404390716	0.05668301715265015
491.84945440475803	0.057398076058624445
480.2013019807714	0.05799227002969398
468.8283486342043	0.058608679445571306
457.7249882642219	0.05938182331279506
446.9107604782307	0.060162293666058256
436.37814580242264	0.06094889955385197
426.1196247629906	0.06174029784481846
416.1276778861269	0.0625349837276223
406.3947856980237	0.06333128090665559



