15583.636132053865	0.011437504448466541
15099.761429957456	0.014192535829464033
14631.378822831812	0.016066305410247807
14178.950601628563	0.017373961448923638
13743.583100282915	0.018733593968913338
13324.700219500533	0.020139869543170125
12921.725859987113	0.021586434415117418
12534.083922448332	0.023065843287516593
12161.198307589879	0.024569488823007916
11802.492916117435	0.026087532089572874
11457.391648736679	0.0276088340184144
11125.31840615329	0.02912088772493252
10805.697089072964	0.030609751269973316
10497.951598201373	0.03205998010370094
10199.454954917099	0.03236001264551936
9910.9993484747	0.03215217624854516
9631.85123579936	0.032237422751003
9359.481993357353	0.033489763516137326
9096.635439629412	0.03478248379142441
8842.996567875982	0.03610950687290022
8598.250371357524	0.037463850142168624
8362.081843334483	0.03883757342961105
8134.175977067323	0.04022172796558731
7914.217765816487	0.041606305883193466
7701.89220284244	0.042980190095673936
7496.884281405626	0.0443311042000876
7298.805095329241	0.04559165741462493
7105.775671665993	0.045573401240716585
6919.165481363116	0.045459371523107556
6738.639810952248	0.04532199183374738
6561.597772604299	0.04645620363327387
6390.269487262392	0.04762946272866651
6224.480742646692	0.0488366320621931
6064.057326477367	0.05007185746530841
5908.825026474577	0.05132852928756332
5758.609630358489	0.052599244361054745
5613.236925849262	0.053875768291931886
5472.532700667067	0.055148997993974526
5336.32274253206	0.05640892428662856
5204.432839164413	0.0576445942694625
5076.107450248231	0.0582493976609334
4951.287898492419	0.05828963864201152
4830.308060381012	0.058260875167271145
4713.026636524404	0.05818588855025395
4597.869573254973	0.05915510566638204
4486.0460585010915	0.06024107756395613
4377.568516624569	0.06135939428339886
4272.3394312644505	0.06250500868467514
4170.261286059746	0.06367226950515273
4071.2365646495036	0.06485489294207866
3975.1677506727374	0.06604593442137421
3881.9573277684813	0.06723776050346361
3791.5077795757625	0.06842202082426184
3703.7215897336123	0.06958961990715658
3618.329269701532	0.07048981489613886
3534.925740103906	0.07065602072378707
3453.911329582074	0.07075982391714597
3375.206756004337	0.07081685763861964
3298.7327372389873	0.07084421902723571
3223.519673038628	0.07177696643264601
3150.33279219018	0.07280540963791511
3079.1780180432675	0.07386384627903167
3010.0000619631674	0.0749478130567554
2942.743635315148	0.07605235697519944
2877.353449464486	0.07717201400284826
2813.7742157764496	0.07830078783539596
2751.950645616316	0.07943212872585918
2691.8274503493526	0.0805589123159042
2633.349341340837	0.08167341836560577
2576.3796943145653	0.08261137862627928
2520.6211354728584	0.08288077571759082
2466.3515203439624	0.08309829968317721
2413.525786611951	0.08327490023021879
2362.0988719609013	0.08342250086168777
2311.989375444101	0.08360467343184529
2262.6368401494874	0.08457070851157497
2214.55823001564	0.08556738580458342
2167.721775479775	0.08659106658748944
2122.0957069791016	0.08763772729226384
2077.648254950836	0.0887029433649584
2034.3476498321863	0.08978187318628866
1992.1621220603713	0.09086924204309554
1951.0599020725977	0.09195932612295349
1911.0092203060844	0.09304593648449874
1871.9783071980387	0.09412240293348213
1833.8370057845611	0.09492376009256835
1796.499068929222	0.09528220892147307
1760.0922806451108	0.09560025985683236
1724.5906730347735	0.0958857238301017
1689.9682782007612	0.09614706397063325
1656.199128245623	0.09639341608204546
1623.1382406761732	0.09686307937985132
1590.633508935147	0.09782567767461127
1558.9119342925515	0.09881531601088103
1527.9550038373434	0.09982861198244976
1497.7442046584806	0.1008618626120751
1468.2610238449197	0.10191103211378248
1439.486948485619	0.10297173968815378
1411.4034656695353	0.10403924733768251
1383.9920624856259	0.10510844767802699



