14296.65884010485	0.01053275788489626
13840.300539506083	0.008413696546330078
13399.179655580527	0.00696588357317074
12973.694695492115	0.005861179457944871
12564.371691340266	0.0046707935752732365
12170.655407881295	0.0034034756541663895
11791.99060987155	0.002069707491793238
11427.82206206735	0.0006818298182434189
11077.59452922504	0.0007458308999266657
10740.752776100953	0.0021968359689942783
10416.741567451412	0.0036525082323412457
10105.005668032749	0.005091805626459623
9804.892020010197	0.006436761553098197
9514.039440448145	0.006623027754761673
9233.885559203249	0.006701880882794523
8963.97719701131	0.006705617161768972
8703.039368926646	0.007007650411144446
8449.394253415734	0.008192218128646194
8204.777366987044	0.009427278384369672
7968.867137593006	0.010700543111081708
7741.341993186063	0.011998024728787937
7521.880361718646	0.013303939584724204
7310.1606711432005	0.014600611019026181
7105.861349412157	0.015868371464526403
6907.520190934398	0.01620490489245105
6715.883192784734	0.01636213920814816
6530.803414463064	0.016449882763821824
6352.01759934855	0.016493104940397175
6178.374427239156	0.017018728180685488
6009.601746146434	0.018100676215561166
5846.429625934163	0.019225390879344467
5688.66920879054	0.020381601568122572
5536.131636903778	0.021556620488101332
5388.628052462091	0.022736267675750887
5245.969597653683	0.023904795435515075
5107.75427710962	0.02482674021012229
4973.434167355472	0.025089998167223963
4843.430276298252	0.025284040509391443
4717.587520664596	0.025425105104991064
4595.750817181151	0.02553119472548627
4477.638482871236	0.0257177343076779
4362.219309255495	0.026690713984688863
4250.380353198436	0.02770454379504697
4142.009043372797	0.02874949497034638
4036.9928084513067	0.029814682242924127
3935.2190771067053	0.030888005233094852
3836.5752780117127	0.031956089307876134
3740.86438532963	0.03288876761313565
3647.6463128737314	0.03320341199951406
3557.240868171928	0.03346095158061324
3469.5552849449355	0.03367249706544456
3384.496796913485	0.03385031766003331
3301.9726377983015	0.03400788615552348
3221.761954828766	0.0342904913496571
3143.318543050499	0.035195618334588494
3067.155998309089	0.03613534769298655
2993.2061759637772	0.03710069741835275
2921.400931373811	0.03808170685495707
2851.6721198984305	0.039067390084421005
2783.9515968968826	0.040045688749192676
2717.9644748226624	0.04062336983495672
2653.746246687729	0.04095542545210867
2591.3499563481255	0.04124575233828532
2530.7192471295366	0.04150228441173856
2471.7977623576558	0.041733722687306615
2414.5291453581676	0.041949563054429935
2358.857039456767	0.04216012405047631
2304.3947107566864	0.0428329536158027
2251.3055683351013	0.04369910192977964
2199.666699291155	0.044589667316414706
2149.4361848305225	0.04549589783160817
2100.572106158883	0.046408188133693525
2053.032544481911	0.04731604171005748
2006.6193933634795	0.0478281100904284
1961.407466808273	0.04819786059077775
1917.4062462493105	0.048535664062445444
1874.5809202580094	0.04884686299727403
1832.896677405793	0.04913728954534365
1792.3187062640789	0.04941328213362702
1752.8121954042906	0.04968170201252741
1714.342333397844	0.049949949839788475
1676.6383802450453	0.050660046127580884
1639.8589130664577	0.05148368211786514
1604.0262387105918	0.05232583893440287
1569.1141391764013	0.05317830628510476
1535.0963964628509	0.05403213614727898
1501.8690243737096	0.054630792637180715
1469.4359467130298	0.05504645192811683
1437.825243592478	0.05543757993762881
1407.015046412582	0.055807541984404546
1376.983486573867	0.05615999964814
1347.7086954768595	0.056498920149075496
1319.1688045220844	0.05682858562505408
1291.3419451100685	0.05715360234954518
1264.2062486413374	0.05747890995066296
1237.6450701254766	0.058038552953819926
1211.6476749489461	0.058823834890566924
1186.2831681859054	0.05962464367163561
1161.5348625065076	0.06043345461337348
1137.3686095902503	0.061170693151891706



