1144.3939084625554	0.02263436711728053
1098.1856280477323	0.023223917770080944
1054.0370909844514	0.02383262278770622
1011.8009425518567	0.024176917115201774
971.4653399285719	0.024547925048291445
932.945749271614	0.024939361152289178
896.1576367380042	0.02534346678122195
861.01646848476	0.02575084279410015
827.4377106689017	0.026150270733882347
795.274996994397	0.026188624204647036
764.4290255747917	0.02648505609343134
734.8808023122173	0.026944263180184995
706.6125443987969	0.027425102543468183
679.5658101128909	0.02791690658175919
653.6821577328617	0.02840702598437865
628.8743497175998	0.028684114616129054
605.1005981604494	0.028827492403092486
582.2576250891028	0.029270317757900257
560.3529538504379	0.029816333269766595
539.3629572163665	0.030382854533245414
519.2467944857175	0.03095671962945666
499.95466364931576	0.0314471051202672
481.43386272979967	0.03172494814289057
463.67037163618835	0.031992422003802666
446.57909408319364	0.03254071720113377
430.1690794818371	0.03317040178235545
414.4210549185453	0.03381761661285999
399.30611324162174	0.034467007237988
384.775544340192	0.03488943936151442
370.82176837148234	0.03527842430168775
357.42064642252336	0.035666219783683596
344.5136405344427	0.036295867089162555
332.10425294565533	0.03700436632672531
320.17947262714654	0.037725867912230024
308.70963739433296	0.03832641261483428
297.67837947034934	0.03883275471208313
287.0733172154453	0.03933121897799994
276.8760318088233	0.03983335469083932
267.0470283431608	0.04053123746505839
257.584578396679	0.0413095160483462
248.47726058569248	0.04204129148550913
239.70693667660737	0.04265141905690245
231.26724724425466	0.04325334205376886
223.14479320755345	0.04385353840286978
215.32617548542214	0.04445915140667161
207.7845703252691	0.045219303409471966
200.51473205697172	0.04603983562192358
193.50649900109218	0.04673784983784071
186.75624188659532	0.04743131212607862
180.2540845946683	0.04812294533526618
173.9901510064965	0.04881566180911624
167.95456500326642	0.049512548134841634
162.1283979330538	0.05032703919264136
156.50261433229858	0.051094809345668145
151.07924944809702	0.051863438732442944
145.8509293594801	0.0526328541783607
140.81028014547826	0.05340281356625188
135.94992788512246	0.054172868994496665
131.2621803608264	0.05493356140197124
126.73057731736326	0.055706665667125795
122.35569709245868	0.056532535165921924
118.13495051942097	0.05736276526061236
114.06275472161396	0.05819462606138663
110.1335268224009	0.05902488172665409
106.34093974688572	0.05982521543086456
102.67865513576115	0.06056334902380796
99.13807475821268	0.06140271395007178
95.71858269209255	0.0622741065524368
92.41721489301501	0.06314777224215432
89.22968273855564	0.06401807974330534
86.15050868233686	0.06483181736914606
83.17637422120558	0.06561671799484112
80.30365593299526	0.06640153593005862
77.52429612837071	0.06729005740353897
74.83927855531294	0.06817961295304392
72.24487860377286	0.06904480629326208
69.73748849591878	0.06986257430326905
67.3147849704917	0.07066905579234445
64.97368247511245	0.07146688708632391
62.70975666387807	0.07229580177883708
60.51951606619264	0.07316058235699534
58.401697464758676	0.07397856519408526
56.35449635908299	0.07478190878773651
54.375467384281635	0.07556988244155145
52.462165175470126	0.07634157941624183
50.61197901553799	0.07708586139274477
48.820197184433255	0.07786206629477403
47.08735886726495	0.0786207835488048
45.411490867190274	0.07935819552919922
43.790619987366696	0.08006998692849122
42.22252922379648	0.0807341959909023
40.70546713366158	0.08135986188984742
39.23650060277235	0.08200263861859476
37.814828552531935	0.08262633688491568
36.439076620771345	0.08320396823916427
35.107610380714945	0.08372484558370305
33.819033147239786	0.0841969501372266
32.57180724626587	0.08461726392835256
31.36352306568139	0.08501581626526351
30.193421179057506	0.08535367267586198
