986.335807006361	0.0002061049641141078
945.0111629625267	0.00012389585124628004
905.6174927235712	0.0004944096947075866
868.0635776180884	0.0008914625346323476
832.2581989746745	0.0012980833060589117
798.0976932816309	0.0016254435600527078
765.4600201822076	0.0016650682084330592
734.2880165710847	0.0017679270411282933
704.4397695076993	0.002202963213990944
675.9370353910793	0.0026678911495380824
648.7156617243678	0.003143979228643493
622.6946623185447	0.0034924696512372844
597.8056608793775	0.0036436488539100882
574.0158744979486	0.0037836932027244374
551.2041713735514	0.004230028929338818
529.3765358246628	0.00475648596451094
508.4983374640226	0.005296081768304899
488.50707962950503	0.005678953632819149
469.36572526485753	0.005937930411454693
451.04532668676563	0.006187036877654552
433.4817625737363	0.006577879853037007
416.6327613246151	0.007158070860379021
400.49440562946404	0.007752967700150109
385.01826710482305	0.008170482901728475
370.18607757930624	0.008525721088537722
355.97274110215835	0.008872974320013216
342.34895540949276	0.009226808509630884
329.2496189537139	0.009855081033003464
316.68649136917315	0.010493644270479538
304.6231895956711	0.010950809793605304
293.0516287650706	0.011395594288852591
281.95054527973593	0.01183494035801402
271.2986755420321	0.012276537949142333
261.0608048037516	0.012848483420415105
251.21669329508288	0.013482533159816033
241.75800443328532	0.01401027358347455
232.675467293478	0.014531991890386089
223.95337665181157	0.015050314649639596
215.57602728443607	0.015567983855265857
207.52592043429283	0.01610649994230368
199.76858274429836	0.01672503676793033
192.3109196774418	0.017307336401172924
185.1430937962479	0.017888172842029808
178.2533687762946	0.01846664391178236
171.63000829315934	0.01904146981651337
165.26018535178645	0.01958613192191306
159.1212328824148	0.020155455412110387
153.21219970595027	0.020777719452210852
147.52801044713507	0.021401213105097024
142.059768411751	0.022021601781029094
136.7985769055785	0.022633717088069747
131.73268862313367	0.023152626649062494
126.85310714482355	0.023701760501079916
122.15026586315196	0.024341493752503735
117.62289147056197	0.024981283199098404
113.26415511548203	0.025613713763044974
109.06567624425247	0.026179732575935432
105.02182948306404	0.02670481891263436
101.12626165860993	0.02723601766982439
97.3683493104524	0.02786754233629865
93.74809768588317	0.028493253353224043
90.25913722440598	0.029061761303495637
86.89698791025313	0.029589205432693142
83.65727369239187	0.03009814126429135
80.5349841782973	0.030594117101013896
77.52127331050892	0.03117160232224752
74.61509231416692	0.03168580383138785
71.81334411857272	0.0321682933282306
69.11229063904142	0.03262432821202376
66.50804708762746	0.03305254307318132
63.996282044204115	0.033445676015122036
61.57042696602077	0.033857647912512674
59.23064850972622	0.0342381357406946
56.97382439278308	0.03458173085569604
54.796832332653764	0.03488224699968318
52.69608697177358	0.03510510756909198
50.668464367024065	0.035298399171167644
48.710360304542505	0.035489640892365996
46.82067160205831	0.03562381622564841
44.996564999364494	0.0356705274086384
43.23585890163366	0.03564087318077205
41.536161360121596	0.035532468784625654
39.89397735338273	0.035378153370742044
38.30765789488274	0.035130244062405586
36.7757115837188	0.034775488055780054
35.29609636195642	0.0343010991051306
33.866727382959894	0.03368936335252871
32.485190868980176	0.032945636161708154
31.14943172432283	0.03206439608889278
29.858290498575304	0.03099571319391245
28.609991401509603	0.029711852115767077
27.402730850477102	0.02817966201121684
26.2345548025827	0.026380926842365045
25.10346023034701	0.024283225428880863
24.00811789043094	0.02179555154056405
22.947033606883675	0.018875795128648586
21.918008831913262	0.015396979956362123
20.918982821860013	0.011276710944461829
19.94753824377287	0.006323371232108133
19.001539792208376	0.0003121840628526472
