4078.78438284535	0.03438762691379928
3932.015685063234	0.03310607843014751
3791.1595642877865	0.03232481547345075
3656.27638399036	0.03160985895399872
3527.0964821814246	0.030946332285310837
3403.3501968714436	0.030317177604902656
3284.767866070886	0.029703045379003583
3170.655832287198	0.028651476251761496
3060.8949346755817	0.027254143948797455
2955.4008160213507	0.026165326599560838
2853.9908818186113	0.02542054071120303
2756.66415695738	0.02472428430260624
2663.2472725484768	0.02406708933825102
2573.566859702717	0.02343820137132843
2487.449549530923	0.02282552399392611
2404.6832467204595	0.022165028336071507
2324.695627887151	0.020900338228354538
2247.6817128588555	0.019861691831354573
2173.4971575460804	0.01913565440703329
2102.156028643108	0.018444515679457794
2033.5453880953016	0.01778294451632581
1967.5522978480208	0.01714494670772474
1904.063819846629	0.016523844602402207
1842.967016036486	0.015912258638599297
1784.0405243125008	0.015116977317130024
1727.0367185136397	0.014058890084502305
1672.0036613129632	0.01334460130813175
1618.98302769834	0.012653009262788367
1567.9002382880822	0.01198175167530531
1518.6807137004962	0.011328227462443403
1471.2498745538953	0.010689598777474274
1425.5331414665875	0.010062794953483256
1381.4559350568816	0.00944451830205807
1338.8605825213426	0.008647895190129234
1297.5356387374247	0.007916616221631844
1257.6484183978469	0.007221397976867049
1219.1560615215772	0.006536650559856156
1182.0086170896482	0.005862150188410731
1146.1561340830895	0.005197741314689244
1111.5486614829333	0.004543355006897004
1078.1362482702098	0.003899029160315288
1045.8689434259509	0.003264930636167462
1014.6206484267216	0.002703953590651211
984.2884263626722	0.00200788465667894
954.9729277458832	0.0013124040376371413
926.6402260634417	0.0006187737879791762
899.2563948024294	0.00007148694235654344
872.7875074499357	0.0007565752003686657
847.199637493042	0.0014343758676063627
822.4588584188373	0.00210243150802518
798.526356393405	0.002730023446408589
775.3294162859343	0.0031091048392739144
752.7916442444264	0.0038129768150611427
730.9801568225489	0.0045242616823747495
709.8715415160741	0.005240399956561944
689.4423858207754	0.005958423488309683
669.6692772324247	0.006674922276426049
650.5288032467957	0.007386009692285096
631.9975513596603	0.008087285948945887
614.0307056367734	0.00861926882575249
596.6182667830308	0.009063739497469279
579.705556610494	0.009706600851829514
563.2995306864218	0.010448816450037472
547.402906429293	0.011200986883584904
531.9992903059747	0.011958903162258444
517.0722887833315	0.012717796109381157
502.60550832823014	0.013472297488507866
488.57569405854287	0.014155735521772753
474.95975241955944	0.014696102412461725
461.7573549954231	0.015225899216189363
448.94005054632373	0.015835452774366408
436.4800534828993	0.016619856266607766
424.3937953618372	0.01741755498329178
412.66961043475953	0.018223375699881483
401.29583295328734	0.019031508112633704
390.25981185829266	0.01982485693892845
379.5379806756587	0.020464178372470606
369.1329839063043	0.021092755878991776
359.03442675321605	0.021717457660490446
349.2319144193814	0.022345759589759012
339.6877529560555	0.02318337965122019
330.4201120573426	0.024041308263805575
321.4212350541411	0.024908605326574115
312.682681504908	0.02577846530911783
304.1869411719809	0.026522263420748912
295.93525899075814	0.027255393942854537
287.92039828367314	0.027985952838444458
280.1348129217942	0.028718333857878843
272.57095677618776	0.029457273187551612
265.20829277383774	0.030323288390315162
258.0472578261522	0.03125713630710846
251.0872065141549	0.032193186899445926
244.31652328347928	0.03303619540999382
237.7355690800764	0.03387904540467359
231.33877629100266	0.034723721420532344
225.120577303315	0.03557233506538769
219.07540450406992	0.03642712612220816
213.19769028032425	0.03729046352360654
207.4753450221295	0.03823557456145975
201.90191133095016	0.03922722841608914



