1161.4145215783853	0.006330584896550655
1113.130905152835	0.0061449105428214015
1067.0052489375528	0.006111683920349823
1022.9958849589423	0.006031800660316738
981.0074024441167	0.0059177259281702095
940.9443906201866	0.005784773422447023
902.7114387142653	0.0056514188413430005
866.1764073078784	0.005727402683445695
831.2633895311708	0.005956891450539181
797.8614720038594	0.006028305018115582
765.8810570900099	0.005868410167430606
735.3172783170533	0.005687458722140074
706.1027054402608	0.00550563352136458
678.1358177643444	0.00556535525114061
651.3816415293676	0.005703225022961465
625.7818899371446	0.0058211561794798885
601.2128424802225	0.0056249734383631116
577.6973260537948	0.005405623072381785
555.1863852842745	0.005190250235720752
533.6047071490666	0.005221225621744501
512.9375027745634	0.005275331960968587
493.14191087012296	0.005335946961947363
474.1387696209851	0.005199501200776753
455.9085772935048	0.00494871790435198
438.4292081881234	0.004747650887182482
421.65725720245564	0.00471243651755825
405.57669796524476	0.004694775324184917
390.1564446553548	0.0046841771274670286
375.35654239062006	0.004613589421774927
361.1269781321774	0.004342282373744625
347.46337112780685	0.004162724826298529
334.34328986396906	0.0040738741478300745
321.75034278731437	0.003997668164416101
309.6617121410188	0.003928857980316495
298.0545801682574	0.0038617587903874875
286.8851774372806	0.0036254834515998106
276.1402946289875	0.0034815406525631715
265.8165818595106	0.0033590055119066507
255.8978510555482	0.0032457864303670077
246.3671322460388	0.003140856674856897
237.20745545992048	0.00304334630587913
228.39169780341936	0.002930097325921134
219.89937505578314	0.002787263403188919
211.733141834124	0.00264967464622155
203.88021378408902	0.0025196368903736555
196.32780655132598	0.0024000491511319095
189.0631357814813	0.0022944954637978423
182.0679880076737	0.0022990722689038654
175.32414173950377	0.0021680467111340525
168.8339633578362	0.0020408817097194733
162.587691960181	0.001923108536695226
156.57556664404922	0.0018212822782003794
150.78529986668832	0.0018056136488018538
145.20941777723777	0.001832865810248706
139.83265934767914	0.0017684244036854496
134.65251592184052	0.0016854240695149264
129.66331085541765	0.0016188324234837617
124.8558978984049	0.0016256133610458305
120.22397890032798	0.0016847908700343744
115.76137234589237	0.0017688692011276954
111.45700702891057	0.0018014601402962175
107.3065529659132	0.0018161733038840559
103.30499351617824	0.001906913144810266
99.44775337275215	0.0020450621482443615
95.72968546276485	0.0022189890971930915
92.14530866899113	0.0024282320543818937
88.68609967962402	0.0026198877642622347
85.34773364827184	0.0028580626244579734
82.12833593413214	0.003140654813383879
79.02352727410248	0.003471772191074664
76.0289284050806	0.0038561718778931053
73.1396180890598	0.004324206447666753
70.3492397328428	0.004798674220730179
67.65634933537925	0.005320281457152923
65.05794104870553	0.00591121746412125
62.55018875372159	0.006596027654578615
60.12969732832319	0.007379269843794881
57.79292124919599	0.008240123280207607
55.53527357474894	0.009144816676680871
53.35535867515304	0.010168587270241643
51.25041612389545	0.01131951030516359
49.21775579087246	0.012602003538716586
47.254571150010136	0.014028450275353321
45.356772452254646	0.01558504704684557
43.52286621891004	0.017303822207791163
41.750803741234094	0.019218329103356295
40.03818021088	0.02135407697491914
38.38261251790769	0.02373773453928808
36.781116511361574	0.026375405093146103
35.23171194261752	0.029307546048579772
33.73261030616391	0.03260220324044015
32.28156755216976	0.036320906002403494
30.876566145640144	0.04051132701033528
29.514551756486068	0.04525992013808385
28.193650574601108	0.05066971249704461
26.91159900295267	0.05689971646934894
25.66547275560857	0.06416382136328613
24.45221026856769	0.0727153631093468
23.267181235008984	0.08296027840181745
22.10472607245888	0.09564758422620381
