6568.840023970677	0.027645846210222348
6353.721399882281	0.029080471155600585
6147.136976490311	0.030594413133371856
5948.770266370852	0.03217643433425749
5758.304782100004	0.03381327309568402
5575.424036253849	0.03548950687689586
5399.811541408486	0.03718741641152377
5231.150810140001	0.03888685092588065
5069.12535502449	0.04056509377528912
4913.018227610668	0.04177310065046349
4762.189202405401	0.04209283599381798
4617.114098247714	0.042311239686991645
4477.535291992679	0.042466107718427744
4341.869044452874	0.04363428657065586
4210.920447457875	0.04509833745956737
4084.817323241151	0.046612528714414396
3963.378713768465	0.04816359901384471
3846.4236610055696	0.04973645724115219
3733.7712069182253	0.05131408166098355
3625.240393472187	0.052877419184127424
3520.448158586125	0.05411400857588681
3418.9091965459447	0.05452584767432791
3320.985430682593	0.054851203418814734
3226.5292205597116	0.05511665666405235
3135.228646491072	0.05552456176634553
3046.2448118738844	0.05686720451487159
2960.326129054717	0.058261931884213934
2877.367869656586	0.059698141441513544
2797.265305302514	0.06116381141933019
2719.913707615515	0.06264542475179187
2645.2083482186126	0.06412789323652551
2573.0444987348214	0.06559448145280587
2503.0266811810297	0.06645250283298819
2435.191008264422	0.06692292877288473
2369.6105894437233	0.06732899656834494
2306.199751344248	0.06769025795357683
2244.872820591309	0.06802839455168658
2184.990414228647	0.06917558835881907
2126.947157841607	0.07049922353460192
2070.7708960765267	0.07186313287649841
2016.4002440875793	0.07325712752255907
1963.7738170289404	0.0746698237302715
1912.830230054783	0.07608858529253872
1863.5080983192831	0.07749946576880988
1815.6130352770062	0.07853434039602737
1769.0695505153064	0.07911275828025731
1723.9776844464855	0.07963638387949432
1680.2870779789814	0.08011867969355478
1637.9473720212186	0.08057451994096973
1596.9082074816342	0.08102024649843986
1556.7422565456955	0.08222147352677242
1517.7589084954902	0.0835191727069419
1479.949078972428	0.08485206350432539
1443.2762999816146	0.0862110197783794
1407.704103528153	0.0875859336009539
1373.1960216171487	0.08896567121637693
1339.7155862537054	0.09033802877683797
1307.0861769995968	0.09118792758587896
1275.3761967890543	0.09185092444993631
1244.594953486885	0.09247341257535503
1214.7124387069073	0.09306505454072418
1185.6986440629385	0.09363646062417696
1157.5235611687992	0.09419922422035482
1130.0546103636912	0.0950372236155287
1103.213625761895	0.09631180152604302
1077.1310744528323	0.09762136946910639
1051.784985825177	0.09895816541285755
1027.153389267599	0.10031363499843561
1003.2143141687719	0.10167839773418919
979.9457899173665	0.10304221304978714
957.2547106524339	0.10405637895815699
935.1493497822196	0.1048339441805014
913.6543105717735	0.10557946359119605
892.7514515060215	0.10629947320697168
872.4226310698873	0.10700112618035133
852.6497077482969	0.10769221499451108
833.4145400261743	0.10838119366974852
814.6497698075973	0.10925135323130569
796.275011470779	0.11054785676873179
778.3889073329378	0.1118756833542008
760.9780249337496	0.11322783417657124
744.0289318128941	0.11459665143157369
727.5281955100469	0.11597379218389418
711.4589867773911	0.11732917614500116
695.7423170716481	0.1182378412474849
680.4358376579817	0.1191209531112957
665.5284184557022	0.11998269038332242
651.0089293841252	0.12082762034472055
636.8662403625615	0.12166071264268238
623.0892213103252	0.1224873529755548
609.6667421467287	0.12331335679259231
596.5876727910854	0.12414498309279061
583.7705708748733	0.1253225073152758
571.2438912929097	0.1266808209503568
559.0315015942543	0.12806393271695282
547.1250631093892	0.12946522596453913
535.5162371687952	0.13087752321522667
524.1917992109267	0.13225344681525705
513.1070261512693	0.13328179619922453
502.2962589821266	0.13429358869753855



