2016.2029815752448	0.047796241293437444
1939.843124606451	0.048536105599378536
1866.6627619958745	0.048884541202783405
1796.6292863005401	0.04907870612566776
1729.657897258442	0.049256062667907115
1665.607979035615	0.049422378361593404
1604.3389157980978	0.04958418567433329
1545.710091711925	0.04974880269105577
1489.5073793099327	0.05006059588071966
1435.3617511960774	0.050582767464292355
1383.40226547035	0.050864531704538654
1333.6119376680647	0.0511386228988872
1285.898012314497	0.05140738407152501
1240.1677339349194	0.05167337775545044
1196.3283470546078	0.05193937433965796
1154.2870961988347	0.05220833685060352
1113.8602911434284	0.05263304059798765
1074.8348654495237	0.05299434112195681
1037.3672109378458	0.05335722534462508
1001.3954911104071	0.053721693154881435
966.857869469223	0.0540876033501981
933.6925095163058	0.054454642180898995
901.8375747536704	0.054822288540691794
871.2312286833296	0.05518977558511707
841.7243388091389	0.055490701347567686
813.2272611639266	0.05592797228711084
785.8208757462983	0.05637487656783312
759.4634461155865	0.05682964395455832
734.1132358311263	0.057290102243054954
709.72850845225	0.05775363168365082
686.2675275382933	0.05821711618588343
663.6885566485885	0.058676890951307945
641.8945616987194	0.058869484473785656
620.817713162592	0.05938464454025249
600.5159480816504	0.059915939962310025
580.9607629630173	0.06046012201349893
562.1236543138134	0.0610133490840901
543.9761186411613	0.06157113215261669
526.4896524521818	0.0621282771529739
509.6278342442231	0.06261376387021642
493.345764571671	0.06287618742975899
477.5961543143621	0.06338193761993251
462.3880170205787	0.06399386335325691
447.71850151857836	0.06462261185066907
433.5678981159821	0.06526310114897037
419.91649712041203	0.06590947231706316
406.7445888394882	0.06655502721791058
394.02108041994995	0.06707407332405192
381.72756222578437	0.06746164656220988
369.8465640780521	0.06792011328724917
358.3404876115626	0.06860800815278681
347.2277999406751	0.06931616456331303
336.49469265735536	0.07003858443788906
326.12735735357006	0.07076840939913073
316.1119856212852	0.07149785636416571
306.4229498643256	0.07206450776724166
297.0559033882165	0.07257203530853297
288.0021828886676	0.07307719153563699
279.2286913871993	0.07376560076991596
270.736787627382	0.07454937686942413
262.52560251098146	0.07534967430728226
254.58533462213708	0.07615884870530272
246.90541885336344	0.07695624568696294
239.46716797970106	0.07758742998933987
232.27162378271981	0.07820902846995101
225.3100738415389	0.07882892338746492
218.5716222317056	0.0794781182691362
212.03186127803704	0.0803325361206058
205.70179549071815	0.08120494724307245
199.57437278172267	0.08208709606421867
193.63928113107056	0.08290614735769081
187.88907409704439	0.08363876674954544
182.32149119912788	0.0843659522267565
176.93024664309974	0.08509271050793017
171.7090546347382	0.08582451245021742
166.64448402832062	0.08665912141674634
161.7312147345025	0.0875972081413042
156.97088240551832	0.08854503218336517
152.35374989386182	0.08938253876925423
147.87946358390474	0.09020824449659193
143.5437555150524	0.0910324072362181
139.34202371843298	0.09185767116965417
135.26966622517335	0.09268688348482741
131.32208106640158	0.09352309495721349
127.48558540653886	0.0945151664892937
123.7631238455489	0.09546576289274428
120.15195186328216	0.09637444923210498
116.6501534330718	0.09728385298328063
113.25431239519148	0.09819464836807251
109.96101258991555	0.09910751467643439
106.76683785751806	0.10002312739687862
103.66837203827322	0.10094214824874649
100.65809447867659	0.10189685505285098
97.73229489759075	0.10287151770982976
94.89322348416093	0.10385083915106319
92.13830740633136	0.10483405757922848
89.46497383204601	0.10582026782266636
86.87064992924907	0.10680840530043599
84.3527628658846	0.10779722871949657
81.9080810829619	0.1087585675213257
