1137.426114022911	329.7850382177609
1088.506195775146	316.505242156472
1041.9391307140256	303.8310763387354
997.605121709096	291.74022693740113
955.3410679028565	280.2536838523723
915.0534373869889	269.3228680343637
876.6483038054357	258.8727700867674
839.9268136841335	248.7744463597739
804.911802107146	239.12064176170054
771.5129815615908	229.90151899935
739.6084910540857	221.13881426002683
709.1660202697177	212.76471305256518
680.1008316675675	204.74504369534432
652.2710451588855	196.98849195891336
625.6929388165888	189.56190177548768
600.2866680867822	182.47405237085124
575.9984096581417	175.70770172822156
552.7898628895471	169.2300851606078
530.6053478692181	163.02251123405358
509.33333683050967	157.01044065973792
488.9890769406891	151.24610908275247
469.5048667567782	145.74625368419294
450.86459542251737	140.47602105843896
433.0297477908387	135.4229620906762
415.9612014705008	130.5752349102663
399.5810594700209	125.88222304632933
383.88291123775275	121.37929905118654
368.83800496369525	117.06832192796396
354.4280990817717	112.93067073131067
340.62458291775204	108.958093624027
327.3988457974083	105.14233876891348
314.700107289677	101.45298457193704
302.505584149901	97.90917225384075
290.8120755432005	94.50525429665436
279.60003437534766	91.23381319427101
268.8483042300305	88.08904076266973
258.535728690936	85.06512881782884
248.62601624153177	82.14806187577277
239.0995031986623	79.33606236395829
229.95663576942343	76.6303181910106
221.18161898963524	74.02673682158945
212.75865789511846	71.52122572035513
204.67195752169312	69.10969235196744
196.89431279126862	66.78871430628041
189.41288163790875	64.5427509693653
182.2264157050033	62.37919632730614
175.32298651944362	60.29513726101561
168.69066560812303	58.28766065140744
162.31461458288078	56.35676329444625
156.182804645201	54.495428934451155
150.27919544756116	52.69148132151993
144.60383173413322	50.95200631611975
139.14759851609918	49.274930045727956
133.89993572506302	47.65962371740073
128.85173659702602	46.10400523379613
123.99572364241651	44.60274153615366
119.31713036862857	43.14661611561468
114.81617599477619	41.74139817504053
110.48495421396969	40.38646295069644
106.31610351075156	39.080640887416074
102.30456798351403	37.820456816183004
98.44345358197697	36.60345015694216
94.72151514327956	35.4228092170572
91.1377726635745	34.283498443188606
87.68682972927539	33.18434205584178
84.36447906997314	32.12297513234431
81.16564199333223	31.09790417195072
78.08458869074377	30.106984557642647
75.11282538906455	29.146953846367353
72.25014903642546	28.219658820480507
69.49283868153096	27.323687457498234
66.83685989138871	26.45794121663379
64.27802325253884	25.621476537567595
61.81076263936731	24.81252435398601
59.43145215545073	24.028591426879586
57.13867769741141	23.27069756267311
54.92919934127211	22.538036747191857
52.799323297537164	21.83025683177987
50.74636005420081	21.146001390290944
48.76582073412527	20.48268059524584
46.855963321871045	19.840609788128123
45.01439133485025	19.220019868396413
43.238771533114175	18.62001207620514
41.52670788240904	18.039750446014615
39.87528331795037	17.478074910629246
38.281284992012665	16.93394643329858
36.74385327109523	16.407693867604692
35.26094105948583	15.898750704590878
33.830428369116646	15.406623327655321
32.45016578613647	14.930793861478575
31.117334934151707	14.46958309336359
29.831169692814633	14.023600691922807
28.589852558367596	13.592523895495914
27.391719895895406	13.175876073580298
26.235062889383304	12.773225776772744
25.117464580597414	12.383469712619387
24.038095422604552	12.007034368034244
22.995450942257232	11.643679754887298
21.98806175992799	11.293100932559948
21.01421153665339	10.955071944074394
