5236.713362658355	1398.9505616749377
5029.599600936599	1347.3332548634712
4831.550276084921	1297.9588550050225
4642.2752021497345	1250.6486444568982
4461.380835756295	1205.3272629975918
4288.473633529843	1161.919350405585
4123.160052095633	1120.3495464593705
3964.841604186333	1080.7474348300032
3813.2848667371986	1042.847219117058
3667.7495994930814	1006.0082638194035
3528.429344232359	970.6512948917602
3395.0465109321667	936.7259064875973
3267.3235095696446	904.1816927603941
3144.84173769082	873.1092602947226
3027.4411010134054	843.34070750349
2914.7588206150003	814.5837485443947
2806.551377043221	786.7591827297961
2702.8030501082335	760.0156086346082
2603.3157026683143	734.3192078818515
2507.79609499686	709.7312646794109
2416.118677140841	686.1453734616099
2328.145849087055	663.467178722933
2243.4985949478078	641.4376111764811
2162.1927575017125	620.1924602016642
2084.1241993036238	599.7475349541307
2009.0869537181081	580.1431848047584
1936.9811148346207	561.3136983995474
1867.7105253230952	543.1896158040084
1801.12039541756	525.7047542058206
1736.9736424227654	508.71063786339107
1675.3072070545104	492.33281444616625
1615.9737424943585	476.598842393081
1558.8961405583268	461.46604150861697
1504.0048762613865	446.8841483983075
1451.2069447577478	432.8263795284382
1400.3545850850528	419.2111952487244
1351.3509064184273	406.0079260463664
1304.1536431915567	393.3032915468705
1258.7069588894474	381.0656871932475
1214.9580537696438	369.26047165597595
1172.8381884499272	357.8689432452914
1132.2786235480824	346.8724002714328
1093.1480976083378	336.1896189710835
1055.4019656908597	325.87552205008546
1019.0257057067457	315.92442521415376
983.9765946406446	306.31445700943044
950.2032040168115	297.0324514424417
917.6541053595099	288.0652425197179
886.2750113724521	279.3968054272429
855.9400713850956	270.9820485806596
826.6855742009111	262.84948319518975
798.4748783565306	254.98747539770255
771.2690438266984	247.38668987694956
745.0291305861609	240.03779132168435
719.7132145008811	232.93442852943983
695.2549356424832	226.06056949598326
671.626469663041	219.38345390720085
648.823701072786	212.9221129615201
626.8168177887197	206.66988126413855
605.5760077278453	200.62009342025542
585.0646121763613	194.77293066587205
565.2559013446355	189.11864531282066
546.1031700789956	183.61840159900945
527.6016085035856	178.28574707989304
509.7336585699908	173.12148113836471
492.4752155656277	168.12181513743275
475.7968591188577	163.28827609916252
459.68485982561356	158.6067000780461
444.11074975252257	154.063344825429
429.0471299649861	149.64553709143243
414.49026223538567	145.36426433315702
400.4169664307114	141.221124847103
386.8142514245843	137.20752792313647
373.6664683149295	133.3175406268224
360.9568630693523	129.54633515404294
348.65411704366846	125.8745190888904
336.75474088087196	122.31669203616033
325.2476360761451	118.86826640251012
314.1206596948068	115.5245111869252
303.36046258782653	112.28190160274235
292.9536956061718	109.13691286329717
282.8765939782068	106.08057617220356
273.1248929096031	103.11307774756075
263.6912539058512	100.23419470107332
254.56489135977725	97.44133007248885
245.73468447306203	94.73222209270413
237.18851158950727	92.10560985049122
228.91284416097972	89.55124436674265
220.901130377509	87.06949008182902
213.14711696178745	84.661009968783
205.6409495624876	82.32492335477117
198.37478560063008	80.05833779461321
191.3407125592184	77.85843078114482
184.52598439193372	75.71840633910197
177.92587213292103	73.64053195502692
171.53446597741825	71.62432453783003
165.3453075442934	69.66754824822907
159.351449241437	67.76845645792028
153.54508598998075	65.9251402435863
147.91684455117002	64.13288611488144


