970.3973124770251	302.51662484463907
925.403983011274	289.238277144214
882.7133293757829	276.59352229821116
842.2072110483934	264.5624208806601
803.7335268383271	253.15899413421687
767.1957547497434	242.34168410659294
732.5096239709037	232.056681661404
699.5704303455275	222.2706110068023
668.1958092276728	212.87243586127906
638.3369669521887	203.9351477962808
609.9378318428892	195.44118527809286
582.9375843724696	187.35236932717763
557.2606786113371	179.64524736628888
532.798984241012	172.2637824292937
509.4649072503157	165.20637235697907
487.2392353690378	158.4885420997743
466.07916596242575	152.08150569331252
445.9297216453764	145.96865192357436
426.73488837647335	140.13233292022701
408.3833804146517	134.52055952634598
390.87880291126635	129.1713777339477
374.191818360209	124.06212667146713
358.2822036245931	119.18103109812091
343.1097355675303	114.51631577312422
328.61132189291675	110.04484394120904
314.745381972941	105.75884711350747
301.5109907961305	101.65919618148106
288.8785173352224	97.73754611853086
276.81833056295494	93.98555189805877
265.2980589134406	90.39760903209063
254.2605292551752	86.94826133286604
243.7102456351035	83.64085142384869
233.62886200073783	80.47305398912337
223.9943835144322	77.43889492761681
214.78383747868094	74.53337799811386
205.96532588040014	71.75257443215048
197.51545043244	69.0708593785785
189.4329126119501	66.49909714960575
181.70126174327135	64.03299990463127
174.30391200228945	61.66841495151062
167.21890961265402	59.406557550334306
160.42972342108982	57.22886040706989
153.92299671554906	55.13131340677775
147.69312098983505	53.1176546403693
141.72766419815144	51.1847986591564
136.01005239776333	49.33380191139064
130.53293374031247	47.55649875094534
125.27679337769533	45.84037773269174
120.23812918460351	44.189169431551896
115.40943185392695	42.60259724064539
110.77819860698015	41.08148482169527
106.33880173853602	39.619780762967636
102.08168353523634	38.21352926655642
97.99280253697462	36.85434133717429
94.07115194694677	35.54731314800309
90.30772695303818	34.29258280440032
86.69791565599533	33.08589549886178
83.23505700814387	31.92504557230467
79.91000298933035	30.805340393167068
76.71566241924691	29.72515617770306
73.64882897084023	28.686689775261176
70.70544966915051	27.687180491509256
67.88033664629889	26.725002525034565
65.16830203440608	25.798530074424338
62.56009486774634	24.903577819656608
60.054477618303025	24.0413640037843
57.648398626136625	23.210846802252732
55.337782997060465	22.41082847078072
53.11845498191046	21.640212120064806
50.98481582826573	20.897501729047157
48.93298070124856	20.179634380485616
46.961668985024325	19.48766873055157
45.06765072016336	18.820714091821362
43.247247402078784	18.178328322028808
41.49768677565981	17.559163029431403
39.81430813571616	16.960176929187778
38.19601650090398	16.382206005196597
36.640240015111566	15.825092991387182
35.14453641401267	15.288032173802451
33.70666827559971	14.770012996166917
32.32338640883692	14.269400081899851
30.992441571322523	13.785892292295081
29.712502889263533	13.319553314924862
28.481720002766785	12.869636763228677
27.298108830954348	12.435529971630231
26.159126216627598	12.016385955757423
25.062805334168075	11.61122403190835
24.008240879705713	11.220206490659454
22.99377061531814	10.842898127651898
22.017690322756817	10.478905718853358
21.078283453334674	10.127309017015278
20.173818052239014	9.787402365581503
19.30337830535199	9.45943270304252
18.46569791338059	9.14296099939903
17.65947784353485	8.837580958148544
16.883099672395957	8.542663759309846
16.135364657151047	8.25784459291312
15.415438628084605	7.983115667308965
14.72217615292557	7.718214741106602
14.054468939513809	7.462842432804356


