7356.196683384833	1676.1488658848484
7108.590570586199	1621.1016879631165
6871.19116344796	1568.2352422104973
6643.527559125963	1517.5033400577076
6424.309317170724	1469.679330540826
6213.554463587481	1424.2280962411764
6011.252693294475	1380.6428508271138
5817.016693268883	1338.7938159080236
5630.152830967156	1298.2448935725588
5449.221421080005	1257.8139331436319
5275.30070741985	1218.8367130658758
5108.107114317399	1181.2871923021964
4947.357066103363	1145.1393298155103
4792.605447341883	1110.528624335288
4643.130811839405	1077.8669053487067
4499.303027841758	1046.4746879035501
4360.888159918088	1016.2762907242991
4227.652272637532	987.1960325354257
4099.268295950464	959.0650974426374
3974.6169165302545	930.9224262746409
3854.5001166181346	903.7282554279998
3738.744897762994	877.4678406069386
3627.178261513731	852.12643751569
3519.4424575554312	827.8740537222818
3415.2459985750083	804.8144337929346
3314.756777869483	782.5919416837405
3217.831648840818	761.1619812458682
3124.3274648909673	740.4799563304798
3034.101079421893	720.5012707887429
2946.6223644417014	700.7943470779769
2861.84462635662	681.4110420536085
2779.9667646212624	662.6488056194644
2700.8818203714054	644.4992293605267
2624.417531089988	627.0192085146207
2550.2801336212383	610.3871389582777
2478.634830063331	594.3224513140874
2409.392793700021	578.7986050190511
2342.465197815068	563.7890595101754
2277.7632156922277	549.2672742244617
2215.1980206152593	535.2067085989163
2154.4004405847854	521.3004767874081
2095.406126904564	507.6465162469415
2038.3148602776155	494.40689383378367
1983.0595759885825	481.57683098582334
1929.4187474060159	469.3060110570342
1877.4337261637306	457.4812391361344
1827.1020457049246	446.03313850244444
1778.367810144519	434.9457617635827
1731.175123597419	424.2031615271601
1685.4680901785457	413.78939040079445
1641.1908140028067	403.68850099209783
1598.1922951413044	393.78944186487297
1556.321483860328	383.9811117781102
1515.7288787115267	374.4539577761602
1476.3668188617662	365.2102340864384
1438.0681039643966	356.37173444988
1400.926327303806	347.7994589763782
1364.9057773867146	339.48371255349844
1329.9707427198407	331.41480006880306
1296.0855118099048	323.5830264098577
1263.2143731636256	315.9786964642253
1231.321615287721	308.5921151194704
1200.3715266889128	301.41358726315684
1170.1960730151754	294.3010949241064
1140.8419411924706	287.3273414091232
1112.3247383242433	280.5574673070747
1084.5530276851227	274.05378689215394
1057.5796428606116	267.73434412767773
1031.381414230335	261.59318618284294
1005.9351721739157	255.62436022684722
981.217747070977	249.8219134288869
957.2059693011435	244.17989295815994
933.8766692440379	238.69234598386265
911.2066772792846	233.35331967519295
889.1728237865068	228.15686120134728
867.6533907314945	222.99846931768917
846.6993634382576	217.95643673096026
826.2686593543646	213.10006803884733
806.398304592909	208.37337118661924
787.0730259336461	203.77265345288708
768.2775501563278	199.29422211625973
749.9966040407108	194.93438445534866
732.2149143665465	190.68944774876275
714.9172079135915	186.5557192751133
698.0882114615974	182.52950631300922
681.7126517903205	178.60711614106182
665.7752556795126	174.78485603788005
650.2056114464233	171.00389481956833
634.9854233388769	167.3295917154473
620.1630490707088	163.74940897402382
605.729796275831	160.2594879217859
591.6754295506851	156.85751292269384
577.9897134917119	153.5411683407068
564.6624126953532	150.30813853978498
551.6832917580497	147.15610788388759
539.0421152762431	144.08276073697473
526.7286478463741	141.08578146300573
514.7326540648846	138.16285442594068
503.04389852821555	135.311663989739
491.6101891147975	132.5279971981641


