10450.965324688526	2207.1583847747734
10122.66337435332	2139.543356828063
9806.975563549018	2074.3619273205873
9503.467765286488	2011.548284089908
9211.705852576612	1951.0366149736092
8931.255698430254	1892.7611078092555
8661.6831758583	1836.6559504344295
8402.554157871615	1782.655330686698
8153.43451748108	1730.6934364036415
7913.89012769757	1680.7044554228282
7683.486861531956	1632.6225755818373
7461.790591995108	1586.381984718235
7246.771574681818	1543.5124880856965
7039.082630915116	1502.8613252096243
6837.1658469074655	1461.9744833085851
6641.041649638304	1421.0724712259967
6451.890239935021	1381.5355716532335
6269.477326111289	1343.3295747679485
6093.56861648079	1306.4202707478075
5923.929819357194	1270.7734497704637
5760.326643054186	1236.354902013582
5602.524795885436	1203.130417654816
5450.289986164627	1171.0657868718313
5303.387922205429	1140.1267998422813
5161.5843123215245	1110.2792467438303
5023.395513042164	1082.738269538555
4889.811730098873	1056.2451609862735
4760.191406029608	1030.157220106193
4633.437460970496	1003.4874054274051
4510.8350047646545	977.6308651859924
4392.256088376188	952.5696887390125
4277.572762769188	928.285965443526
4166.6570789077505	904.7617846565895
4059.38108775598	881.9792357352665
3955.6168402779667	859.9204080366117
3855.2363874378143	838.5673909176885
3758.111780199615	817.9022737355524
3664.115069527472	797.9071458472665
3572.841620266221	778.8407827291423
3483.9238217484526	760.9249353697533
3397.7762797295295	743.5991383348878
3314.2298705040917	726.7555784292949
3232.1376705141993	709.3086426051432
3152.529604187401	692.3495658000897
3075.334907274405	675.868894274952
3000.482815525928	659.8571742905528
2927.902564692671	644.3049521077073
2857.5233905253567	629.2027739872406
2789.2745287746857	614.5411861899672
2723.0852151913787	600.3107349767115
2658.8846855261395	586.5019666082899
2596.6021755296833	573.1054273455245
2536.1669209527186	560.1116634492329
2477.0581442911653	547.9612344350305
2419.6261860967115	536.2235817627559
2363.8513122987183	524.8382215145839
2309.6760975954858	513.7823610037404
2256.373913353591	502.3640042117271
2204.519574822972	491.1925990034059
2154.1215981331106	480.3112941231831
2105.140319295609	469.7150581975852
2057.536074322068	459.3988598531399
2011.269199224095	449.3576677163753
1966.300030013289	439.58645041381885
1922.5889027012568	430.0801765719983
1880.096153299598	420.83381481744107
1838.7821178199192	411.8423337766752
1798.6071322738203	403.1007020762281
1759.3201677081502	394.81525330738486
1721.0082728957452	386.85424333543847
1683.7271628347162	379.1172618004076
1647.4445623388804	371.5918885266085
1612.1281962220526	364.2657033383541
1577.3478949019818	356.72839166389247
1543.4340090209732	349.33015915602687
1510.405211374461	342.1095336206903
1478.2389508690544	335.0638189749909
1446.9126764113657	328.1903191360393
1416.403836908004	321.48633802094344
1386.6898812655827	314.9491795468141
1357.7482583907083	308.5761476307589
1329.556417189996	302.36454618988887
1302.0918065700525	296.31167914131163
1275.331875437492	290.41485040213814
1249.1199345729128	284.80550201548556
1223.5192179741607	279.39515280723265
1198.5617009548796	274.12658028745034
1174.228983035156	268.9929377597777
1150.502663735069	263.98737852785115
1127.3643425747027	259.10305589530947
1104.5267069238498	254.06421101550097
1082.2436837863825	249.13632467585342
1060.5027011782443	244.31837867586518
1039.2907450563312	239.60891275598772
1018.5948013775378	235.00646665667142
998.4018560987606	230.50958011836786
978.6988951768948	226.11679288152743
959.4729045688362	221.8266446866017
940.7108702314802	217.63767527404093
922.3997781217222	213.5484243842966


