2445.490977653105	665.2361342940596
2346.8565718105597	640.0137647367847
2252.688607604924	615.892446576797
2162.803459766481	592.8161576334026
2077.002464285783	570.7439144656514
1995.0869571533767	549.634733632587
1916.858274359815	529.4476316932593
1841.9984003378202	510.26097676453605
1770.3229822486678	491.82405683096147
1701.6216793443277	473.9854818828061
1635.9269959743974	456.88863668582826
1573.1008544947863	440.506324012095
1513.0051772614074	424.81134663367686
1455.4364873217094	409.8419066310987
1400.2944987072983	395.53301510073743
1347.3648685755857	381.6739572636638
1296.6133638456413	368.3091861068655
1248.0017461290322	355.47914930982773
1201.4331978245846	343.16571533929425
1156.7827250799776	331.3789289131469
1113.9418690632665	320.1122997288998
1072.8689112644374	309.2925971621293
1033.3598038911305	298.77224473928794
995.4498019425291	288.64296877837154
959.0825817292439	278.9049169088027
924.1842634360366	269.551137122437
890.6470509162568	260.6085937425483
858.4551854319839	252.01221368367504
827.5447331122701	243.73899626459013
797.7695927261063	235.6837734440076
769.1690053193289	227.92671945748305
741.6938232253198	220.4596198281214
715.2665301496098	213.30262870687844
689.8634861094798	206.42202393296327
665.4482380693545	199.79689639843716
641.9711633101035	193.40764230813306
619.3366723505833	187.18869110487088
597.5676199254024	181.19291644722236
576.6156092241566	175.42754755417607
556.4472836700163	169.88477341114879
537.0435110450951	164.54255864461146
518.3725862620379	159.39144075050672
500.39794744418975	154.4171004354779
483.0526794069377	149.57486509820978
466.3469966438631	144.90593908173278
450.24655050743434	140.41483073827342
434.74148937434444	136.08155139582885
419.8085495471636	131.89952445652548
405.4244673284572	127.86217332248754
391.5626610496213	123.9596034246675
378.17439782994234	120.1608199778536
365.2577751205765	116.50320263199802
352.8074873925208	112.9701731205333
340.80626639610375	109.55711589756257
329.23684388165304	106.259415417188
318.081951599497	103.07245613351266
307.3218301730379	99.98913137371322
296.91380280504916	96.99555701861844
286.87239000217113	94.10134164287363
277.18531623397666	91.30254593368235
267.8396128560715	88.59592369221441
258.8223112240608	85.97822871963994
250.12044269355113	83.44621481712899
241.712909781398	80.99986034366364
233.58217674969205	78.61901885849437
225.73247259213412	76.3143700918655
218.15393897224254	74.0836074846818
210.83671755353456	71.92442447784808
203.7707739618613	69.83469054993625
196.94228197660556	67.81606702598577
190.34342489351883	65.85824769228559
183.96014317993996	63.95311916132938
177.79326296049243	62.10745370289551
171.83519925207318	60.31961247903578
166.07733976809672	58.58898395528357
160.51121982762848	56.91480899152219
155.1320000972728	55.29270310009527
149.9289930310826	53.71671280093124
144.8951370355401	52.1845105663879
140.02884893432002	50.69924728601543
135.32250559343936	49.26145843097963
130.77182683151676	47.86833651984641
126.37182536022274	46.51778117812796
122.11704372773588	45.20816219483027
117.99758875336192	43.9334136300871
114.01114444497335	42.6964866001289
110.15433222305492	41.49772416582894
106.42368972618792	40.33508344289172
102.81490071292338	39.207375427050366
99.32364894181302	38.1134111140384
95.94419507247503	37.05134596567387
92.67027261853455	36.01844798229048
89.50208924121202	35.01611705344238
86.43617903490342	34.04348434491584
83.46907609400458	33.099681022496966
80.59695182245241	32.18420094243114
77.81643778027939	31.296077804867828
75.12211136466026	30.431319562970767
72.5134099965443	29.591557288538226
69.98777992501088	28.776430881498786
