4536.398602168589	1128.1648459746107
4369.552393503602	1088.3191808901374
4209.7964324356735	1049.9502872018859
4056.839941084507	1013.0402859490953
3910.392141569815	977.5712981710158
3770.1622560113015	943.5254449068866
3635.4628454233607	911.2815083012783
3506.3624040665873	880.4623372525373
3382.6913634722096	850.9288433883985
3264.2066841104247	822.6154093976133
3150.66532645143	795.4564179689371
3041.824250965424	769.3862517911207
2937.14922543349	744.0481008638023
2836.376900631408	719.3560381813159
2739.331967851957	695.9493016445809
2646.1713369654817	673.4720380709043
2556.7386921077064	651.881620012227
2470.8763931346825	631.1367443001469
2388.42679990247	611.1961077662692
2309.2322722671224	592.0184072421922
2233.1174507907403	573.5446202655629
2159.538681737112	555.3474300757134
2088.5788070382105	538.0181435483189
2020.3040219126874	521.3612246673961
1954.6342149469772	505.32744404919026
1891.4661833545424	489.8906636829073
1830.6967243488507	475.0247455577578
1772.222635143365	460.7035516629479
1715.940712951554	446.90094398768804
1661.6543464768804	433.4973760111877
1609.077402137132	420.45416201283547
1558.3504898167876	407.9383088421198
1509.4716433028511	395.8669730568631
1462.3727273213622	384.2234802758559
1416.9856065983581	372.9911561178859
1373.2421458598778	362.1533262017437
1331.0742098319586	351.6933161462171
1290.4136632406398	341.59445157009696
1251.1265388017023	331.77860226797543
1212.9792310163393	322.26030843751613
1176.1606039521812	313.0627721500379
1140.6252046407615	304.1752661524926
1106.3275801136115	295.58706319183
1073.222277402265	287.28743601500196
1041.2638435382532	279.2656573689582
1010.4068255531106	271.5110000006507
980.605770478366	264.01273665702877
951.7857679443665	256.77279817780175
923.7555539613934	249.68942270385043
896.6609861649924	242.83258723309086
870.4714598873271	236.19538144253931
845.1563704605658	229.77089500921488
820.6851132168741	223.55221761013456
797.0270834884197	217.53243892231723
774.1516766073682	211.70464862277976
752.028287905887	206.06193638854108
730.6060939043823	200.61761070837815
709.794149403149	195.31853877082625
689.6104931700327	190.14182247690863
670.0743174814165	185.12299605317264
651.1647938389483	180.25757295142995
632.8610937442747	175.54106662349278
615.1423886990452	170.96899052117348
597.9878502049064	166.53685809628408
581.3766497635073	162.24018280063686
565.2743652026179	158.08807175992067
549.6545734484907	154.08163300134413
534.4632107913908	150.1379817315041
519.7330837604482	146.3013181954387
505.457802857904	142.5766466112994
491.6230346371053	138.96102724834216
478.2144456513995	135.45152037582397
465.21770245413313	132.04518626300055
452.61847159865385	128.73908517912892
440.39544049087226	125.53725654090067
428.52546102241564	122.44557527929288
417.01186738954357	119.4428784736507
405.7988181417579	116.48135741679889
394.91969674594486	113.60242831894638
384.3645301896088	110.80415091092024
374.12334546025204	108.08458492354632
364.1861695453798	105.44179008765187
354.5430294324943	102.87382613406275
345.18170518044457	100.3809997222623
336.08087798402596	97.97271637578324
327.2454706142202	95.63214004197619
318.6666602572932	93.35618025290348
310.3056082298806	91.11173067099585
302.1850795579153	88.92728866798244
294.29821510013744	86.80172744839884
286.6379956741999	84.7337601756937
279.19740209775614	82.72210001331621
271.9694151884591	80.765460124715
264.93641409529573	78.8731553420056
258.10230626105954	77.03297220349619
251.46131386854958	75.24238250749019
245.0072144034099	73.4993027494452
238.71542132533534	71.78328539886978
232.59660333319027	70.10913816444175
226.64828814361258	68.47852777261292


