3597.619434895746	882.5358773983562
3466.84021357529	851.8521513379551
3341.6499354576144	822.5777760170647
3221.864736167284	794.5688688712341
3107.230388055107	767.7519106097832
2997.492663471884	742.0533819420227
2892.2736202848046	717.2760490936535
2790.869957904497	692.8973198338138
2693.664435546431	669.4806617364844
2600.155097724295	647.3212448353308
2510.4377432986826	626.116484817116
2424.3947910418556	605.7771774569326
2341.8647164354074	586.2580618205511
2262.6859949609243	567.5138769737353
2186.697102099999	549.4993619822556
2113.4420938966796	531.8748364743358
2042.8939575052034	514.729551188392
1974.9621747679391	498.3806067898056
1909.5865211119121	482.7564914582016
1846.7560323411385	467.73643299620517
1786.3670920411032	453.29231142498156
1728.3160837972873	439.3960067656909
1672.499391195176	426.01939903949835
1618.81339782025	413.13436826756424
1566.9182486808163	400.47655589387546
1516.864488998357	388.20256000583913
1468.5258822165279	376.51759461196673
1421.9787673026635	365.26056459205506
1377.1559751748252	354.41388287518066
1333.9903367510694	343.959962390419
1292.4146829494584	333.88121606684547
1252.3618446880494	324.1600568335364
1213.7646528849014	314.7788976195659
1176.4356659307725	305.5998788267089
1140.3023505503973	296.6764597701149
1105.3775790061118	288.12946780928576
1071.6871429070334	279.87807443349175
1039.18706023637	271.91122475791616
1007.8333489773281	264.2178638977403
977.5820271131158	256.7869369681475
948.3891126269398	249.60738908431887
920.2106235020077	242.66816536143767
892.9884645687792	235.94409776193822
866.533735507379	229.33930199637177
840.9300432351309	222.99225729423767
816.1911777862085	216.85302833533427
792.2879984188285	210.91461057540937
769.1913643912137	205.1699994702144
746.8721349615805	199.61219047549713
725.3011693881517	194.23417904700858
704.4493269291441	189.02896064049685
684.2874668427788	183.9895307117125
664.7340799608115	179.0864100488226
645.7208182171206	174.31064424283215
627.3225195851574	169.68315249748642
609.519655034203	165.1994599642955
592.2926955335379	160.85509179476816
575.6221120524433	156.64557314041457
559.4883755601995	152.56642915274358
543.8719570260878	148.61318498326523
528.7533274193887	144.7813657834885
514.1109353637974	141.0685190505081
499.8664965078766	137.46989296126512
486.0289660714967	133.9421461886078
472.62131910690675	130.51861784727558
459.63030493886015	127.1964213245146
447.04267289211265	123.97267000757091
434.84517229141784	120.8444772836906
423.0245524615312	117.80895654011982
411.56756272720673	114.86322116410469
400.460952413199	112.00438454289105
389.67490948929714	109.24612141869119
379.19302196068963	106.55953097903927
368.99520437404794	103.91925564341813
359.1023144741856	101.35337847979736
349.50525235010264	98.86002490033306
340.1949180907982	96.43732031718051
331.1622117852722	94.08339014249572
322.39803352252403	91.79635978843407
313.8932833915538	89.57435466715164
305.6335446991417	87.42081697302194
297.60521003396656	85.33837961852322
289.80864273502647	83.31214848924338
282.2093251195326	81.3127139603298
274.82922195623826	79.36714885847321
267.662001515398	77.47422951186445
260.70133206726416	75.6327322486932
253.94088188209128	73.84143339715024
247.37431923013187	72.09910928542538
240.99531238163985	70.4045362417092
234.78759538096216	68.76642482009792
228.75489803416974	67.17348981296487
222.89217725806344	65.62321890195237
217.17968397046474	64.09952438628675
211.62030212331854	62.60895159931785
206.21598160115357	61.15711180697937
200.9622580829768	59.74320206968315
195.8546672477956	58.366419447841466
190.888744774617	57.025961001866236
186.05580808463452	55.72524204998324


