7933.773724153172	1964.699800896215
7643.217772664392	1897.0175528976006
7364.543762828545	1832.4904488292323
7097.612272126913	1770.6194166594578
6841.90585516862	1711.2834072288251
6596.907066562774	1654.3613713778623
6362.098460918497	1599.7322599471127
6136.962592844897	1547.2750237771056
5919.8632512127115	1496.2838303237545
5711.129993564988	1447.3552586310457
5510.80276607972	1400.3330548993185
5318.532287325798	1355.1403809243968
5133.96927587212	1311.7003985021174
4956.76445028757	1269.936269428304
4786.5685291410455	1229.7711554987934
4622.717386476852	1191.1642725239249
4464.52099897399	1153.6233042179713
4312.428694246656	1117.4690338478622
4166.200815465037	1082.652145390717
4025.597705799307	1049.1233228236451
3890.3797084196494	1016.8332501237662
3760.30716649624	985.7326112681885
3635.027086931654	955.8854265016394
3514.1021947148115	927.0126662887637
3397.428232462843	898.9222103447057
3285.076267091921	871.8202184151044
3176.879446631098	845.674931358476
3072.6709191094174	820.4545900333305
2972.2838325559323	796.1274352981834
2875.473875337137	772.7391676740949
2782.087944129029	750.2442793726351
2691.845783912674	728.3122964915613
2604.7306856811624	707.0239039236844
2520.7197256600475	686.4535717942789
2439.6948276753374	666.5806178290743
2361.5379155530472	647.3843597538072
2286.0712815633756	628.9037468500161
2213.2028914263374	611.0920549494374
2142.8693668151463	593.873903930595
2074.7879085235577	577.0379363008487
2009.0259057807498	560.722983002984
1945.5216500428137	544.9387772066972
1884.1901791166028	529.6717984324482
1824.893935672204	514.9611213374765
1767.592809588533	500.74837337018084
1712.2262026035041	486.99567011997306
1658.70223349178	473.6643927760208
1606.8435996519133	460.6305011513747
1556.7075679581346	448.00452453477055
1508.2265945459244	435.78300663784114
1461.305253057831	423.99037366513267
1415.927680496247	412.5714884613602
1372.0381370030914	401.51109073170454
1329.5808827202864	390.79392018135
1288.4613120758083	380.3658508015357
1248.6144266439137	370.2023637297797
1210.0265956592036	360.3700747322769
1172.6640790213012	350.8506429001881
1136.4959085783926	341.6229553761059
1101.480406414796	332.6766090664959
1067.575894614828	324.00120087782136
1034.7406952628041	315.5863277165472
1002.8724928920348	307.3779849110514
971.9774331813512	299.4164682322744
942.0442951930794	291.6919808820479
913.0413081672541	284.1974653201635
884.9367013439145	276.9258640064123
857.6987039630953	269.87011940058574
831.2893157247022	263.02940350260866
805.6585028956047	256.3774513641363
780.7828684444028	249.89651125526342
756.6600612802106	243.6041408437307
733.2653722229045	237.49553970804135
710.574092092363	231.5659074267005
688.5547957301246	225.8171595565501
667.1896049789328	220.23766465322993
646.4494021420821	214.81189020244574
626.2998710487973	209.52205150230242
606.7414208943057	204.3850892169074
587.7517660700419	199.40048960948292
569.3122441478595	194.5641157628263
551.4067314865003	189.86929197285423
534.0167260408982	185.31172093928353
517.1173472153403	180.8807268111814
500.6843616997032	176.56908918790458
484.71440301215057	172.3857361354965
469.19292706094086	168.3271958084941
454.1044639424982	164.39092217327575
439.43352756589877	160.57438538356155
425.1645277048989	156.8751597283958
411.27347796807976	153.28177304265873
397.7519538611291	149.79861440284094
384.58953718594364	146.42802728945125
371.7746797526256	143.16704640734966
359.2904485904654	140.01809124220608
347.122207560982	136.9812844474635
335.2539889149285	134.05112611030512
323.67122225273215	131.22799144615567
312.3578118372533	128.5240194316766
301.29972301146523	125.94119328308096


