5812.717290278286	1482.9656540657656
5593.544379791795	1429.8752510239046
5383.805142958214	1378.8709324745914
5182.698858256428	1330.3043933955673
4990.080664632191	1283.871468297732
4805.711669585231	1239.3620231379837
4629.225610273856	1196.693294214669
4460.25622385636	1155.7825178261237
4298.437247491047	1116.5469302706933
4143.402418336217	1078.9037678467146
3994.023553709759	1042.646936784227
3850.554731564407	1007.6327788645931
3712.9740278268014	973.9975392252959
3581.0321215845065	941.687527149777
3454.4796919250985	910.6490519214876
3333.067417936142	880.8284228238706
3216.53533616556	852.1825916800317
3104.3049592502957	824.7498893946711
2996.1799885889277	798.0269586708025
2892.3162005651075	772.3061215753444
2792.5419869006596	747.5523155133892
2696.6857393174014	723.7304778900228
2604.575849537158	700.8055461103376
2516.029698465759	678.7534683954068
2430.7374206985505	657.6774392768015
2348.480098653724	637.1543782085757
2269.2556268752332	617.2785631089687
2193.034257685341	598.1166296745262
2119.696492190512	579.6454623859956
2049.1228314972022	561.8419457241214
1981.1894391244007	544.6873017571254
1915.6744669663553	528.2607641779637
1852.5703376880665	512.4094459901062
1791.57949589878	496.90469145210045
1732.8187289832272	481.93218759798003
1676.2038162152076	467.4766133508464
1621.6505368685182	453.52264763379776
1569.0746702169583	440.05496936993586
1518.3157906311703	427.1344623855124
1469.3741735512876	414.66130943729524
1422.1336204572551	402.5669576602147
1376.461847762598	390.76898672151873
1332.4029274931409	379.36133190075464
1289.8967962820977	368.3337930848586
1248.883390762679	357.676170160764
1209.2520632114627	347.4288473720444
1170.9962980098046	337.52807685748354
1134.0660676688578	327.9536226260836
1098.3592211095506	318.6398650211212
1063.8228232076694	309.5704003407255
1030.466495819651	300.79138186368124
998.2468593121544	292.2959613789922
967.0857689419813	284.11205578551306
936.9762340923309	276.19642785570625
907.8824288575574	268.534675650874
879.7656864520186	261.1152381123197
852.5420250911113	253.88123918238625
826.1972866123056	246.84562642549002
800.725023673344	240.02905822631953
776.0679585331916	233.4524620139478
752.2227154193735	227.0828632488848
729.1615291956825	220.911676755373
706.856038853366	214.93091323020317
685.2778833836676	209.1325833701662
664.3589992470495	203.46899534126788
644.1031601266112	197.9689436588103
624.4827217288343	192.65194980522452
605.4927393675031	187.4963270598348
587.112142811863	182.496514246507
569.3198618311575	177.64695018910695
552.0948261946307	172.94207371150017
535.4152565963554	168.37561456238092
519.2225839716175	163.91475877354668
503.53052714974217	159.59250352916592
488.33101110789937	155.39716377712395
473.6081639196148	151.32485136895247
459.346113658413	147.3716781561822
445.5289883978196	143.53375599034487
432.14091621135924	139.8071967229712
419.15140975695806	136.1883039247821
406.54286278130286	132.65758903377156
394.3215017901099	129.2273807066576
382.4752208298683	125.89493392360606
370.9919139470706	122.65750366478426
359.8594751882059	119.51234491035801
349.0630756561692	116.4594355840923
338.5902332155857	113.49640684801686
328.42197081681695	110.60454761114525
318.5545846239725	107.78758705285213
308.98398312018924	105.04886667153833
299.70079674742504	102.38644992442613
290.69452903725903	99.79952717911789
281.9538717712562	97.2881005532288
273.4734944883914	94.84619440696565
265.2423065967379	92.4686892256957
257.2453090541086	90.14655704452596
249.48430407852163	87.88757115876855
241.95099095073107	85.69129611350338
234.6370839720525	83.5572814332482
227.5378703600729	81.4815037262496


