8098.286265651339	1821.7051827871387
7829.642942420807	1762.4358378427291
7572.069592379746	1705.5900295730853
7323.954929732607	1652.173244351472
7085.415397776591	1601.4632394584478
6856.4576762880615	1552.8475356953722
6636.633679896431	1506.1684190105866
6424.137163827237	1459.9100159485506
6219.151644380133	1414.5462141278476
6022.137626281574	1370.8278895938515
5832.771935260361	1328.7222393942993
5650.731397045303	1288.1964605769203
5475.692837365215	1249.2177501894562
5306.4971676469595	1212.589219581573
5143.561754944445	1177.537524475915
4986.757774620625	1143.8355122860619
4835.819879728628	1111.3925527354374
4690.1884561256265	1079.8237483515118
4548.829431249947	1048.26974324291
4412.615701233532	1017.7781502118664
4281.354067395483	988.3304872477861
4154.851331054904	959.9082723400641
4032.914293530902	932.4930234781052
3914.990336072573	906.4256787213037
3800.994807012579	881.5792090455129
3691.0343305406104	857.635309569536
3584.9498338315952	834.5413724269556
3482.582244060455	812.2447897513468
3383.525868305537	790.4463335797107
3287.2461005577193	768.7178628615825
3194.253064938653	747.6759666772627
3104.4298447426845	727.3101932797563
3017.659523264163	707.610090922065
2933.8251837974412	688.565207857195
2852.4610335924117	670.5139683826019
2773.7612717026113	653.1348049921087
2697.6821413498847	636.3441060112184
2624.1270806868524	620.1110648346687
2552.9995278661318	604.4048748571929
2484.202921040342	589.1947294735287
2417.161432035738	573.9705557520474
2352.1919344775292	559.1149825600755
2289.3059106637716	544.7052474377864
2228.431676495979	530.7354215288109
2169.497547875662	517.1995759767761
2112.2309456078874	504.2926770217614
2056.710450892867	491.85853050868695
2002.9353754345668	479.82021177873935
1950.8463272336653	468.15949987637
1900.3839142908562	456.8581738460373
1851.4887446068196	445.89801273219234
1804.101426182246	435.2607955792928
1757.8165714272977	424.58230584126943
1712.9173923645435	414.18692658445946
1669.374794086738	404.08673394538573
1627.1442232862464	394.278345660182
1586.1259576262482	384.813548494163
1546.2195644701656	375.7448395124063
1507.5007405641331	366.94858639727056
1469.9324449686555	358.4138945167508
1433.4776367442348	350.12986923884
1398.099274951372	342.0856159315325
1363.760318650573	334.27023996282196
1330.4237269023372	326.67284670070256
1297.905107189245	319.13518993524247
1266.232735578801	311.711692041441
1235.4650430555319	304.4869303113125
1205.573949620236	297.4589710531492
1176.4687829044249	290.68847294453394
1148.1397077897498	284.155257412908
1120.6099018098657	277.80613323370784
1093.8559325521962	271.63451912860523
1067.8543676041625	265.63383381926946
1042.5817745531879	259.7974960273723
1018.0147209866939	254.1189244745833
994.1297744921035	248.59153788257368
970.9035026568383	243.20875497301353
948.1747212287827	237.82624262803495
926.0486849279092	232.56610670185898
904.520869346453	227.4406739209686
883.5335019100021	222.48865620161035
863.0786000462971	217.6989754578875
843.1723947738328	213.03634001313935
823.7998413577553	208.49673394406307
804.9458950632052	204.0761413273533
786.595511155328	199.7705462397069
768.7336448992644	195.57593275781852
751.3452515601599	191.48828495838518
734.415286403156	187.50358691810158
717.9287046933963	183.61782271366428
701.7869363005657	179.74345102631025
686.0463401572183	175.94785960014661
670.6939810410944	172.26105909184108
655.7042585817289	168.69636539499294
641.0978127441799	165.22085406767638
626.8648353363837	161.83204882508892
612.9955181662763	158.52747338242688
599.4800530417939	155.30465145488753
586.308631770873	152.16110675766757
573.4714461614493	149.09436300596397


