6381.391559944992	1467.8188305653366
6164.975481361675	1419.2965560782973
5956.712059368556	1373.6197337116773
5756.738753251736	1330.1454710478529
5564.941343946708	1288.4825540198376
5380.939078831492	1248.50630211809
5204.153076707066	1209.8939062560266
5033.097334145072	1171.4154351177242
4868.793748640307	1134.34885831042
4710.961670544451	1098.6695982982267
4559.320450209182	1064.353077545267
4413.150019814963	1031.8141366868701
4272.376992575749	1000.8209353248922
4137.026910988188	971.0427037784718
4006.867763005126	942.4062269105734
3881.667536579397	914.8382895841523
3760.818430307278	887.8898873056055
3643.882854224215	861.2822270204992
3531.284522934484	835.5978202432289
3422.8506996980373	810.8227271438677
3318.326114270447	787.0255413968846
3217.257314669975	764.4730384140414
3119.8668333372025	742.7560091847997
3026.011411252056	721.8310361592573
2935.547789394471	701.65470178752
2848.332708744374	682.1835885196865
2764.0670185040353	663.2183870281974
2682.298596519083	644.406816628852
2603.3889248824185	626.2102008847218
2527.230201385213	608.6205790571532
2453.5841922831482	591.7604219429926
2382.31860135649	575.646262814493
2313.5051814371736	560.0905858922392
2247.0541990354586	545.0673617184987
2182.8759206616005	530.550560835535
2120.8806128258584	516.5141537856155
2060.978542038486	502.932111111003
2002.7756288032808	489.4740573475026
1946.3989043152815	476.3307277221612
1891.8815307630425	463.5989884555421
1839.0677406722255	451.3618225902253
1787.8791001516859	439.6248795856038
1738.360701809999	428.2702824013443
1690.4555164653834	417.2822757874774
1644.1065149360534	406.64510449402997
1599.2566680402283	396.34301327103356
1555.8489465961188	386.3602468685141
1513.8263214219483	376.6810500365033
1472.8874735544987	367.0453777435997
1433.2127692796191	357.67487020746125
1394.7425461646644	348.61866317873194
1357.3787240068668	339.9283966208493
1321.174050365872	331.50488273483137
1286.0917227514879	323.3384837715387
1252.0949386735194	315.4195619818292
1219.1468956417752	307.7384796165636
1187.2107911660605	300.2855989265996
1156.249822756183	293.05128216279786
1126.2271879219486	286.0258915760164
1096.9633752893978	279.0570805333483
1068.5426934919024	272.25632240921755
1040.8895336053924	265.7247942448787
1014.0486247353756	259.3876782385343
988.0013347971546	253.2335177785887
962.7235320743112	247.25635588517054
938.1910848504228	241.45023557840904
914.3798614090712	235.80919987843288
891.2657300338343	230.32729180537137
868.8245590082935	224.9985543793531
847.0322166160272	219.81703062050747
825.8070015828	214.7191939911475
805.1048623281597	209.7314776716541
784.9613931800942	204.90589093992526
765.3871901155444	200.21203472279416
746.366170805447	195.64618825309526
727.88225292074	191.20463076366474
709.9193541323605	186.88364148733717
692.4613921112459	182.67949965694856
675.4922845283334	178.5884845053336
658.9959490545613	174.6068752653284
642.9563033608651	170.73095116976725
627.3545233735189	166.95573412495446
612.0733841086209	163.24216738683958
597.2058990378307	159.62441198359636
582.7411672023579	156.10011949106772
568.6682876434165	152.66694148509833
554.9763594022161	149.3225295415312
541.6544815199702	146.06453523621093
528.6917530378895	142.89061014498068
516.0772729971861	139.79840584368475
503.8001404390716	136.7855739081666
491.84945440475803	133.84976591427048
480.2013019807714	131.00164539252512
468.8283486342043	128.21428799899152
457.7249882642219	125.46870996714128
446.9107604782307	122.79047827337232
436.37814580242264	120.17810081286814
426.1196247629906	117.63008548081325
416.1276778861269	115.14494017239113
406.3947856980237	112.72117278278608


