11533.848049378554	2661.9712231852563
11140.285376731299	2575.4509591214073
10762.405765170826	2491.9536226288874
10399.611966806811	2411.434873755657
10051.306733748952	2333.8503725497058
9716.892818106917	2259.155779058999
9395.772971990407	2187.306753331523
9086.78914730622	2118.819755618118
8789.28681372953	2053.7077284012908
8503.42576239123	1991.1692927077956
8228.708834701201	1931.0600192854195
7964.638872069317	1873.2354788819366
7710.718715905465	1817.5512422451375
7464.936897912517	1762.3485704157933
7228.228771016507	1708.9155456578405
7000.3939910408535	1657.4045531325974
6780.43141723469	1608.4136637039273
6568.467557840579	1561.4132992422415
6364.350944669297	1516.151858049761
6167.76569499781	1472.5421529624928
5978.395926103096	1430.4969968164564
5795.925755262122	1389.9292024476608
5619.487302617452	1350.199585557712
5448.802538878917	1311.2588124154845
5284.173585133945	1273.6376996674471
5124.871552466332	1237.8079965424624
4971.150985571312	1203.2580186579748
4822.8320213004845	1169.9104894750467
4679.710737183553	1137.7121917766538
4541.583210750203	1106.6099083457684
4408.245519530143	1076.5504219653626
4279.493741053065	1047.4805154184103
4154.506328849	1018.7293474882179
4033.6424451432995	990.8067856534105
3916.5068941539153	964.1234990311937
3803.288972268975	938.3234721709039
3693.8582581793057	913.370407319167
3588.080834776678	889.2315025216776
3485.822784952856	865.8739558241209
3386.950191599612	843.2649652721916
3291.32913760871	821.3717289115764
3198.8020043443526	800.137743260399
3108.8236221473303	779.1189538133735
3021.517171773317	758.9525028212729
2936.988228764473	739.4229506122917
2855.1579335329307	720.4992926446687
2775.9368688650256	702.1610820024173
2699.2356175471123	684.3878717695601
2624.9647623655246	667.1592150301101
2553.034886106618	650.4546648680899
2483.3565715567274	634.2537743675132
2415.8128448303264	618.5085399405248
2349.9447539728176	603.0829145604952
2286.0738326655396	588.1242153405873
2224.154201905209	573.6046083368709
2164.125043978922	559.5111983150452
2105.9255411737686	545.8310900408054
2049.494875776846	532.5513882798504
1994.7722300752453	519.659197797875
1941.6967863560621	507.1416233605788
1890.2077269063889	494.98576973365687
1840.153007571991	483.250411838957
1791.3727578124399	471.6706031137693
1744.0220224334798	460.41268103413597
1698.0586897875655	449.468477900602
1653.4406482271445	438.82982601371236
1610.125786104671	428.4885576740122
1568.0719917725928	418.43650518204686
1527.2371535833638	408.6655008383609
1487.579159889433	399.16737694350024
1448.997507333298	389.99235750796186
1411.5109602418752	381.07139885782806
1374.9584974601846	372.26332086946104
1339.4347282904382	363.68721792025667
1304.9115976594974	355.3395200122607
1271.3593952863203	347.2150019396159
1238.7484108898625	339.30843849646203
1207.048934189082	331.6146044769415
1176.2229265441104	324.13660303401906
1146.218246094717	316.89164054102605
1117.0400830783076	309.8395912736496
1088.6619568266356	302.97200041324083
1060.9765959819126	296.1996224516136
1034.040795584688	289.5972782789159
1007.8358091468681	283.16424725665587
982.3402511745763	276.89716974055534
957.5327361739285	270.79268608633225
933.374223189114	264.8650921116416
909.8541967651697	259.10015813328215
886.9620376195146	253.48375829567618
864.6786071438453	248.01028606896512
842.9813815013051	242.67074969473697
821.8034143267005	237.41173488624275
801.1806253366314	232.2826934385272
781.0973236819696	227.28146658090697
761.5305102766491	222.4132037796404
742.4629860903351	217.6772544452516
723.890303235099	213.0602168458611
705.798340246525	208.55836282607476
688.1729756601967	204.1679642304992


