1687.165827680229	475.3169948352946
1616.6842366672236	456.80993490471667
1549.4821035512252	439.11061522012733
1485.4066949753285	422.19039935623846
1424.3052775826325	406.02065088776766
1366.0101169395912	390.587734466068
1310.308464845858	375.9230285093014
1257.1427406169144	361.9027439197939
1206.2284293031255	348.3312929806934
1157.5840016158	335.3160736360898
1111.1202133212835	322.8567688851133
1066.698312812512	310.96469151462134
1024.2108570768512	299.61984571704653
983.5973214756904	288.75531731079116
944.681534405137	278.25936158496256
907.4207397700322	268.1536493374024
871.7765936961596	258.46426358689433
837.6372308458751	249.21260300792966
804.9540787996451	240.35677335689513
773.6702871339176	231.8631583941912
743.6839410359901	223.67701661658668
714.9128883656402	215.76336919333073
687.3514686745016	208.16552777715242
660.9133083256924	200.90503805223295
635.5800245015299	193.93545488355858
611.3017517347067	187.2418157857363
588.0249447834085	180.80547849886648
565.6489888090034	174.56073116623202
544.1801182998546	168.56418754199214
523.5711478760701	162.81606580104028
503.80101699840674	157.2904592776237
484.83316496960174	151.9769614640073
466.63103109239296	146.8651658524553
449.12845581147144	141.91506707718545
432.2994360024453	137.1491930640162
416.13406160274883	132.56768054348834
400.61061089648217	128.15786188889604
385.70199570621213	123.91243593506891
371.3811278545046	119.82410151683543
357.6092009586662	115.87604902087404
344.3431376003934	112.06318084044233
331.59225571780416	108.38899738798617
319.336255814797	104.84835388579035
307.55483839527136	101.43610555614055
296.2277039631257	98.1471076213216
285.3290438012898	94.98061186786111
274.82180231883933	91.90940865443578
264.7140584103156	88.94655800464758
254.99040799721791	86.08839759283028
245.63544700104814	83.33126509331903
236.63251810989004	80.67275141386334
227.9631986902931	78.11221278374983
219.60686512069395	75.62906106037934
211.55841200156755	73.2274143134024
203.8098373945793	70.90849407365998
196.34931719917213	68.66969970977041
189.16111178333497	66.51234612180463
182.23810126526246	64.42912845962897
175.5638801516436	62.41061223047945
169.12936763380935	60.45503504782555
162.93026502838484	58.565416650430805
156.95488547697752	56.74239610698396
151.1967897921807	54.98136481518849
145.6479373697657	53.27931558956915
140.29660761787542	51.6304045577452
135.133919352014	50.03162725469774
130.1550417998668	48.48778884336164
125.35504041848773	46.99526412886678
120.72737602893605	45.55203255233831
116.26537228721452	44.15621071995744
111.95967213223001	42.803831499611604
107.8027646267851	41.49367968236446
103.79339422793957	40.22613292529759
99.92621952875105	38.9998087263247
96.1958991222769	37.8133245833592
92.59640446475649	36.665985131133
89.12067319304738	35.55350394286036
85.76532730310748	34.47513813951511
82.52751935388207	33.43135255811957
79.40265561800695	32.42140579629934
76.38634880550953	31.44435001428744
73.47497245629968	30.4984765424357
70.66196861228349	29.580040071177557
67.945992557674	28.690798528735222
65.32354036809211	27.83025518933289
62.79155876048259	26.997179207527918
60.34668028746867	26.190653902198008
57.98449051446403	25.409029123753474
55.701820735331275	24.651423470999298
53.49698880455706	23.918002990555422
51.36716476141098	23.208103582472155
49.30937571291368	22.521204079049095
47.32072756426972	21.85612890346316
45.3978279503186	21.211462681400864
43.539231744212515	20.587831911424317
41.742545457220494	19.98474404062459
40.00538777332006	19.401694343383944
38.3252125572164	18.837989097228686
36.699063118386114	18.292677500727258
35.12546599491383	17.766321490057173
