2320.0887963241357	588.1481311967161
2233.104062907405	566.9515059849804
2149.9060242245573	546.6097546085589
2070.2009566084566	527.2298750259141
1993.8001151641074	508.81388642337834
1920.6959001438684	491.18266283991966
1850.7403183548754	474.2974717597381
1783.7853766042597	458.11958066703005
1719.6830816991564	442.6102570459957
1658.2774012580091	427.72272919214197
1599.0954685792558	413.09339108097447
1542.1839810220195	399.2162115225343
1487.6093622521867	385.90348201270547
1435.278912300566	373.12661768244277
1385.095755228704	360.86120963197004
1336.963015098144	349.08284896150707
1290.7838159704327	337.76712677127756
1246.4612819071133	326.88963416150165
1203.6436136913846	316.24707999575315
1162.416372604438	306.07466700722165
1122.809129372787	296.29095470368765
1084.7577362389889	286.88043980901153
1048.1980454456025	277.82761904705586
1013.065909235185	269.11698914168113
979.297179850296	260.73304681674983
946.8277095334922	252.66028879612236
915.4526649226397	244.82495246635256
885.1630385719257	237.25466489883433
856.0127186220461	229.95857126840775
827.9587647921708	222.92678338470574
800.9582368014732	216.14941305736124
774.9681943691237	209.6165720960073
749.9456972142937	203.31837231027635
725.8478050561556	197.2449255098021
702.5862422542339	191.4047431359126
680.0520679468052	185.6977691096805
658.3309983495359	180.1871471382682
637.3939408760361	174.86650798119678
617.2118029399146	169.72948239798603
597.7554919547816	164.76970114815708
578.9959153342459	159.9807949912297
560.9039804919174	155.3563946867249
543.4296706665596	150.9110551690081
526.5178997677383	146.599079552173
510.1546613127405	142.39001131281043
494.3594654642134	138.3191899524704
479.11235006573025	134.38248265363035
464.39335296086847	130.57575659876989
450.18251199320105	126.89487897036645
436.4598650063052	123.33571695089947
423.1930628365259	119.90652473007515
410.36270789192196	116.6026049258898
397.9326432863657	113.37306620524578
385.9013980717449	110.22759907963612
374.2727178170196	107.1811105776263
363.0327391328033	104.2308987694349
352.1675986297082	101.37426172527958
341.66343291834755	98.60849751537889
331.4995874002396	95.93769541904459
321.6591709686354	93.36218122385732
312.1403614448746	90.86721178930794
302.90656471422426	88.42417696472978
293.9625989679105	86.0458789054139
285.3077129446217	83.73955031411501
276.9321448682953	81.50341337883576
268.82613296286775	79.3356902875787
260.9761919212463	77.23832675937655
253.3685691351633	75.21353581443597
246.00268070604326	73.25036176327248
238.86986301673602	71.34592863497535
231.94423917900258	69.48014718754443
225.23008292498304	67.66307879935863
218.72598406742665	65.89910092940627
212.42498043118812	64.18703904878097
206.3177483278987	62.52808014179875
200.3941980415675	60.92417722039853
194.65387138514478	59.3676517675775
189.0905739336448	57.85656150426955
183.6981112620813	56.388964151408196
178.4584985658205	54.951127050279176
173.3745158385096	53.550082340449755
168.44483272072983	52.18875180842041
163.6624075081924	50.868356848674985
159.0208855303491	49.58943182195876
154.51931443124835	48.34710877441846
150.1531988129015	47.14006279423978
145.9180432773187	45.966968969607805
141.80935242651128	44.82650238870822
137.81431067127397	43.70901794851069
133.93510120755428	42.6198693311373
130.16816432607322	41.56297084084703
126.51052584983414	40.537077460528636
122.96055029822189	39.53960547668878
119.51493047175083	38.56964289470519
116.17035917093506	37.626277719955304
112.92352919628894	36.708597957816835
109.77113334832656	35.815691613667255
106.70355587003505	34.94033813535705
103.720948296639	34.08989744430909
100.82403447433092	33.262445649362206


