2275.3240820517285	582.1945347413116
2189.1731100680868	561.1448425198422
2106.6220555746277	541.1710381866277
2027.684713738613	522.0557254691715
1952.1984016232327	503.75798619906266
1880.0004362916688	486.2369022078841
1810.9281348071115	469.4515553272247
1744.8188142327435	453.3610273886676
1681.2247906735115	437.68981828422613
1620.0674060188753	422.72047560294504
1561.4661594622053	408.36050654621647
1505.313363418912	394.58394802357736
1451.5013303044093	381.36483694456774
1399.9223725341062	368.677210218724
1350.4688025234161	356.4951047555862
1303.0329326877484	344.7925574646908
1257.1813778551427	333.4144363705758
1213.1439830342988	322.49264222400313
1170.8682153545305	311.99234977025185
1130.2819226549923	301.89694465400174
1091.3129527748406	292.1898125199351
1053.8891535532298	282.8543390127319
1017.9383728293167	273.8739097770743
983.3484020998626	265.258977255638
949.8957441262523	256.8607813861129
917.7260964957524	248.77017332812818
886.7905665180168	240.9764686158136
857.0402615026975	233.4689827832966
828.4262887594487	226.23703136470652
800.8997555979215	219.26992989417164
774.4117693277713	212.55699390582043
748.8642645981529	206.13671159427804
724.1601562037185	199.85171632716134
700.3593287944886	193.77834295151314
677.4361888023715	187.91760823251445
655.3571875306171	182.26257380668872
634.0887762824739	176.8063013105575
613.5974063611919	171.54185238064414
593.8368029951475	166.47501472834267
574.7628873211072	161.6093801566597
556.3217033811395	156.86065712301186
538.5133357710349	152.2477074120663
521.3377118660874	147.7892355879929
504.77151617403763	143.4807033474092
488.79143320262574	139.3175723869313
473.37414745959313	135.29530440317683
458.4773187369997	131.42838580844054
444.09221554862444	127.69769429330387
430.18817991681954	124.0730902219984
416.729649387966	120.53243534555193
403.73292874861716	117.10545865516679
391.181606429972	113.78917278668956
379.059270863228	110.58059037596567
367.34657231408863	107.47966222433621
356.01588351871874	104.49461666267939
345.06713172591066	101.60612750924759
334.4857535894827	98.80935917726543
324.2263231677806	96.06861348448498
314.3052342338323	93.41001196334055
304.7133004457464	90.83409603134717
295.43881363847436	88.33888528286232
286.4625035371536	85.92996142205709
277.7766260903557	83.60137992966992
269.37521002309086	81.34542350999911
261.2478371339396	79.1588217937739
253.37280234504638	77.02701753528899
245.74019972512792	74.94725263540987
238.35330064806038	72.92994630016271
231.20217741386182	70.97523998434178
224.27325305742187	69.0869244078686
217.56573719316077	67.25600371113434
211.07207317630218	65.48024829372741
204.78470436206933	63.75742855523575
198.69502161425828	62.08426240382015
192.78201940846475	60.445071359441
187.05410202867046	58.85358675044476
181.50033498013062	57.31365153496857
176.11888201591242	55.82001042333835
170.90511707445205	54.37019794051032
165.85348290678024	52.962679798847034
160.95842226392688	51.5959217107105
156.2143778969231	50.268389388463376
151.6083159511528	48.971071938821765
147.13697679765679	47.70978717548701
142.80056447627672	46.48578390677367
138.59630212910798	45.29662822095038
134.52004122837224	44.14125787615757
130.56763324629244	43.018610630536244
126.73492965509047	41.92762424222688
123.01778192698883	40.867236469370354
119.4072498582403	39.83507252085251
115.89918011060803	38.827998139093545
112.495775067914	37.8487098472234
109.19389275238737	36.8964662076713
105.99039118625703	35.97052578286621
102.88212839175216	35.070147135237356
99.86596239110168	34.19458882721372
96.9371728354117	33.34468779234746
94.0928642460232	32.516820528582684
91.32805321759253	31.707392397034166
