2560.9316520896054	656.7870125326803
2463.556441371416	633.1495646326752
2370.484653751396	610.538597118261
2281.5214376147487	588.9051449817581
2196.471941346684	568.2002432154927
2115.1413133324068	548.3749268117855
2037.3347019571256	529.3802307629626
1962.5447432040528	510.91578483026717
1890.6314591249316	493.26524732487553
1821.7523908551939	476.34059184045
1755.778459166962	460.11067130261074
1692.5805848323575	444.5443386369752
1632.029688623506	429.61044676916435
1573.9966913125281	415.27784862479484
1518.343433223616	401.50631668155495
1464.5664045034973	388.1404882202572
1412.946221186356	375.30844446810636
1363.4099038441218	362.9768135165815
1315.8710525129818	351.1256439929107
1270.243267229121	339.7349845243175
1226.4401480287274	328.7848837380294
1184.375294947986	318.25539026127063
1143.8828398466444	308.1478861041911
1104.7642842407472	298.309074936592
1067.1595726325813	288.8346773147508
1031.0101986867464	279.71180703416695
996.2576560678438	270.9275778903427
962.8434384404726	262.46910367877774
930.709039469235	254.32349819497404
899.7927301905197	246.48109786264195
869.9645950671071	238.9732303982122
841.1375707541014	231.62212953527148
813.3825791681264	224.53042396276044
786.6595464115909	217.6897465554049
760.9283985869013	211.0917301879286
736.1490617964657	204.72800773505725
712.2814621426912	198.590212071515
689.2632886143753	192.69221318563783
667.0563853571332	187.02372590894132
645.5701763242525	181.4712889594341
624.846195396882	176.09872620115544
604.8642043881797	170.90808943015472
585.5964297689866	165.89389510016323
567.0150980101447	161.05065966491406
549.0924355824947	156.3728995781385
531.7733280101778	151.88247224027063
515.0571449283389	147.5467509407363
498.88704012138896	143.31864590395892
483.25330479004236	139.20434074610006
468.1598239852216	135.22361293352694
453.587094380692	131.37285155545197
439.5156126502219	127.64844570108917
425.91959218069474	124.05306774653465
412.77161509823884	120.59102132864186
400.0692661044087	117.24160750883604
387.7867700515345	113.99051111119155
375.8842659126567	110.80933108049314
364.3796267163441	107.7274004170537
353.25899777796036	104.74232440798134
342.5085244128702	101.85170834038479
332.10399444338134	99.06351499442857
322.0389059818351	96.3679968602435
312.30507865607495	93.75708491245945
302.89019511381025	91.22684710583908
293.7607691043308	88.75218249672423
284.92107387869305	86.3457496432246
276.3674901857497	84.01231460124478
268.0880380438491	81.75227178157571
260.0669508637966	79.56980220255232
252.30335465622247	77.45419428268397
244.78835027361046	75.40276159862637
237.51303856844493	73.41281772703566
230.46239061659293	71.47554646795099
223.62122947903595	69.58198360652567
216.9952121140585	67.74399882521615
210.571742875841	65.96583345044095
204.34791870629095	64.24203622089067
198.31878799835135	62.56920442422113
192.47783712985796	60.94549736319466
186.818552478647	59.36907434057407
181.33442042255382	57.83809465912158
176.00725922638236	56.33904950856741
170.83961089751952	54.88378999302076
165.82754671841624	53.472786042089005
160.96871183872688	52.10227961727538
156.2582702560213	50.77099383216963
151.69138596786811	49.47765180036081
147.2632229718372	48.220976635438674
142.96894526549724	46.99969145099232
138.79760397992388	45.80877398901006
134.74486322121209	44.648965780019395
130.81332577060667	43.521394001953404
126.99935062587593	42.42517058112211
123.29929678478848	41.35940744383581
119.7095232451127	40.323216516404585
116.22638900461718	39.315709725138696
112.84526512717201	38.336986930246525
109.56049898161879	37.384460303805525
106.36772700461009	36.453334088714065
103.26853157628517	35.54734949066529
