3204.7133966565925	803.0485111945843
3085.7724465651595	775.0580095193486
2971.974608242963	748.2600581953484
2863.0859501144287	722.5951956365868
2758.8725406039903	698.0039602570744
2659.1004481360737	674.426890470815
2563.4182814210926	651.6870649777982
2471.2513607219453	629.5393193429338
2382.717892051947	608.4518977349597
2297.8363643528983	588.2144379695092
2216.4522080346196	568.7896363941995
2138.410853506932	550.1401893566436
2063.55773117966	532.22879320446
1991.7382714626233	515.018144285261
1922.6755474232054	498.3485816042248
1855.9690706919894	482.260871547807
1791.8882859952175	466.7908442110195
1730.3339091198723	451.910595184473
1671.2023749644054	437.59650094731876
1614.390118427265	423.8249379787036
1559.7935744069016	410.5722827577781
1507.3091778017633	397.81491176368934
1456.6936709952129	385.51749266452737
1407.7970510551006	373.56595396266334
1360.7480301792548	362.0466059535043
1315.4762296131942	350.94434052287573
1271.9112706024416	340.2440495566075
1229.982774392516	329.9306249405254
1189.6203622289397	319.98895856045823
1150.7442737232318	310.4133239362335
1113.2006064462128	301.2155884733513
1076.9008794303452	292.2147807478909
1041.9189584873293	283.5235833668863
1008.206296513334	275.132266021841
975.7143464045264	267.0310984042562
944.3945610570753	259.2103502056351
914.1983933671477	251.66029111747906
885.0428166065229	244.40567045568093
856.9014133750667	237.41462820804338
829.6511419812914	230.55937452065308
803.3492735413199	223.9248740603652
777.9663088232967	217.50932114605644
753.4682549034628	211.30641640470026
729.8211188580613	205.30986046327172
706.98117564075	199.5230860713272
684.9008328965249	193.95339328708968
663.5744419972265	188.56613844193078
642.9253418000454	183.30470789257038
622.9524469708666	178.18806380442618
603.6531034859651	173.23359965330272
585.0031388736734	168.43719046706514
566.9783806623282	163.79471127358036
549.5327129612459	159.32398051973155
532.6658615693285	154.9969749628195
516.3570060924756	150.80621755314462
500.5655560407652	146.72588888906427
485.26408411624396	142.74333276090414
470.4618110793198	138.88254101735131
456.1412570866106	135.14080490330306
442.2729100181414	131.52744794025185
428.84949232148966	128.02955908213534
415.8587688252728	124.63918490185225
403.2851161555433	121.3517601748672
391.10686289738226	118.15667163567537
379.2903008622393	115.0312692451383
367.8473580887322	111.99853919128779
356.75728550950913	109.06461591431805
346.01380868884144	106.22115922279887
335.60786322137864	103.4626188949233
325.5279311109336	100.78589829971986
315.76249436131945	98.1879008062169
306.29860554212837	95.6641003492217
297.1072492701005	93.19390291068973
288.19138278532455	90.8018826357864
279.5487222720421	88.47955521691385
271.17089918833716	86.2245210726332
263.04926740867757	84.03465820512048
255.17518080753172	81.9078446165524
247.53999325936744	79.84195830910502
240.1319960042537	77.8355835803828
232.93066295088818	75.87578149801685
225.94486775840232	73.97106753863494
219.16799984491962	72.11999089318986
212.59344862856568	70.32110075263547
206.21460352746402	68.57294630792468
200.02441535950095	66.87451535025055
194.0142002096378	65.22643040372823
188.17777628572915	63.621392880248976
182.50540731630767	62.05382375478334
176.99863317290547	60.52942014530089
171.6523056446826	59.04719108739928
166.46087646925884	57.60654566821721
161.41813337749176	56.20755698165483
156.5208693788399	54.84729284301203
151.7642977319542	53.52440081839561
147.13908489346207	52.23298167188889
142.64381825326785	50.97505710085211
138.27539071138057	49.752456298309625
134.03017454225562	48.56405090070655
129.90480672607714	47.408447838759464
