2500.3737037938226	666.7066179488852
2401.768777364438	641.6972857851666
2307.5574161275317	617.6862959824778
2217.434265309331	594.7695373909698
2131.203114393974	572.9337546028955
2048.803133474612	552.030311601483
1970.0628967646348	532.021168249732
1894.8109784774285	512.8682844106363
1822.8759528263836	494.5336199471957
1754.0863940248873	476.9791347224044
1688.1075782316607	460.27885297598004
1624.6940959439844	444.02785106606564
1563.9857291016556	428.4387157221572
1505.8653451570608	413.48649307628045
1450.2158115625907	399.146229260465
1396.9199957706314	385.3929704067368
1345.8325049378948	372.23002294280406
1296.7924489297325	359.67619058772743
1249.586790277983	347.432097572367
1204.312612277775	335.659147377218
1160.8946543355044	324.3463995940421
1119.2521372892038	313.47739524623813
1079.3042819769091	303.0356753572084
1040.9333419540158	293.0417482329903
1004.0642599580597	283.47343299748576
968.5681676074048	274.17553629408417
934.4363743170416	265.1846960050745
901.6532573126058	256.5306178233912
870.1625532317207	248.20236685395588
839.9079987120069	240.1890082016892
810.799335147841	232.51360221475943
782.8016677802889	225.14384539464294
755.8546373011056	218.01788892968517
729.8726564665602	211.0824245603975
704.8820950955683	204.39610108993762
680.8433689884432	197.95161330286163
657.7168939454973	191.7416559837239
635.4354876507603	185.78652203336446
613.9827990381992	180.0556731026824
593.331599549673	174.52944833468885
573.3960484645079	169.14526741968982
554.1824291343117	163.93267412027248
535.6771901610175	158.90137744934933
517.8521791128055	154.04648538608035
500.6577086746379	149.38464079284145
484.08652617912617	144.89005188436235
468.1170329772691	140.5512728569804
452.7159383094992	136.35193139340282
437.830013483322	132.25571724341214
423.4763579964235	128.2966483469691
409.63474693790783	124.47141823545454
396.26843191393726	120.79324392319478
383.3750247270244	117.2409822281638
370.9373634697862	113.80826367823275
358.9374531531467	110.48955188296401
347.3404294050583	107.26244106894814
336.13165181186537	104.12474942116786
325.31077202983766	101.0902934472454
314.85268481961555	98.16722154693568
304.7556605998237	95.34030646201063
295.0065801304322	92.6057105928958
285.59232417141055	89.95959634001707
276.4997734827297	87.3981261038003
267.6968707163519	84.89852417666417
259.18570738636976	82.47638755010375
250.9548754146242	80.13792195533442
243.00129718945388	77.87387145959897
235.31530892828675	75.68156630104977
227.88724684855194	73.55833671783913
220.70744716767769	71.50151294811944
213.7636711398053	69.50585026675562
207.03285858801462	67.56140748206059
200.52058139900572	65.67990901613342
194.22271850359442	63.85639361975147
188.13206185100503	62.088987025282705
182.24140339046227	60.37581496509543
176.54353507119046	58.71500317155763
171.03124884241436	57.104677377037646
165.68792765508448	55.54094937669332
160.5109388508384	54.01914968809518
155.5008444352436	52.54282863909984
150.65219996854216	51.11066435357414
145.95956101097468	49.721334955384215
141.41748312278307	48.37351856839691
137.01935380104598	47.06706137964039
132.7591972479217	45.801172871065155
128.62672088160087	44.564988144151926
124.62434494317192	43.36414786170231
120.74849066927726	42.19829368207251
116.99499852850661	41.06648649556567
113.35957956351099	39.96791661842282
109.83624407480224	38.90347510902483
106.42316958595532	37.8698858026888
103.114122714252	36.86346417395274
99.90484674984725	35.88250237022789
96.79525422957788	34.92946178560733
93.78212656085982	34.00367268476322
90.86087927552992	33.10583120794723
88.02980801914921	32.233753381686526
85.28604730529365	31.386416364493446
