1434.1960799585509	386.79173981363203
1376.9320686487515	372.3249014063995
1322.1598625814067	358.5397789231032
1269.8396817926298	345.3427054909202
1219.8613565118621	332.71040404370774
1172.114716968541	320.619597515319
1126.489593392108	309.0470088396107
1082.8613724487673	297.9838045136698
1041.0642400225772	287.4566738781364
1000.9158373443515	277.2057078990174
962.4968552359503	267.3726081387951
925.731073238296	257.9421648790122
890.542270892312	248.8991684012135
856.8542277389203	240.22840898694164
824.5408433407988	231.96455689598702
793.5607898670135	224.02718103440787
763.7756346249511	216.30631525160675
735.2272148489272	208.8871978736712
707.862157602297	201.7598570557288
681.6270899484139	194.91432095290543
656.446206286834	188.3630503841277
632.2745273534451	182.08767983198692
609.0684229830131	176.0408372696896
586.7342195504325	170.16009756175748
565.295829718788	164.5006218609027
544.715390828309	159.05579599698174
524.9475604449856	153.82648557409297
505.94333578738247	148.81721654375784
487.6889004469406	143.99732848462386
470.14101144232507	139.3463993570322
453.2344745954291	134.82205592455
436.98434700449116	130.46217622709173
421.3628518201116	126.26289771815422
406.3254394037484	122.2371306403787
391.8658685221279	118.35947683113568
377.95986955253863	114.62256651723564
364.5769274700201	111.01278452324001
351.6702947985843	107.50028322268265
339.2496499262662	104.11164085312045
327.2840953540259	100.854974764656
315.7649590897567	97.71617680045684
304.6762882705033	94.68841967454068
294.0003470648196	91.76665906941469
283.7148653587619	88.9413163850883
273.787233273365	86.19247325654968
264.21566834693823	83.54532463616907
254.99219551662395	80.99120912032113
246.10540938336277	78.52489564158613
237.54215953328114	76.14289814735443
229.28929555250812	73.84173058501766
221.32946697342393	71.61370684821972
213.63618873405738	69.45276682366661
206.2169350808175	67.3646123899095
199.06250961969732	65.34611995065451
192.16301808216846	63.39486378412795
185.50856619970327	61.50841816855664
179.08868056783518	59.68493651810514
172.8859310404248	57.92023146910469
166.89309942412314	56.20569522850917
161.1096983843133	54.54670489305182
155.52816964848418	52.941566621571575
150.14095494412456	51.388586572907656
144.93880864664203	49.887758257980906
139.91500079710764	48.436559522047965
135.05846607863177	47.026089598619826
130.36568324209404	45.657491383213646
125.83350928282621	44.33228601579798
121.45561258860658	43.04975978923326
117.22526233257213	41.80959821102196
113.13853874700712	40.608675729518694
109.18952462945899	39.44485849592036
105.36840583847635	38.31211572242511
101.67539160458384	37.21484140827403
98.1050029357283	36.1530699749365
94.65410470516835	35.1244919785695
91.31841723089289	34.127942530600365
88.09366083089057	33.162256742456115
84.97262411071794	32.22391645599993
81.95274196305765	31.313908272063575
79.03233993175377	30.431951081959916
76.20797239231979	29.577215339720695
73.47619372026995	28.74887149937805
70.83313636074138	27.946511945339974
68.27442710868335	27.167473789071476
65.79729508034242	26.41100035750805
63.4001796200681	25.67779421675578
61.08006444606107	24.96747148717301
58.83422511966471	24.27935644597639
56.66011567274869	23.612594899855292
54.55398392222675	22.965445099900432
52.51356916909846	22.337836555292586
50.53729893811418	21.730046720891785
48.62290985801595	21.141580903145346
46.768082945902975	20.57200002014369
44.970524886617596	20.02083932223381
43.226761916778166	19.486601496949433
41.53573229482745	18.97014073440564
39.89557163040206	18.471216073551766
38.30396902145337	17.98986773201977
36.7586542692421	17.52609522413231
