6568.840023970677	1450.1753290049405
6353.721399882281	1404.0049517715565
6147.136976490311	1359.507506922805
5948.770266370852	1316.6439186174393
5758.304782100004	1275.3751110142293
5575.424036253849	1235.6620082719287
5399.811541408486	1197.4655345493065
5231.150810140001	1160.7466140051179
5069.12535502449	1125.4661707981302
4913.018227610668	1091.9855901144779
4762.189202405401	1060.5895341821474
4617.114098247714	1030.4466208969613
4477.535291992679	1001.4589101387107
4341.869044452874	972.2023457446912
4210.920447457875	943.6417025691983
4084.817323241151	916.0644858704209
3963.378713768465	889.4494206388399
3846.4236610055696	863.7752318649266
3733.7712069182253	839.020644539162
3625.240393472187	815.1643836520179
3520.448158586125	792.3872782410638
3418.9091965459447	770.9724009766205
3320.985430682593	750.3555954839826
3226.5292205597116	730.482269155734
3135.228646491072	711.1335501345895
3046.2448118738844	691.5635896467006
2960.326129054717	672.6138478675791
2877.367869656586	654.2726442491839
2797.265305302514	636.528298243478
2719.913707615515	619.3691293024224
2645.2083482186126	602.7834568779779
2573.0444987348214	586.7596004221062
2503.0266811810297	571.5766289928987
2435.191008264422	557.0820209581537
2369.6105894437233	543.0862579341235
2306.199751344248	529.558604370476
2244.872820591309	516.4683247168747
2184.990414228647	503.2309738414135
2126.947157841607	490.2961151537886
2070.7708960765267	477.7465311246907
2016.4002440875793	465.5757747326444
1963.7738170289404	453.7773989561779
1912.830230054783	442.3449567738161
1863.5080983192831	431.272001164087
1815.6130352770062	420.6850868051231
1769.0695505153064	410.5918722422755
1723.9776844464855	400.82448519593515
1680.2870779789814	391.36545289037497
1637.9473720212186	382.1973025498619
1596.9082074816342	373.30256139866844
1556.7422565456955	364.2867879381023
1517.7589084954902	355.4922577660892
1479.949078972428	346.942772839878
1443.2762999816146	338.63475148041255
1407.704103528153	330.56461200863487
1373.1960216171487	322.728772745489
1339.7155862537054	315.1236520119169
1307.0861769995968	307.8858205721941
1275.3761967890543	300.9068258181337
1244.594953486885	294.13731021097874
1214.7124387069073	287.56723246295695
1185.6986440629385	281.1865512862974
1157.5235611687992	274.98522539322863
1130.0546103636912	268.8506422213643
1103.213625761895	262.72460298339297
1077.1310744528323	256.75754186714846
1051.784985825177	250.94745535971236
1027.153389267599	245.2923399481665
1003.2143141687719	239.7901921195927
979.9457899173665	234.43900836107304
957.2547106524339	229.30792040930913
935.1493497822196	224.36468073181072
913.6543105717735	219.56071193927977
892.7514515060215	214.89018142254588
872.4226310698873	210.34725657243706
852.6497077482969	205.9261047797828
833.4145400261743	201.62089343541123
814.6497698075973	197.37657334930373
796.275011470779	193.12506780557766
778.3889073329378	188.97732802735487
760.9780249337496	184.9322304602161
744.0289318128941	180.9886515497438
727.5281955100469	177.14546774151847
711.4589867773911	173.40495226861935
695.7423170716481	169.831537659581
680.4358376579817	166.353016634502
665.5284184557022	162.96596325932762
651.0089293841252	159.666951600005
636.8662403625615	156.45255572247947
623.0892213103252	153.31934969269787
609.6667421467287	150.26390757660585
596.5876727910854	147.28280344015008
583.7705708748733	144.30229906144183
571.2438912929097	141.3585534819315
559.0315015942543	138.48313839731233
547.1250631093892	135.67541928469944
535.5162371687952	132.93476162120697
524.1917992109267	130.26541677597766
513.1070261512693	127.70313464112121
502.2962589821266	125.20460103193042


