1395.0850823427677	369.04874194478214
1340.4287187753253	355.3827468493263
1288.1394107037488	342.37408592868707
1238.1824935749949	329.92668029693033
1190.4519325381257	318.0158213660234
1144.8416927422002	306.6168005479297
1101.2457393362806	295.70490925461655
1059.558037469426	285.25543889804766
1019.49974904275	275.2239877650051
981.0475672535982	265.534106839188
944.2396994562355	256.2414497998623
909.0044688093269	247.33011607580687
875.2701984715402	238.78420509580297
842.9652116015397	230.58781628862954
812.0168232031326	222.72605723792725
782.2638770424348	215.21910118778806
753.6359806816814	207.90779430413693
726.184160280339	200.8818582762445
699.8594246506777	194.13099744618506
674.6127826049658	187.64491615603077
650.3952429554733	181.41331874785595
627.1504215081845	175.43330257001682
604.8003102860779	169.72358875387906
583.2724179053902	164.16431153017004
562.5770434982521	158.79295697803758
542.7001262879924	153.62265126782694
523.6077423506462	148.64665742259078
505.2659677622481	143.85823846538028
487.6323366856846	139.25919933239692
470.66028097066317	134.855447273019
454.32830531675336	130.6003024096435
438.5761709590994	126.45286165697823
423.42539097561485	122.45397377249955
408.8521930059053	118.59920207537581
394.83280468957514	114.88410988477429
381.3353747178227	111.31233946827066
368.3322457947367	107.88333908054784
355.81534963685607	104.5769679638408
343.73858429545294	101.36108059428298
332.09290234556687	98.24058597177516
320.87693586939764	95.22807260337834
310.07379701232736	92.32060905933578
299.6591137278333	89.52274810179405
289.6174083341541	86.83014812813994
279.940748357009	84.23092232827804
270.6141244025737	81.72026081165843
261.59598251050846	79.26680912121668
252.89962301340182	76.89406709281515
244.51388789770786	74.60107621618326
236.4195997758481	72.39291816849988
228.60964420292834	70.2626116842565
221.07616737355605	68.20391485844519
213.8083452540701	66.21355601432508
206.7895342428477	64.28244390719351
200.00218266172817	62.40057921581001
193.45059174336205	60.579815529745346
187.11923556017638	58.825504542848265
181.00678729590535	57.12879883766121
175.10541055936753	55.487360571641325
169.40717929032658	53.89894157130154
163.90416742854597	52.36129366315436
158.5796361355264	50.86335589545007
153.42928706633734	49.41022450135821
148.45012006899321	48.006024593202355
143.63913234218958	46.646323534400175
138.99044056679838	45.32956920619213
134.4981614236923	44.05420948981871
130.1564115937433	42.81869226652034
125.95831888522827	41.62047654494174
121.88806729247156	40.45421183395794
117.95213494844555	39.32389833714259
114.146259301482	38.22829293796947
110.46601542454917	37.166314895275185
106.90697839061558	36.13688346789665
103.46472327264951	35.13891791467051
100.13327965194892	34.17288298610427
96.90537899068761	33.2325895006494
93.77987766427952	32.318143999533525
90.75560584857597	31.43100316168878
87.82918070231665	30.57041064893563
84.99721938424072	29.735610123094208
82.25534040089012	28.926843898183023
79.60081680874585	28.14269973828029
77.02971725519176	27.38026477553178
74.53754645037826	26.637138132779555
72.1245927592445	25.91570258765409
69.78823025291027	25.21542662396677
67.52494428049924	24.536667447526018
65.33302790250886	23.877974552765576
63.21021462739196	23.23845698616451
61.153603411471764	22.616906569631016
59.15884781565693	22.010669729658712
57.22613310306211	21.422081907333162
55.353193496136484	20.8509709687073
53.53860452395675	20.29632347320626
51.78045072544927	19.75761697040574
50.07681663954031	19.234329009881336
48.42532904594553	18.725546244741107
46.82259546799844	18.230034405567725
45.26910207945199	17.74858086384991
