986.8434913694146	276.1463182020861
945.8926800216279	265.4971494391303
906.8318064228793	255.31008279015344
869.5747813199864	245.5681132551431
834.0355154597696	236.25423583409003
800.1279195890463	227.3514455269821
767.735953389225	218.8726883992215
736.7814807232485	210.7930063346709
707.1447637948982	202.9875714242013
678.7942100080363	195.47394395748543
651.7055665646972	188.27702402236926
625.8184112323376	181.38554227211975
601.0474766272614	174.8130745111601
577.3465134172731	168.53417849240873
554.6616495808266	162.50034945413523
532.898179867746	156.6522060566949
512.0717723044331	151.04074023702083
492.13958372534114	145.65843274009748
473.0390930867637	140.5174421890715
454.74276880518624	135.5949377468949
437.2204027463464	130.87076512727026
420.39881212387024	126.29746882215329
404.2637999347995	121.88657910691543
388.800775220374	117.64923230112626
373.9632128930537	113.59612103857103
359.7355490494017	109.70697676892948
346.09376672183356	105.96998400603103
333.00572454886446	102.37195384463737
320.41858569462045	98.87900190512087
308.3408386313024	95.51856911592998
296.7373204404313	92.30006726476749
285.60056805250525	89.2052082903574
274.9109470840234	86.22787544542304
264.64850479095156	83.3622703432219
254.77918633336313	80.58849250111902
245.28652096546364	77.90788995294581
236.15954059695108	75.33426248703731
227.39104841647242	72.85605172884478
218.96632084881327	70.46922606767971
210.87063431875976	68.16975389285413
203.0888924405902	65.95323078317216
195.58676346237303	63.80261728147963
188.3694612263473	61.7324258996611
181.42926960397023	59.73655642565625
174.75518954578703	57.81219156831542
168.3362220023438	55.95651403648957
162.16136792418527	54.16670653902889
156.20918654056896	52.43779337691076
150.47483645593923	50.76370937598834
144.9561119327093	49.147942174612766
139.6446767092202	47.58850950797628
134.53219452381413	46.083429111271734
129.60874070157575	44.632307132948355
124.86549944436655	43.232007866469644
120.28982804443802	41.871632415627516
115.8829236437803	40.557372703771236
111.63839163064392	39.287828900510554
107.54932295508974	38.062115613645666
103.60825713649692	36.87989888165766
99.81103661951781	35.73754181775513
96.14724643780235	34.628605319137336
92.61491823592061	33.55509689392392
89.21021524871203	32.517607394279835
85.9271658151375	31.516143979439573
82.76248671702149	30.5480253657745
79.71158654708326	29.611878458760774
76.76749757376916	28.70395383960127
73.92638881401865	27.824227487066814
71.18567833026096	26.97413360991437
68.54252603843248	26.151880228503174
65.9932984418253	25.356468775836802
63.53436204373162	24.58690068491902
61.160067868390584	23.84106155853949
58.867633924112255	23.11817093720607
56.65575659478536	22.41855088155259
54.52151667473795	21.74147940164032
52.46188842501664	21.086341040811657
50.473707492388826	20.452658956688524
48.553242500100104	19.837757471007613
46.698771716528995	19.24177293421863
44.90853591707365	18.664838972181524
43.17988762587423	18.10670465622902
41.510876915528534	17.566421509235433
39.89919117046932	17.043286674257363
38.341313660115546	16.53546334336393
36.836471015232306	16.044016081645267
35.38294945374504	15.568312521175972
33.97886248563471	15.107893001975768
32.62226216644186	14.662359318504201
31.310703131184553	14.230597040384387
30.04279165570737	13.812422227441553
28.81727761273458	13.407909919183657
27.632535256869637	13.016764997247437
26.486987968085362	12.638643217900427
25.378744409883257	12.272909691737095
24.30624949867297	11.919248618542483
23.268352162443698	11.577938487064145
22.263638523705765	11.248791404522322
21.29057592640988	10.931738256696761
20.3472298218851	10.626605085774798
