1202.7911300340393	340.11602632562307
1152.4641832512718	326.8373148674414
1104.4806956314828	314.198811868504
1058.688240048452	302.19102277450094
1014.945789006907	290.64294613927973
973.1392153699651	279.51749883233947
933.2544553422385	268.8776610646755
895.1966988499232	258.70566676886597
858.833349498122	249.0215361985871
824.0928426994121	239.78425780003687
790.8847872996948	230.9158828247036
759.0767390833523	222.33923039986837
728.6817456833915	214.12261150143752
699.6326164967738	206.25409886927218
671.8258756901569	198.75805047354177
645.2326997419894	191.58417197262008
619.7981175125254	184.70831664307983
595.3911291054659	178.03959222539092
572.0304759703437	171.63684780585479
549.6678694751995	165.4996831730801
528.2349315696184	159.64031129682996
507.71372715387326	154.02050219617777
488.06144867376986	148.62689834466585
469.20371434006427	143.41456798078661
451.11207141634804	138.3845083958682
433.76536304019385	133.5612650731856
417.1260273679379	128.9421128794298
401.17536708752766	124.50546214967872
385.882310391523	120.24209771439965
371.20819592198916	116.13521485356603
357.1010849149065	112.1547314410645
343.55501163384696	108.33649754797706
330.55204669366003	104.66920409224937
318.0736785352116	101.14212416581228
306.09707193238813	97.74885452757393
294.59939165907707	94.4829919364434
283.53611322974126	91.3179590019255
272.8951435952016	88.27455985931897
262.6738075720076	85.34423093680014
252.8551179707071	82.52249035360218
243.42208760184704	79.80485622895739
234.35772927597526	77.18684668209893
225.63324673866185	74.65983159768297
217.23174545589347	72.21665011360129
209.15422706099673	69.86138526663844
201.38790746883467	67.59088765289766
193.920002594269	65.40200786848132
186.7371039162004	63.292220945455924
179.8215642002621	61.26053117578962
173.15611882556107	59.28856480814147
166.74248145796517	57.385554227031086
160.57090327960879	55.549269333244084
154.6316354726256	53.77748002756553
148.91203124600315	52.070854183927494
143.40541530678007	50.424088178210226
138.09570699724475	48.825983294479975
132.9815083227758	47.2810905671692
128.05663994741923	45.78917968937786
123.31179215383605	44.35044400841294
118.74103217841443	42.96169991785507
114.33806663980641	41.620124429020365
110.09148359301764	40.3190741888682
105.99768256068451	39.059717311988194
102.05132084827139	37.844191315056
98.24792818262468	36.66994278860135
94.58237891432914	35.53507369941501
91.0492235777171	34.438009830540814
87.63984282498342	33.374232770890664
84.35011216893014	32.34524581677513
81.17816172883178	31.350287162820138
78.11965041627988	30.38821675153715
75.17023714286613	29.45789452543786
72.32509903602568	28.558662211190036
69.57767811750254	27.68649656054374
66.92671372867761	26.842171396539023
64.36925414135075	26.02541975416023
61.901600845752554	25.235603300996292
59.52017202764359	24.4719670091065
57.22166709899581	23.732829921404264
55.00130823902341	23.015718551503547
52.85794879117112	22.32204646986299
50.78866714434609	21.651258984041817
48.790942699403416	21.002400389650347
46.862029993363045	20.37473984613495
44.99804127930045	19.76663818483813
43.19710670147048	19.17801026891933
41.45747267846394	18.608802031421
39.77679507276106	18.058532553552414
38.15271672208691	17.526733941277307
36.582540792041776	17.012365122601075
35.06395474876156	16.51486754937392
33.595554650673165	16.034523299537963
32.175213653282924	15.571125666046118
30.800890562956653	15.124382290991973
29.47023999609476	14.693663966911275
28.18088087001577	14.279035754173982
26.931406683782267	13.88076974823623
25.719340056200103	13.499386137930806
24.54236297983946	13.135245738325997
23.39725038307731	12.78894533990496
