1476.886	10.386
1137.27	10.389
878.6327	10.393
681.1659	10.396
529.9959	10.398
413.9397	10.399
324.5753	10.398
255.549	10.395
202.0587	10.39
160.4674	10.382
128.0151	10.371
102.602	10.357
82.62727	10.339
66.86713	10.318
54.38376	10.294
44.45645	10.266
36.52983	10.234
30.17465	10.199
25.05817	10.16
20.92166	10.117
17.5633	10.071
14.82516	10.021
12.58325	9.969
10.7399	9.913
9.217902	9.854
7.956027	9.793
6.905547	9.729
6.027544	9.662
5.290831	9.594
4.670325	9.523
4.145784	9.451
3.700818	9.378
3.322105	9.303
2.998785	9.227

