3232.422	0.027296417672496593
2440.037	0.005899271229841436
1848.399	0.009771124252076241
1405.446	0.020754268223737597
1072.847	0.02814953535095392
822.3411	0.03278654380571435
633.0513	0.03560859250867272
489.5296	0.03715333372753071
380.3206	0.03798215691705116
296.9111	0.03844136493649418
232.9595	0.038934555405711765
183.73	0.039435535777843235
145.6766	0.04026504150583145
116.1371	0.04143141727214135
93.10653	0.04289622254360144
75.07061	0.044753371812767805
60.88201	0.046899862345695584
49.66853	0.04929550094793703
40.76495	0.05196936065898951
33.66211	0.054681931700157886
27.96893	0.0575270505451208
23.38395	0.0603346869493794
19.67392	0.0630155321480359
16.65767	0.06556500716849367
14.19398	0.0678896804870499
12.17233	0.06980498177145027
10.50587	0.07139254176586073
9.126126	0.07246539599942745
7.97887	0.07310601417040599
7.020997	0.0730311179189103
6.218113	0.07231787329259506
5.542668	0.07076141119026777
4.972509	0.06842384117729475
4.489762	0.06507077073165463
