3648.349	0.047277279132918806
2757.682	0.024270151469406365
2090.545	0.007280640345069869
1589.741	0.004821024102187741
1212.907	0.012943809667424432
928.6361	0.01801546159829641
713.6105	0.021017405651691305
550.4959	0.02253766165522758
426.385	0.023191735928967443
331.6503	0.02337867014810945
259.0973	0.023466336791157557
203.3388	0.023724625880044876
160.3321	0.024258755484789916
127.0365	0.025193487691199355
101.1593	0.026602102354782633
80.96748	0.028432959618993506
65.14734	0.030686914265922707
52.7005	0.033340162599339175
42.86581	0.03634987776737865
35.0613	0.03965853319753151
28.84059	0.04319722386130298
23.86016	0.04688820314911153
19.85483	0.05064661039097955
16.61916	0.054381727430421044
13.99344	0.05799764505524376
11.85309	0.061393279103557276
10.10059	0.06464213591887423
8.659283	0.06745255433864464
7.46874	0.06979181954012123
6.481121	0.07152249822322153
5.658417	0.07257616133591716
4.970321	0.07266020728789963
4.392575	0.07169418853672976
3.905692	0.06919411300740237
3.49396	0.06452662539832671
3.144666	0.05672415012091354
2.847487	0.04322294297593512
