2076.414	0.05497923145020149
1611.304	0.04718301735932445
1253.773	0.0426211791545752
978.3633	0.04067047638703402
765.7423	0.04062488524271264
601.2112	0.041794791380203034
473.5798	0.04384936644941415
374.3172	0.046386958556191696
296.9097	0.049094319932747876
236.3757	0.05173444476567082
188.899	0.054218455497923465
151.5505	0.056425541268987536
122.0777	0.05827742767809412
98.74497	0.05964540588512641
80.21199	0.060680676934319416
65.44142	0.06130256814652179
53.62856	0.061616228009194696
44.14767	0.06148466972665887
36.51094	0.06112124419080515
30.33712	0.060577719804015606
25.32746	0.059738620996279294
21.24721	0.058838476932288504
17.91137	0.057856433367035325
15.17379	0.05686149891410489
12.91862	0.055836924687257886
11.05379	0.054946822513586735
9.505884	0.05427215139859043
8.21621	0.053718177531554716
7.137682	0.053561725703181885
6.232415	0.05382230455333757
5.469831	0.054540526734763874
4.825174	0.055981788950774485
4.278337	0.058294820801181126
3.812935	0.061945377661318864
3.415581	0.06737808537194598
3.075297	0.07591732584868269
