1768.326	0.08834720305716433
1354.998	0.08088755304800956
1041.826	0.07629700891881659
803.9085	0.073921547108002
622.6532	0.07305492190402006
484.1556	0.0731142819322105
377.9998	0.07371955484590166
296.369	0.07459602662911656
233.3847	0.07547491072399287
184.6168	0.0760785959590744
146.7193	0.07644352353084974
117.1589	0.07648647636845105
94.01265	0.07607861627513246
75.81722	0.07528993248803585
61.45595	0.07412965953046359
50.07424	0.07271031953319089
41.01621	0.0709886865192903
33.77688	0.06901673898109635
27.96628	0.06685455532705542
23.28229	0.06456846059762807
19.49005	0.06222964516073285
16.40642	0.05991336269543874
13.88807	0.05769842675425147
11.82245	0.05557771488251747
10.12086	0.05372588587768697
8.713171	0.05223484473259206
7.543709	0.05102091759445356
6.56814	0.05028343181557142
5.751024	0.050057022838241996
5.063929	0.05059112738783925
4.483961	0.05200109669967548
3.992625	0.05458761445266875
3.574918	0.058829985339951256
3.218636	0.06548901415877789
