10650.55	14.697
7807.304	14.79
5744.059	14.889
4242.543	14.99
3146.51	15.093
2343.82	15.197
1753.919	15.3
1318.823	15.4
996.661	15.498
757.1547	15.591
578.3514	15.679
444.2768	15.762
343.284	15.837
266.8546	15.905
208.7329	15.965
164.3138	16.016
130.1948	16.058
103.8509	16.09
83.40311	16.112
67.44719	16.124
54.92898	16.126
45.0545	16.118
37.22319	16.099
30.97845	16.07
25.97201	16.031
21.93698	15.982
18.6678	15.924
16.00557	15.857
13.82691	15.781
12.0355	15.697
10.55589	15.605
9.328729	15.506
8.307063	15.4
7.453647	15.289
6.738807	15.172





