29016.58	0.2471239018423006
20524.4	0.12147406272228878
14576.77	0.30780507037152915
10397.82	0.398588030965044
7451.423	0.43592186619871853
5366.4	0.44556871128064657
3885.072	0.4403453182510155
2828.224	0.42665482739323224
2070.888	0.4089574172965129
1525.637	0.3907262090836827
1131.151	0.37253580985258417
844.2843	0.355290375462177
634.5593	0.33876972345272627
480.381	0.3227144164774387
366.3893	0.30810537644112124
281.6102	0.29392252609007485
218.1744	0.2805034698697
170.4146	0.26706129110926113
134.2291	0.2535137384334245
106.6369	0.2398751242520909
85.46108	0.2262238926116975
69.1034	0.2117546222488773
56.3852	0.1972407133161287
46.43277	0.1820938103055756
38.59474	0.16586459099536377
32.38324	0.14953090539832026
27.43091	0.13193086610692184
23.45951	0.11416711237432331
20.2573	0.0956695594608199
17.66232	0.07639065898759156
15.54996	0.056739393022222195
13.82392	0.03636088254037073
12.40945	0.01536723634130066
11.2482	0.006095561362687185
10.29448	0.027834610294614315


