10961.67	0.042600981344882466
8130.925	0.027290019219668067
6054.524	0.016823320755953372
4526.773	0.010180484124279847
3399.09	0.00634218554147392
2563.834	0.004395098929298458
1942.942	0.0037370659331842078
1479.67	0.003866489743437152
1132.633	0.004427033314339748
871.6004	0.005182735177693398
674.4274	0.005930286872301649
524.8318	0.0066713382159922655
410.8177	0.0073376453077949304
323.5185	0.007969208173041994
256.3531	0.008575473110981858
204.4252	0.009189706304924408
164.079	0.009987449107369978
132.572	0.010965471839350049
107.8416	0.012189518111700907
88.33061	0.013790124385369211
72.85719	0.015833995109628626
60.52213	0.018321730955319374
50.63825	0.021374191634325846
42.67774	0.02498004635550041
36.23396	0.029245614057317664
30.99227	0.034080639096791744
26.70791	0.03951144981771
23.18996	0.04561799114847467
20.28878	0.05228359988617801
17.88652	0.05944612548435642
15.8901	0.06722321129243912
14.22566	0.07535101169772923
12.83438	0.08393460593792106
11.66923	0.09288720465404396





