7086.873	13.619
5105.655	13.734
3690.624	13.855
2677.489	13.982
1950.086	14.111
1426.209	14.243
1047.669	14.375
773.2079	14.507
573.4703	14.637
427.5288	14.765
320.4478	14.889
241.5417	15.008
183.1322	15.122
139.6873	15.229
107.2133	15.33
82.81756	15.423
64.39479	15.507
50.40721	15.583
39.72855	15.65
31.53087	15.708
25.20213	15.756
20.28798	15.795
16.45007	15.824
13.43541	15.843
11.05363	15.853
9.160895	15.853
7.64807	15.844
6.432042	15.826
5.449092	15.8
4.650135	15.765
3.997217	15.722
3.460868	15.672
3.018058	15.615
2.650699	15.551
2.344535	15.481
2.088282	15.405
1.872956	15.324
1.691369	15.239
1.53775	15.149





