3388.597	0.0011693616575310078
2550.353	0.0037204628286917297
1925.059	0.0057535391060860724
1457.608	0.007275562396336425
1107.335	0.008461152848202008
844.2045	0.009320545213194052
646.0011	0.00994918004624073
496.2739	0.01044160684275806
382.8213	0.010806841157427957
296.578	0.01105433736871867
230.7966	0.011272028914228713
180.4447	0.011542331015257302
141.761	0.011863269397606338
111.9277	0.012226572484617736
88.82883	0.012702140179322294
70.87098	0.013271366210992707
56.85129	0.013831563861850193
45.85898	0.014519981278545759
37.20244	0.015226908194384535
30.35482	0.016003392516376395
24.91352	0.016654234300637925
20.56987	0.017396510420053753
17.08638	0.017953760769092157
14.27974	0.018466396700286707
12.00792	0.018831110127948577
10.16047	0.018947689765183483
8.65122	0.018975505596178974
7.41264	0.018658675860200764
6.391649	0.018255764880008494
5.546346	0.017522904760888445
4.843533	0.01656409409622883
4.256808	0.015317614075309821
3.765091	0.013901247622350706
3.351492	0.01226541469788051
3.002425	0.010363734981795025
2.706923	0.008329916885450532
2.456104	0.006035820774955487
