30502.55	0.003701814233805897
20977.87	0.012835051638875081
14468.64	0.022470166438349204
10010.44	0.028404792475748196
6949.47	0.032186094485510075
4842.219	0.03473010119334251
3387.415	0.03648594124102737
2379.884	0.03776696764859057
1679.696	0.03888228313944746
1191.29	0.03984445736828553
849.2752	0.040784345605050946
608.7647	0.04174523617080564
438.873	0.042696136097234966
318.299	0.0436495816360748
232.3064	0.044605095919739046
170.6599	0.04551010704776041
126.2266	0.0463625115381653
94.01976	0.04711504542325815
70.53999	0.047772066071749206
53.3198	0.0482498604285807
40.6121	0.048570460489979116
31.17497	0.048623031111431375
24.12159	0.04849644729225619
18.81525	0.04810198693111534
14.79656	0.047502870847256046
11.73255	0.04658829434596925
9.38068	0.04544181523649119
7.563213	0.044020204066760854
6.149191	0.04233498565089695
5.041649	0.040406121724774244
4.168404	0.038303570180890666
3.475384	0.03592803988964565
2.921854	0.033449036159967624
2.476967	0.030733567607719996
2.117241	0.02791390579900703
1.824683	0.0249940157506354
1.585433	0.021979689537776285
1.388757	0.0188782389451392
1.226301	0.015740362272374277
1.091525	0.012616970366089622
0.9792817	0.009472603377469491
0.8855017	0.0063574843328647705
0.806953	0.0033213971261721103
0.741057	0.00032719303496774683
