13.1539389337923	3.02247095366909e14
41.5964072335506	1.92721817392946e15
131.539389337923	1.22885213683037e16
415.964072335505	7.83552996033463e16
1315.39389337923	4.9961690197863597e17
4159.64072335506	3.18570728471913e18
13153.9389337923	2.03130255676308e19
41596.4072335505	1.2952194625364e20
131539.389337923	8.25870794356885e20
415964.072335506	5.266e21
1.04482098850688e6	2.318e22
2.62454050811663e6	9.755e22
6.59263838374128e6	3.911e23
8.29897122615874e6	5.259e23
1.65562761945507e7	1.435e24
3.30403402223709e7	3.833e24
6.59368003592957e7	1.006e25
1.31541481699142e8	2.604e25
2.62448334453775e8	6.676e25
3.30395122897774e8	8.738e25
5.23729494468915e8	1.629e26
8.29890573744293e8	3.029e26
1.04490125809259e9	4.129e26
1.21134757942915e9	5.036e26
1.60351210326655e9	6.86e26
2.54157620690137e9	1.272e27
4.1593401880666e9	2.356e27
6.5925469041897e9	4.3620000000000006e27
8.01327531498971e9	5.662e27
1.0088422327716e10	7.702e27
1.31575827204578e10	1.048e28
1.65618799239146e10	1.425e28
2.08510998657476e10	1.938e28
2.52558276119228e10	2.503e28
3.30409617607769e10	3.404e28
4.15927706015499e10	4.628e28
5.02045858934526e10	5.949e28
6.59267278794846e10	8.089e28
8.30094960620018e10	1.1e29
1.02109192837454e11	1.45e29
1.08653693529064e11	1.495e29
1.40858202889247e11	2.033e29
1.69240235729648e11	2.5970000000000004e29
1.83457945459511e11	2.8920000000000004e29
2.08470135186898e11	3.29e29
2.71363452079032e11	4.473e29
3.30407027116395e11	5.816e29
4.15970909178822e11	7.538e29
4.26970873079007e11	7.805e29
4.30452878780138e11	7.89e29
4.49217935771889e11	8.352e29
4.78981114398216e11	9.098e29
4.94413580492294e11	9.491e29
5.07636239815506e11	9.831e29
5.67330018261957e11	1.083e30
2.094256e12	2.1547e30
3.145202e12	3.4272e30
4.436516e12	5.2679e30
5.986292e12	7.797600000000002e30
7.818102e12	1.1147e31
1.2443858e13	2.0894e31
1.858702e13	3.5841e31
2.655834e13	5.7611e31
3.664118e13	8.8117e31
4.893182e13	1.2946999999999998e32
7.085544e13	2.162e32
1.03252e14	3.8475e32
1.2146884e14	5.046199999999999e32
1.2609194e14	5.3711e32
1.2999999999999925e14	5.699999999999954e32
1.3913850089893394e14	6.291363908726327e32
1.4846787576589566e14	6.944080672284891e32
1.579785260360175e14	7.664515529982029e32
1.676620710257873e14	8.45969410231596e32
1.7751133062173078e14	9.337370904241408e32
1.8752029869939172e14	1.0306104966550205e33
1.9768411011674262e14	1.1375343302824311e33
2.0799900364976944e14	1.2555513035923014e33
2.1846228281699328e14	1.385812308241221e33
2.290722761748103e14	1.5295876386556964e33
2.398282983526527e14	1.6882793798372725e33
2.507306128353854e14	1.863435080378069e33
2.6178039728178397e14	2.0567628440254773e33
2.7297971199010447e14	2.270147986966896e33
2.843314719799345e14	2.5056714232756376e33
2.9583942304442506e14	2.765629957811123e33
3.075081220439401e14	3.052558684467556e33
3.193429216452973e14	3.3692557081979744e33
3.3134995966699644e14	3.7188094318994856e33
3.435361531609209e14	4.104628674260225e33
3.559091973481434e14	4.5304759122744177e33
3.684775695168037e14	5.000503972603067e33
3.8125053800436575e14	5.519296529592508e33
3.9423817639466556e14	6.091912804883693e33
4.0745138308623356e14	6.72393690451802e33
4.209019064170264e14	7.421532274673339e33
4.3460237556495475e14	8.191501807075056e33
4.4856633749422175e14	9.041354180227732e33
4.6280830024547275e14	9.979377083420547e33
4.773437829496525e14	1.1014718037579317e34
4.921893729824052e14	1.2157473601127007e34
5.073627907551681e14	1.3418787830776167e34
5.2288296270914075e14	1.4810960957438688e34
5.3877010316546525e14	1.6347569337050042e34
5.550458057645891e14	1.80435978460559e34
5.717331453440618e14	1.9915586012674954e34
5.88856791200615e14	2.198178930899633e34
6.064431328134141e14	2.426235717681484e34
6.24520419238187e14	2.677952952330549e34
6.431189135317871e14	2.9557853602736253e34
6.622710637449802e14	3.2624423399240306e34
6.820116921669439e14	3.6009143845085754e34
7.023782047895206e14	3.9745022451071773e34
7.234108230889679e14	4.3868491193015515e34
7.451528405553602e14	4.841976179333662e34
7.676509066418798e14	5.344321786240727e34
7.909553411303669e14	5.898784772381578e34
8.151204822551306e14	6.510772214439685e34
8.40205072312631e14	7.186252162783102e34
8.662726849122681e14	7.9318118413930665e34
8.933921984977838e14	8.754721885920708e34
9.216383212947454e14	9.66300724631903e34
9.510921732398068e14	1.0665525445482983e35
9.818419325471482e14	1.177205295707252e35
1.0139835501876966e15	1.299338054486696e35
1.0476215465287149e15	1.4341418493389849e35
1.0828698925193594e15	1.5829312756009458e35
1.1198529889497715e15	1.7471573153175434e35
1.1587067532730682e15	1.9284214870975237e35
1.199579826094457e15	2.1284914639890896e35
1.2426349105080778e15	2.3493183116794962e35
1.2880502589002505e15	2.5930555151245837e35
1.3360213232706052e15	2.8620799791541564e35
1.3867625868963565e15	3.1590152078488613e35
1.4405095968953672e15	3.486756888732997e35
1.4975212192307685e15	3.8485011312768154e35
1.5580821398563235e15	4.247775635088982e35
1.622505637963008e15	4.688474091748437e35
1.691136659829705e15	5.1748941557587364e35
1.7643552244243152e15	5.711779354915621e35
1.8425801945664375e15	6.3043653487937844e35
1.9262734510787405e15	6.958430986460657e35
2.0159445097171345e15	7.680354661330152e35
2.112155624922154e15	8.477176512721213e35
2.2155274273990085e15	9.356667080708124e35
2.3267451466525245e15	1.032740308377812e36
2.4465654732498665e15	1.1398851058271947e36
2.5758241196587265e15	1.258145967525607e36
2.7154441425097795e15	1.388676163508813e36
2.86644509322642e15	1.532748613334704e36
3.029953067931519e15	1.6917682994884838e36
3.207211731955362e15	1.867285968654223e36
3.39959439505997e15	2.0610132544670793e36
3.6086172264916845e15	2.2748393692212064e36
3.8359536835127225e15	2.5108495273101654e36
4.083450252393015e15	2.7713452800634843e36
4.35314358460251e15	3.0588669602825616e36
4.647279120761482e15	3.376218455353852e36
4.968331293232671e15	3.7264945505244103e36
5.319025393822044e15	4.113111108988494e36
5.702361199109544e15	4.539838383100305e36
6.121638426417552e15	5.0108377815592936e36
6.58048410344014e15	5.53070245112003e36
7.082881914539484e15	6.104502068575627e36
7.633203580466831e15	6.737832279821441e36
8.236242311438618e15	7.436869268126226e36
8.89724835689707e15	8.208429983755383e36
9.621966661673184e15	9.060038622299162e36
1.0416676595901776e16	1.e37