5455.08	0.0006275735655779168
4136.33	0.04333409847534738
3147.305	0.07535602100077682
2403.543	0.0976339229391808
1842.607	0.11243292266320802
1418.269	0.1218556981920058
1096.24	0.12753995901324044
851.0355	0.1307241325136882
663.6772	0.1322919404622775
519.9998	0.13300775409038706
409.4059	0.13324515945772814
323.9474	0.13313042794463245
257.6479	0.13301152662805374
206.0011	0.13281919886043478
165.5994	0.13251589358320615
133.859	0.1322839577955733
108.8139	0.13203356632562036
88.96429	0.13166485081594245
73.16163	0.13124349175823757
60.52379	0.13075087122887444
50.37085	0.1300848817537987
42.1769	0.12931556608425793
35.53372	0.12842930297853442
30.12331	0.12741202954381783
25.69704	0.12624711344929562
22.05978	0.12500004741753049
19.05785	0.12355580416250325
16.56972	0.12205208611708311
14.49898	0.12035399044300413
12.76879	0.11849058808642131
11.31777	0.11630143154557133
10.09664	0.11397217592031303
9.065717	0.11123186051169323
8.192933	0.1081617981361022
