1486.513	0.2862637680057338
1166.347	0.2901545097418845
916.1246	0.294061758695493
720.4644	0.29791082320190554
567.3811	0.3017558748466691
447.5469	0.3056504066936406
353.6655	0.3095197567803715
280.0345	0.313481525989916
222.2162	0.3173977504309569
176.7609	0.3213855350151059
140.9729	0.3253711816583099
112.746	0.3294086107687519
90.44087	0.3334884860986964
72.78188	0.3376018189745315
58.77131	0.34174048311850175
47.62824	0.3458975160901136
38.74324	0.3500671104174134
31.64069	0.35430722905348416
25.94731	0.35861516107492475
21.3697	0.3629288212679647
17.67776	0.3672520200777927
14.69094	0.3716548187974144
12.2667	0.37615090831024045
10.29228	0.38070000397511566
8.678581	0.38539545548906506
7.355169	0.3902198630008712
6.265983	0.39523413059022405
5.366288	0.40058098084849814
4.620411	0.4063050137610443
3.999871	0.41247937712644256
3.481784	0.4193886312488176
3.047696	0.4271588428484815
2.682733	0.43592764386875915
2.374889	0.4459347626588317
2.114413	0.45729745800455046
1.893351	0.4699016994727836
1.705221	0.4836973049782406
1.544729	0.49826866134125825
