8432.612	0.08992917927110797
6141.216	0.07716774480435919
4486.255	0.06691170573403715
3288.159	0.059025370154260265
2418.692	0.05315175982261259
1785.982	0.049063517953497754
1324.154	0.0462973209924086
985.972	0.0445120820224013
737.5107	0.04332040491258115
554.311	0.04231637749924854
418.7072	0.041224285327731466
317.9294	0.039907978331204304
242.7252	0.03818509257804705
186.3605	0.03608118475010526
143.9216	0.03350790074489729
111.817	0.030568128268669365
87.41402	0.027417501252034814
68.77308	0.024189300107431425
54.46023	0.021106417907862236
43.4131	0.018343841793399426
34.84189	0.016080198387370192
28.15608	0.014488195827575334
22.91244	0.013789484345694521
18.77733	0.014060947146400198
15.49875	0.015418195876619042
12.88511	0.017950268438443426
10.79017	0.021780678318752134
9.101941	0.026817907326445414
7.734334	0.03313012408191999
6.620756	0.040635714007699456
5.70945	0.04929221492736109
4.960066	0.05897555385583988
4.341029	0.06966607492567155
3.827477	0.08114764628951597
3.399737	0.09325615418936885
3.042204	0.10599859585340625
2.742457	0.1191382264955024
2.49055	0.1324984402243465
