3316.133	0.035196648348111974
2503.224	0.012297623561693553
1897.157	0.003143900682681539
1443.902	0.013209747269470974
1103.816	0.019594579053665778
847.7581	0.02357572479625196
654.2632	0.026141517822898225
507.4868	0.02780838818641197
395.7058	0.02903156812570676
310.2245	0.030182986385460187
244.5753	0.03117973081703957
193.9347	0.032197285310023596
154.6943	0.03327558695557649
124.1466	0.034339107971875116
100.2533	0.03537938824178136
81.47475	0.03629524719302992
66.64401	0.03723738223497022
54.87341	0.037933051286117896
45.48523	0.03862124160813145
37.96009	0.039031018188500445
31.89844	0.039404271570244294
26.9917	0.039552211409107675
23.0006	0.039625749039682606
19.7389	0.0394220864096313
17.06101	0.039076158164658856
14.8527	0.038538028976723315
13.02394	0.03774482425805722
11.50355	0.036709676129367666
10.23498	0.03525575579381928
9.173149	0.03346536625047601
8.282005	0.031236207398442715
