19727.04	0.01033175514170535
14146.6	0.03730440547501138
10184.69	0.06097731867465908
7363.098	0.08133315822395193
5346.808	0.09830556135029601
3900.816	0.11209743104610484
2859.912	0.1229041236176087
2107.6	0.13114910870040597
1561.581	0.13731687173688015
1163.551	0.14184891814917755
872.0616	0.1452370541794802
657.5739	0.14786092511284865
498.9676	0.15009312895755736
381.0802	0.15221739556579264
292.9949	0.1544219881322276
226.8216	0.15686365335790778
176.8323	0.15948506870724713
138.8543	0.16221675569270608
109.8354	0.1649903554311097
87.53163	0.1677535605760774
70.28752	0.17017299787832357
56.87581	0.17221141399894285
46.38205	0.17363958255166592
38.12213	0.17423425376982335
31.58177	0.17397395642239558
26.37223	0.17273216669155336
22.19848	0.17028098774166514
18.83544	0.1667940578682027
16.11045	0.16203327844080953
13.89053	0.15616163758778445
12.0727	0.14911575934037152
10.57682	0.1410408767748902
9.340224	0.13203758215632888
8.313701	0.12209704254642187
7.458388	0.11140806333178131
6.743482	0.10010470261067364
