6049.96	0.031646652477418505
4563.64	0.01696401207898205
3450.959	0.052888283897285476
2616.455	0.07823836355509943
1989.334	0.09541293986107652
1517.048	0.10650819505559177
1160.551	0.11343854210936284
890.7967	0.11762567949261724
686.1475	0.12010593570602375
530.4636	0.12176121466440301
411.6863	0.12288190669644078
320.7911	0.12399204716420537
251.0115	0.12514266471187102
197.2645	0.12646066796098784
155.7238	0.12801191218687255
123.5024	0.12982499675727033
98.41731	0.13173928095201506
78.81363	0.13392395277915717
63.4337	0.13620964291456747
51.31913	0.13868587056033557
41.73758	0.14127915829741927
34.12781	0.14417981351022544
28.05846	0.14715450143366351
23.19693	0.15040053729728214
19.28601	0.1539400094156755
16.1261	0.15778385008310128
13.56182	0.16183410010813595
11.4718	0.16622705653575123
9.760901	0.17070002838191164
8.35431	0.17537900340932816
7.192964	0.17986143848992064
6.230082	0.1839122118745224
5.428476	0.18706940038213882
4.758475	0.1887833393825437
4.196327	0.18816357065529846
3.722944	0.1839681771891928
3.322934	0.17453241696023244
2.983845	0.15719697598843355
2.695564	0.12816609935042256
