6944.394	0.13404957137225773
5081.891	0.12384479621727999
3733.827	0.11599140586370904
2755.066	0.11017388537407202
2042.012	0.1061436847928121
1520.675	0.10361244579035864
1138.121	0.10208227715568373
856.3215	0.10126553319176675
647.8638	0.10091093271938387
492.9697	0.10075690687569866
377.3459	0.10048060199624388
290.6337	0.1000852994032781
225.2873	0.09939073457715399
175.7888	0.09847299548439965
138.096	0.09733897581387034
109.2391	0.09604247568924515
87.02842	0.09473520959713928
69.8389	0.09353040195620387
56.45994	0.09261716478610584
45.98709	0.092063307000694
37.74242	0.09205756865066238
31.21542	0.09271571256081777
26.01904	0.0940755950709822
21.85861	0.09628174096127438
18.50904	0.09933319920698447
15.79779	0.10327071203998521
13.59191	0.1080519192026394
11.78824	0.11367775848995493
10.30641	0.12013172558017994
9.083589	0.127320001376795
8.070512	0.13519846014190806
7.228328	0.1435893999928323
6.526217	0.1524941592842087
5.939645	0.16178627657001995
