8849.425	0.06287777383141625
6746.464	0.05454799160335891
5162.424	0.04836299468290308
3965.524	0.044382423269143205
3058.241	0.04222718072694081
2368.241	0.04181354668126849
1841.675	0.04284104020514773
1438.415	0.04500448226342025
1128.48	0.048072685774850965
889.3795	0.051834547644716976
704.2229	0.0560434793208518
560.2872	0.06048950519281815
447.9485	0.06506718941329044
359.9167	0.0696478258026067
290.6515	0.07420619973189266
235.9238	0.07862764591181752
192.5004	0.08295700393366985
157.9006	0.08714082482452297
130.2125	0.09133673262224741
107.9597	0.0954682285572526
89.99825	0.09959628952112859
75.43724	0.10391400482607126
63.58173	0.10830461701478325
53.88754	0.11296354813008798
45.92638	0.11789520939794042
39.36064	0.12316095948369003
33.92304	0.12875241050240352
29.401	0.13471550165378368
25.62511	0.14108742483468298
22.45981	0.1478338513991367
19.7961	0.15497433017057033
17.54618	0.16252013016449535
15.63906	0.1704123194295077
14.01702	0.1786477521916817
12.63312	0.18721727418844564
