4769.426	0.0009270118390035996
3609.294	0.03661793614279509
2740.468	0.0633073361312431
2088.114	0.08152041140013461
1596.944	0.09336410513073687
1226.054	0.10077528846449761
945.1275	0.10528507160809338
731.6558	0.10786770386804119
568.8944	0.10933902969257014
444.3605	0.11017324380343081
348.7274	0.11073674395965465
275.0103	0.11125750153179423
217.9648	0.11178316729845511
173.6431	0.1122973876491673
139.0651	0.11291182510730094
111.9749	0.1135455891308004
90.65959	0.11427461637375082
73.81465	0.11491665236746235
60.44332	0.11562865377023263
49.78156	0.11623097627348439
41.24174	0.11680224829358496
34.37033	0.11733896903677617
28.81609	0.11783843622653241
24.30603	0.11829598514763179
20.6272	0.11878888549352705
17.61288	0.11929968933268126
15.13204	0.11971020343818457
13.08136	0.12015015115428582
11.379	0.12046618253347492
9.959954	0.12057024811130723
8.772357	0.12053156723690087
7.774684	0.12012535108163078
6.933565	0.11928354588213046
6.222089	0.11791769943032947
5.618472	0.1157356975687812
