1607.13	0.10183900039555141
1236.274	0.09749766697149584
954.1422	0.09547297404898626
738.9694	0.09492137012113637
574.426	0.09509019984852982
448.2432	0.0956870154157843
351.1893	0.0964060935658097
276.3063	0.09697055469479514
218.3403	0.09752000047949645
173.3165	0.09782535133757474
138.2215	0.09794428993204801
110.7654	0.09795434280833647
89.20435	0.09777392390498248
72.20691	0.09749352265369979
58.75381	0.09711799173348556
48.0627	0.096648678840673
39.53137	0.09608276267640346
32.69493	0.09532788216174273
27.19339	0.09454786906982703
22.74715	0.09365031645735361
19.13834	0.09254593103814794
16.19662	0.09132836887642502
13.78841	0.09001891723702918
11.80857	0.08856894734383146
10.17407	0.08713197343664952
8.819108	0.08571354898134664
7.69137	0.08435295949061396
6.749103	0.08331337167634592
5.958875	0.08281666712924257
5.29382	0.0830458386524763
4.732278	0.08424235834257
4.256723	0.08699785135065645
3.852933	0.09160181791901101
