10940.29	0.08430275611102594
7707.834	0.0643679424955322
5447.868	0.04743994183815081
3864.104	0.03342931679491255
2751.211	0.022027141372963722
1966.889	0.012797412106010889
1412.397	0.005346789011102421
1019.029	0.0008912209734784442
738.9076	0.006410211639639324
538.6297	0.011717100099029593
394.8364	0.0172313741312855
291.1337	0.023197220940576687
215.9862	0.029799468701890413
161.2597	0.037099448354993805
121.2001	0.045043916990303655
91.71866	0.05348016573033339
69.90026	0.06217577556707594
53.65987	0.07084005253171807
41.50045	0.07920776827546328
32.3415	0.08693408820020515
25.39985	0.09367483587959831
20.10567	0.09922661393908283
16.04252	0.1032883387577049
12.90428	0.10565800103738732
10.4648	0.10611371473985005
8.556347	0.1046045085583039
7.053861	0.1010643393235361
5.863548	0.0954740146246811
4.914681	0.08791977830786159
4.15369	0.07840670279369599
3.539797	0.06703951918529429
3.041764	0.05407405752631279
2.635536	0.03967132696344204
2.302502	0.024014194032870403
2.028199	0.007302633138761225
1.801316	0.01013998495791221
1.612965	0.02810156846923149
1.456133	0.04642369293663701
1.325267	0.06473301035768497
1.215944	0.08283306692180215
