5563.604	0.016788561502283708
4181.84	0.029526137800125328
3154.569	0.06336166939837697
2388.714	0.08714082115884951
1816.054	0.10313337183707413
1386.503	0.1135019420523079
1063.227	0.12015900231272886
819.0821	0.12441209259584517
634.0248	0.1270982293742065
493.2201	0.12891388151183739
385.6618	0.13032073218270282
303.163	0.13144126276071197
239.6175	0.13253197345047005
190.4581	0.13360014002332826
152.2581	0.1346855003288234
122.4388	0.13579636031454279
99.05356	0.13675462866973123
80.62741	0.13771233711811676
66.03934	0.13856603125095224
54.43419	0.13929797058467988
45.15722	0.13989277589579027
37.70532	0.14033696579639332
31.69039	0.14061738888081057
26.81193	0.14071883401045485
22.83635	0.1407950887443768
19.58133	0.14064619394670447
16.90406	0.14032161778310565
14.69217	0.13985989077271777
12.85694	0.13910919656157436
11.32803	0.1381685463181272
10.04944	0.1368562693312677
8.976425	0.13524667597630238
8.073114	0.13313420742644005
7.310624	0.1304878963601793
