1476.886	0.12568322525427092
1137.27	0.12245987985046916
878.6327	0.12108322806569789
681.1659	0.1209073200449648
529.9959	0.12135303998605361
413.9397	0.12202516184359895
324.5753	0.12274987698369683
255.549	0.12336707630951593
202.0587	0.12378448330931126
160.4674	0.12403889484968489
128.0151	0.1241105453349561
102.602	0.12399506187835076
82.62727	0.12377947850050469
66.86713	0.12338249182446483
54.38376	0.12280435103799556
44.45645	0.12212606379129706
36.52983	0.12133909029113582
30.17465	0.12034481598122801
25.05817	0.11921457374802207
20.92166	0.11793570977016929
17.5633	0.11641354969588712
14.82516	0.11473855936677932
12.58325	0.11275352766036595
10.7399	0.11067860479021686
9.217902	0.10850060697348869
7.956027	0.10624583068208604
6.905547	0.10417612051486788
6.027544	0.10253374319675537
5.290831	0.10146416150745342
4.670325	0.10160320138946963
4.145784	0.103372290832935
3.700818	0.10760214550374776
3.322105	0.11554270799356871
2.998785	0.12874549911202693
