21520.1	0.014060231964914153
14939.23	0.04742571320480535
10401.46	0.07738174172610238
7265.461	0.10372940683810014
5092.989	0.12627885908887143
3583.888	0.14531651232446796
2532.387	0.1610664683609949
1797.315	0.17411231719529047
1281.654	0.1850804046714868
918.5397	0.19464126435194545
661.7969	0.20350874308964728
479.481	0.21218952085466844
349.4335	0.22126102824828534
256.226	0.2309581114182929
189.0844	0.24148083564864528
140.4648	0.25286973931467716
105.0669	0.26502060547437406
79.14942	0.27758156712513327
60.06185	0.29035555028861904
45.91962	0.30295328584692394
35.37724	0.31488369966592233
27.46896	0.3257670459532627
21.49846	0.3352321396153157
16.96158	0.3428094237367855
13.49156	0.34832089483041717
10.82001	0.3513900782014253
8.749538	0.3518863130191894
7.134286	0.3496164633201757
5.865923	0.34457462671434663
4.86349	0.3367540419119115
4.066149	0.32626614862560954
3.427965	0.31315429905023856
2.914068	0.29763067404214777
2.497826	0.2799464141140799
2.158781	0.2603265659533032
1.881143	0.23908038476594806
1.652667	0.21642414202215907
1.463796	0.19281009130934304
1.307033	0.16847177504810865
1.176471	0.14380564590888356
1.067437	0.11904111710882317
0.9762133	0.09455326923414657
