2246.238	0.06789827627312033
1697.576	0.05588495552012979
1287.474	0.04815455942078956
980.11	0.04339863356984531
749.0781	0.04036059442265838
574.8875	0.03837247149251728
443.126	0.036778303697765954
343.1177	0.03537424817916315
266.9381	0.033929484789088554
208.6924	0.03231092187628414
163.9854	0.03053390342970614
129.5318	0.028568995968043635
102.8695	0.026408689766850672
82.1482	0.02413987182890763
65.97344	0.02176688060173389
53.29099	0.019376244999452723
43.30134	0.01679376761072345
35.39623	0.014180905012230283
29.11129	0.011439378962092725
24.09079	0.008555639407504423
20.06124	0.005520148516513259
16.81163	0.002420976965576188
14.17854	0.0009004553114587803
12.03492	0.004227245499101134
10.28163	0.0076645655242334335
8.841013	0.011101127304805801
7.651996	0.014283905854286419
6.666359	0.0171729073864943
5.845886	0.019290136929071583
5.160171	0.020535522100694186
4.584927	0.020244779619731517
4.100683	0.01791401881525902
3.691769	0.012897441215090386
3.345532	0.004277489153930431
