1596.0453161034773	8.92960625648493
1588.9493538522456	8.9127232112196
1581.8887692274316	8.895813903082171
1574.8634006302814	8.878882257431314
1567.8730864620347	8.861932225082228
1560.9176651239384	8.844967782446702
1553.9969750172313	8.82799293167227
1547.110854543161	8.811011700778408
1540.2591421029676	8.794028143796595
1533.4416760978936	8.777046340905827
1526.6582949291846	8.76007039857518
1519.9088369980807	8.743104449697285
1513.1931407058285	8.72615265372906
1506.5110444536688	8.709219196830645
1499.8623866428434	8.692308291999097
1493.2470056745988	8.67542417921095
1486.664739950176	8.658571125556136
1480.1154278708163	8.641753425378965
1473.5986842515508	8.625405393629308
1467.11451680898	8.609205794781701
1460.6628225092688	8.593046379133739
1454.2434416866536	8.576927832631782
1447.8562146753704	8.560850868592752
1441.500981809661	8.54481622783851
1435.1775834237612	8.528824678835235
1428.8858598519078	8.512877017825986
1422.6256514283416	8.496974068965073
1416.3967984872975	8.48111668445813
1410.1991413630167	8.465305744691705
1404.0325203897341	8.449542158370832
1397.8967759016905	8.43382686265113
1391.7917482331227	8.418160823277503
1385.7172777182666	8.402545034713057
1379.6732046913637	8.386980520277802
1373.659369486649	8.371468332278482
1367.6756124383633	8.356009552145679
1361.7217738807428	8.340605290564326
1355.7976941480242	8.325256687610818
1349.9032135744487	8.309964912878513
1344.0381724942526	8.294731165620078
1338.202411241672	8.279556674874357
1332.3957701509485	8.264442699596657
1326.6180895563182	8.249390528796539
1320.8692097920175	8.234401481666964
1315.1489711922877	8.219476907715716
1309.4572140913651	8.204618186897278
1303.793778823486	8.1898267297438
1298.158329281647	8.175443681069737
1292.55086725201	8.161159695916012
1286.971251528966	8.146940736512079
1281.419323910753	8.132785517277398
1275.8949261956159	8.118692783424194
1270.397900181793	8.104661311083419
1264.9280876675289	8.09068990743549
1259.4853304510632	8.076777410837167
1254.0694703306362	8.062922690952064
1248.680349104492	8.04912464887866
1243.3178085708698	8.035382217274673
1237.9816905280131	8.021694360489391
1232.6718367741626	8.00806007469032
1227.3880891075578	7.99447838798983
1222.1302893264433	7.980948360571119
1216.8982792290592	7.967469084817594
1211.6919006136452	7.954039685440193
1206.510995278446	7.940659319601309
1201.3554050217015	7.927327177043708
1196.2249716416513	7.914042480217404
1191.1195369365403	7.90080448440267
1186.0389427046084	7.8876124778419126
1180.9830307440952	7.874465781860408
1175.9516428532456	7.861363750995224
1170.9361060370652	7.847685190994753
1165.9240823969312	7.8325447145366525
1160.9361497297616	7.81745465354993
1155.9721433258258	7.802520777919199
1151.0319265949477	7.787794695090724
1146.1154689522118	7.773123714634266
1141.2226601808204	7.758508637621162
1136.353390063975	7.743950284547282
1131.507548384881	7.729449495427843
1126.6850249267404	7.715007129892911
1121.8857094727553	7.700624067284934
1117.1094918061308	7.686301206752887
1112.3562617100677	7.672039467351624
1107.6259089677717	7.6578397881344245
1102.9183233624444	7.643703128251218
1098.233394677289	7.629630467041807
1093.5710126955075	7.615622804134546
1088.931067200305	7.601681159542295
1084.3134479748826	7.587806573751777
1079.7180448024458	7.5740001078270325
1075.144747466196	7.560262843498435
1070.5934457493352	7.546595883262285
1066.0640294350694	7.533000350471866
1061.5563883065988	7.519477389436133
1057.070412147129	7.506028165513271
1052.6059907398605	7.492653865202783
1048.163013867999	7.479355696243374
1043.7413713147453	7.466134887706403
1039.3409528633047	7.4529926900889905
