5187.610660797231	22.41963125154416
5168.424182855947	22.966057146404637
5149.3186406924915	23.50773591630059
5130.293748524573	24.044679829543384
5111.349220569886	24.576900963650587
5092.484771046138	25.104411204849384
5073.700114171023	25.627222247596364
5054.994964162252	26.145345594034552
5036.369035237519	26.65879255355503
5017.822041614523	27.16757424228217
4999.353697510973	27.671701582577953
4980.96371714456	28.171185302625418
4962.651814732997	28.66603593590571
4944.41770449398	29.156263820754248
4926.2611006452025	29.641879099921425
4908.181717404379	30.12289172009332
4890.179268989204	30.599311431459682
4872.253469617374	31.07114778729283
4854.4040335066	31.538410143481087
4836.630674874574	32.0011076581286
4818.933107939005	32.45924929112243
4801.311046917593	32.91284380371144
4783.76420602803	33.361899758114305
4766.292299488029	33.80642551710571
4748.892547349502	34.24183676091343
4731.56102523453	34.66143932092382
4714.303593336231	35.076556156641345
4697.119977831571	35.4872168705906
4680.009904897531	35.89345087433776
4662.973100711079	36.295287388119505
4646.009291449193	36.69275544046468
4629.118203288847	37.08588386779684
4612.299562407009	37.47470131408045
4595.5530949806625	37.85923623043982
4578.878527186771	38.23951687481667
4562.275585202318	38.61557131159725
4545.743995204272	38.987427411279896
4529.283483369606	39.35511285011307
4512.893775875298	39.71865510977477
4496.574598898321	40.07808147704236
4480.3256786156435	40.433419043455615
4464.146741204248	40.78469470500204
4448.037512841105	41.13193516181218
4431.997719703182	41.47516691782539
4416.0270879674645	41.81441628054017
4400.125343810919	42.14970936065265
4384.292213410517	42.4810720718242
4368.527422943242	42.80853013036858
4352.830698586056	43.132109054974535
4337.201766515945	43.45183416644704
4321.6403529098725	43.76773058743356
4306.146183944821	44.07982324216346
4290.718985797757	44.388136856203346
4275.358484645662	44.69269595620062
4260.064406665506	44.99352486963562
4244.836478034258	45.290647724615155
4229.674424928902	45.58408844960741
4214.577973526402	45.87387077324047
4199.546850003741	46.1600182240777
4184.580780537889	46.44255413041401
4169.679491305816	46.7215016200571
4154.8427084845025	46.99688362013467
4140.070158250919	47.2687228569107
4125.361566782038	47.53704185558399
4110.716660254837	47.80186294011355
4096.13516484629	48.063208233038495
4081.6168067333642	48.32109965532163
4067.1613120930424	48.57555892617165
4052.768407102295	48.82660756288442
4038.4378179380915	49.074266880716095
4024.169270777414	49.31855799270443
4009.962491797229	49.55950180954869
3995.8172071745175	49.79711903947464
3981.733143086246	50.03143018810624
3967.7100257093957	50.26245555833975
3953.7475812209336	50.490215250226356
3939.8455357978405	50.71472916087396
3926.0036156170863	50.93601698432758
3912.2215468556424	51.15409821148023
3898.49905569049	51.368992129986964
3884.8358682985986	51.580717824159365
3871.2317108569387	51.78929417489098
3857.686309542492	51.99473985960185
3844.1993905322247	52.19707335213252
3830.7706800031174	52.39631292271861
3817.399904132142	52.592476637901655
3804.0867890962713	52.78558236049048
3790.8310610724757	52.975647749517066
3777.6324462377365	53.16269026018335
3764.490670769021	53.34672714383896
3751.404248318044	53.52552592957818
3738.369669057726	53.69309851409844
3725.391116618292	53.85773025639901
3712.4683249367313	54.01945200297041
3699.6010279500197	54.17829440265041
3686.7889595951447	54.334287906590816
3674.031853809082	54.48746276824204
3661.3294445288193	54.63784904334534
3648.681465691333	54.78547658993057
3636.0876512336113	54.93037506829705
