10036.259491366569	49.01420907474494
10001.20925105158	47.426275224377605
9966.306502256375	45.84963947931465
9931.550703330897	44.28425939527551
9896.941312625037	42.73009280606493
9862.477788488726	41.18709782481892
9828.159589271869	39.65523284532901
9793.986173324394	38.13445654329189
9759.956998996206	36.624727877608166
9726.071524637215	35.126006091633826
9692.329208597348	33.63825071443898
9658.729509226509	32.161421562017495
9625.271884874624	30.695478738545717
9591.955793891604	29.24038263761031
9558.780694627356	27.79609394338877
9525.746045431808	26.362573631881787
9492.851304654869	24.939782972082867
9460.095930646445	23.5276835271452
9427.479381756468	22.126237155584022
9395.001116334835	20.735406012415297
9362.660592731481	19.355152550292587
9330.45726929631	17.98543952068121
9298.39060437923	16.62622997492872
9266.46005633017	15.277487265435411
9234.66508349904	13.939175046717537
9203.005144235744	12.611257276530523
9171.479696890216	11.293698216928533
9140.088199812353	9.9864624353404
9108.830111352087	8.689514805651925
9077.704889859317	7.402820509207231
9046.711993683974	6.1263450359247145
9015.850881175964	4.860054185228364
8985.121010685192	3.6039140671327914
8954.521840561596	2.3578911032273027
8924.052829155069	1.1219520276636104
8893.713434815541	0.10393611185645568
8863.503115892925	1.3198059531250692
8833.421330737125	2.5256898184388774
8803.467537698069	3.721619713691325
8773.641195125669	4.907627327401315
8743.941761369828	6.083744029810077
8714.368694780478	7.250000871964403
8684.921453707528	8.406428584813511
8655.599496500885	9.553057578317748
8626.402281510476	10.689917940572741
8597.329267086212	11.817039436949017
8568.37768232621	12.930425100814318
8539.522368439906	13.985635119303879
8510.789636220561	15.031193078108117
8482.178968494558	16.067171679077546
8453.689848088252	17.093643316623456
8425.321757828026	18.110680076886638
8397.074180540234	19.118353736897006
8368.94659905126	20.11673576380781
8340.938496187466	21.105897314088907
8313.049354775214	22.085909232744598
8285.278657640885	23.05684205253965
8257.625887610835	24.018765993245324
8230.090527511447	24.971750960898135
8202.672060169083	25.91586654706498
8175.369968410105	26.8511820280919
8148.183735060894	27.77776636442013
8121.112842947814	28.695688199872166
8094.156774897227	29.605015860970525
8067.315013735513	30.505817356219268
8040.587042289037	31.39816037548735
8013.97234338416	32.28211228932014
7987.470399847263	33.157740148300036
7961.08069450471	34.025110682402556
7934.802710182863	34.88429030038333
7908.6359297081035	35.73534508915236
7882.579835906787	36.57834081318015
7856.633911605295	37.41334291391922
7830.7976396299855	38.2404165091848
7805.070502807238	39.059626392619066
7779.451983963409	39.871037033124594
7753.941565924881	40.67471257432044
7728.538731518015	41.470716833982806
7703.242963569176	42.259113303548475
7678.053744904742	43.039965147579096
7652.9705583510795	43.81333520327826
7627.992886734548	44.57928597996488
7603.12021288153	45.33787965862757
7578.352019618382	46.08917809142622
7553.687789771484	46.83324280123725
7529.127006167201	47.57013498121887
7504.6691516319	48.29991549432907
7480.313708991944	49.022644872953606
7456.060161073714	49.73838331843581
7431.9079907035675	50.447190700686406
7407.856680707885	51.149126557787895
7383.905713913029	51.844250095606185
7360.054573145363	52.532620187403154
7336.302741231268	53.2142953734683
7312.649700997099	53.88933386077497
7289.094935269239	54.55779352260652
7265.637926874042	55.21973189823257
7242.278158637893	55.87520619258521
7219.015113387146	56.524273275922496
7195.848273948182	57.16698968352375
