686.0335472176055	1.6098227270761072
682.8363323387945	1.6100298144198177
679.6551960279118	1.6102633495922873
676.4900368672224	1.6105864257282292
673.3408200979925	1.6109329817788876
670.2074759204585	1.6113048673774983
667.0899345348536	1.6117039462133107
663.9881261414142	1.6121320961175343
660.9019809403744	1.6125912091496275
657.8314291319684	1.6130831916851776
654.7764009164324	1.6136099645036666
651.7368264939998	1.6141734628723725
648.7126360649071	1.6147756366367503
645.7037598293882	1.615418450304901
642.7101279876773	1.6161038831359065
639.7316707400108	1.616833929227937
636.7683182866226	1.617610597602038
633.8200008277472	1.6184359122928527
630.8866485636206	1.6193119124338864
627.9681916944761	1.6202406523457284
625.0645604205504	1.6212242016214304
622.1756849420773	1.622264645216319
619.3014868429568	1.6233807969673535
616.4418917159835	1.6245837131293683
613.5968436922848	1.6258485041735184
610.7662733437477	1.6271765961377014
607.9501112422621	1.6285694307030099
605.1482879597146	1.6300284652841128
602.3607340679947	1.6315551731121332
599.587380138989	1.6331510433248013
596.8281567445875	1.6348175810494467
594.0829944566773	1.6365563074929241
591.3518238471459	1.6383687600258554
588.6345754878827	1.6402564922697138
585.9311799507744	1.6422210741825438
583.241567807711	1.6442640921454768
580.5656696305796	1.6463871490492465
577.9034159912676	1.6485918643809327
575.2547374616646	1.6508798743075204
572.619564613658	1.6532528317645756
569.9978270644089	1.6557142602124486
567.3894530852787	1.6582703135595693
564.7943766518703	1.6609160872897064
562.2125284210213	1.6636531372546415
559.6438390495713	1.6664830364661611
557.0882391943578	1.6694073751812084
554.5456595122184	1.6724277609868068
552.0160306599926	1.6755458188833927
549.4992832945173	1.678763191372468
546.9953480726322	1.6820815385390233
544.5041556511738	1.685502538136916
542.0256366869821	1.6890278856724308
539.5597218368938	1.6926592944904542
537.1063417577484	1.6963984958557603
534.6654271063834	1.7002472390390722
532.2369085396366	1.7042072913998254
529.8207167143472	1.7082804384706378
527.416788998016	1.712455442955502
525.0250530169503	1.716740014543916
522.6454351897436	1.7211442298548718
520.2778659148536	1.7256704503175229
517.9222755907402	1.7303210560580737
515.5785946158612	1.735098445982203
513.2467533886744	1.740005037858964
510.92668230763957	1.745043268402867
508.61831177121456	1.7502155933569838
506.3215721778572	1.7555244875736662
504.03639392602724	1.7609724450990143
501.76270741418256	1.7665619792537086
499.50044304078097	1.772295622714978
497.24953120428216	1.778175927598852
495.0099023031434	1.7842054655416746
492.7815041737758	1.790352912495166
490.5642592902449	1.7966362869368027
488.35808673083113	1.8030802356800564
486.16291605780305	1.8096890364022329
483.9786768334314	1.8164669870634498
481.80529861998525	1.8234184059880363
479.6427109797337	1.8305476319456488
477.4908434749475	1.8378590242325572
475.34962566789585	1.8453569627544084
473.2189871208476	1.8530458481062624
471.0988573960738	1.86093010165564
468.9891660558428	1.8690141656218202
466.88984266242534	1.8773025031582051
464.7952845625751	1.885476865673013
462.7060597802724	1.893518074628389
460.62701287535947	1.9017880443363424
458.5580905391522	1.9102965541321169
456.4992394629647	1.919053397335233
454.45040633811294	1.9280683813169617
452.41153785591155	1.937351327565466
450.382580707675	1.9469120717517967
448.36348158471935	1.956760463794069
446.35418717835864	1.9669063679267538
444.3546441799089	1.9773596627630923
442.36479928068417	1.9881302413626258
440.3846424276966	1.999143767022133
438.4141316863964	2.0103879944380765
436.4531491257021	2.0219987144237166
