561.8216055570657	5.531318495785172
559.2588040477855	5.505084822814865
556.7090095296904	5.4789518629171425
554.1721610089631	5.452917831986383
551.6481974917828	5.426980931901426
549.1370579843318	5.401139350443486
546.6386814927896	5.375391261222148
544.1530070233384	5.3497348235972595
541.6799735821586	5.324168182602193
539.2195201754304	5.298689468867565
536.7715858093359	5.2732967985439245
534.3360811003839	5.247933110991312
531.9129473416154	5.222600928007068
529.5021507918706	5.197351272335425
527.1036310235783	5.172183302209248
524.7173276091696	5.147096161236163
522.3431801210735	5.122088978323518
519.9811281317191	5.097160867603009
517.6311112135372	5.072310928353772
515.2930689389564	5.0475382449291715
512.9669408804076	5.022841886680624
510.65266661031984	4.998220907881944
508.3501857011221	4.973674347655503
506.05943772524535	4.949201229897994
503.7803622551186	4.924800563203235
501.512898863171	4.900471340790887
499.2569871218334	4.876212540430913
497.0125666035343	4.852023124368145
494.7795768807045	4.827902039249977
492.5579575257727	4.803848216053666
490.3476481111694	4.779860570007543
488.14858820932403	4.755938000524054
485.9607173926655	4.732079391123364
483.78397523362474	4.708283609358546
481.61829731693535	4.684541748881486
479.4635957319243	4.660799173902888
477.3198422136783	4.637117271319653
475.1869767544421	4.613495661173317
473.0649393464622	4.589933947355519
470.95366998198335	4.566431717536034
468.85310865325016	4.542988543091383
466.7631953525091	4.519603979033889
464.683870072005	4.496277563941135
462.6150728039825	4.4730088198815565
460.55674354068805	4.449797252349185
458.50882227436637	4.426642350188558
456.47124899726225	4.403543585526052
454.443963701622	4.380500413700986
452.4269063796899	4.35751227319156
450.4200170237124	4.334578585550162
448.4232356259336	4.311698755331008
446.4365021785999	4.288872170019999
444.45975667395555	4.266098199967587
442.4929391042469	4.243376198318742
440.5359894617187	4.220705500943552
438.58884773861575	4.198085426369687
436.65144745666	4.175502672463722
434.72372128267284	4.1529422515770875
432.8056235286889	4.130431320426396
430.89709446718524	4.1079696735744164
428.9980743706388	4.085557088021062
427.10850351152806	4.06319332313609
425.22832216232996	4.040878120592367
423.35747059552165	4.018611204297656
421.49588908358146	3.996392280328905
419.6435178989865	3.974221036865231
417.80029731421365	3.9520971441206143
415.9661676017415	3.930020254277963
414.13489649639035	3.908304262806496
412.3079407805608	3.886869730536773
410.4899188859561	3.8654775740845935
408.68078880688563	3.8441264810224993
406.8805085376608	3.8228151282821727
405.08903607259083	3.8015421820998654
403.306329405987	3.7803062979635342
401.53234653215884	3.759106120561569
399.7670437886202	3.7379370530389906
398.0103733708896	3.716786409730105
396.26230098871827	3.6956678466493713
394.52278478525733	3.674580255118542
392.7917829036568	3.6535225154620434
391.0692534870665	3.6324934969536002
389.3551546786377	3.611492057764508
387.64944462152	3.5905170449107118
385.9520814588644	3.569567294202443
384.2630233338212	3.548641630191412
382.58222838954043	3.5277388661202735
380.90965476917216	3.506857803868172
379.24526061586766	3.4859972339035608
377.5890040727764	3.465155935229973
375.9408432830495	3.4443326753349766
374.300736389837	3.4235262101403805
372.668641536289	3.402735283951074
371.0445168655564	3.3819586294025044
369.4283205207889	3.361194967412189
367.82001200718213	3.340445665912455
366.21954853706245	3.319707605564531
364.6268877390833	3.298978467528684
363.04198772042207	3.2782568550837823
361.4648065882575	3.257541359522463
