2858.8785456140467	26.04800588054468
2847.6148975718993	26.217667918990628
2836.4016322133416	26.38502974743551
2825.238557551148	26.55010435747863
2814.1254815980833	26.712904589984646
2803.0622123669223	26.87344313491485
2792.0485578704292	27.031732531183025
2781.0843261213795	27.187785166495814
2770.16932513254	27.341613277208126
2759.3033629166775	27.49322894818897
2748.486247486567	27.64264411266913
2737.7177868549734	27.78987055212474
2726.997789034671	27.93491989612494
2716.326062038427	28.077803622235933
2705.702413879009	28.218533055874104
2695.1266525691917	28.357119370199598
2684.5985861217414	28.493573586010825
2674.118022549426	28.627906571620315
2663.6847698650204	28.76012904277013
2653.2986360812884	28.890251562517278
2642.959429211005	29.01828454114002
2632.666957266938	29.14423823605739
2622.4210282618537	29.26812275173461
2612.2214502085276	29.389948039600768
2602.068031119727	29.50972389797107
2591.960579008218	29.627459971975895
2581.8989018867755	29.743165753490302
2571.8828077681646	29.85685058107265
2561.9121046651608	29.968523639892283
2551.986600590527	30.07819396168452
2542.106103557039	30.185870424690165
2532.270421577464	30.291561753619135
2522.4792069402242	30.394984076940545
2512.7302245813985	30.49230847414674
2503.0254875896526	30.58768376376611
2493.3648091385935	30.681127757132344
2483.748002401821	30.772658116295588
2474.1748805529332	30.862292353972407
2464.6452567655383	30.950047833524422
2455.158944213234	31.03594176892193
2445.7157560696205	31.11999122472116
2436.3155055083043	31.202213116041094
2426.9580057028847	31.282624208549805
2417.6430698269605	31.361241118454018
2408.370511054138	31.438080312478633
2399.1401425580184	31.51315810787628
2389.951777512199	31.586490672422315
2380.8052290902865	31.658094024413003
2371.700310465879	31.72798403268098
2362.636834812582	31.796176416599792
2353.6146153039927	31.862686746104828
2344.6334651137176	31.92753044171286
2335.6931974153536	31.990722774543883
2326.793625382508	32.05227886634657
2317.9345621887783	32.112213689538294
2309.1158210077647	32.170542067229235
2300.3372150130745	32.22727867327649
2291.598557378304	32.28243803230998
2282.8996612770597	32.33603451979843
2274.2403398829406	32.38808236208206
2265.6204063695463	32.438595636446735
2257.0396739104835	32.48758827116944
2248.4979556793514	32.53507404558377
2239.9950648497493	32.58106659015152
2231.5308145952827	32.625579386529125
2223.105018089553	32.66862576764288
2214.7174885061577	32.71021891776559
2206.368039018704	32.750371872603864
2198.056482800792	32.78909751936976
2189.7826330260195	32.826408596887404
2181.5463028679937	32.86231769567553
2173.347305500312	32.89683725804457
2165.185454096579	32.92997957819557
2157.0605618303944	32.961756802326136
2148.972441875363	32.99218092873912
2140.9209074050823	33.021263807948344
2132.905771593158	33.04901714278981
2124.92684761319	33.075452488551264
2116.983948638778	33.10058125307796
2109.076887843528	33.12441469690407
2101.205478401039	33.146963933381585
2093.369533484911	33.16823992880518
2085.56886626875	33.18825350255179
2077.8032899261534	33.20701532720955
2070.072617630727	33.22453592872853
2062.3751402257158	33.2379500697748
2054.712123807662	33.250011871146626
2047.0834588089485	33.26087734895577
2039.4889619809549	33.27056321054738
2031.9284500750532	33.27908602020102
2024.4017398426226	33.286462199268726
2016.908648035037	33.29270802632573
2009.44899140367	33.29783963732871
2002.0225866999008	33.301873025762234
1994.6292506751015	33.30482404280724
1987.2688000806513	33.306708397497005
1979.9410516679218	33.307541656878584
1972.6458221882929	33.30733924618562
1965.3829283931361	33.306116449
1958.1521870338308	33.303888407428985
