1511.3741181331823	26.93594741317247
1505.1115920858488	26.919710359207784
1498.8780262270482	26.901249062393163
1492.6740657146083	26.88204232109615
1486.4995841155815	26.862098877678818
1480.3544549970256	26.84142737112097
1474.2385519259938	26.820036337062902
1468.1517484695437	26.797934207846993
1462.09391819473	26.77512931256183
1456.0649346686052	26.751629877089954
1450.064671458229	26.72744402416106
1444.093002130653	26.70257977339884
1438.1498002529358	26.67704504138169
1432.234939392131	26.65084764170342
1426.3482931152928	26.623995285023966
1420.4897349894793	26.596495579143493
1414.6591385817444	26.568356029061533
1408.8563774591416	26.539584037046325
1403.0813251887298	26.510186902709165
1397.333855337561	26.48017182307376
1391.6138414726936	26.44954589265535
1385.9211571611818	26.41831610353711
1380.2556759700788	26.386489345453583
1374.617271466443	26.354072405871193
1369.0058172173287	26.321071970076673
1363.4211867897898	26.287494621265978
1357.863253750884	26.25334684063273
1352.3318916676644	26.218635007462126
1346.8269741071886	26.183365399230752
1341.3483746365096	26.147544191700717
1335.895966822685	26.111177459021064
1330.4696242327693	26.074271173831676
1325.069220433816	26.036831207368778
1319.6946289928837	25.99886332957135
1314.3457234770246	25.960373209194813
1309.0223774532967	25.921366413918804
1303.7244644887542	25.88184841046609
1298.4518581504512	25.841824564717854
1293.2044320054456	25.801300141829188
1287.9820596207912	25.760280306362347
1282.7846145635422	25.71877012239497
1277.6119704007567	25.67677455365856
1272.4640006994885	25.634298463662844
1267.3405790267916	25.591346615821067
1262.2415789497243	25.547923673592322
1257.166801378997	25.503895127768146
1252.115587007591	25.45824531360904
1247.088417989772	25.41214338847135
1242.0851700334601	25.365597718912795
1237.1057188465807	25.318616573858435
1232.149940137053	25.271208124739132
1227.217709612802	25.223380445630937
1222.3089029817486	25.175141513400604
1217.4233959518174	25.126499207840425
1212.561064230929	25.077461311821935
1207.721783527006	25.028035511440976
1202.9054295479725	24.978229396162078
1198.1118780017487	24.928050458974212
1193.3410045962594	24.877506096546313
1188.5926850394262	24.826603609373024
1183.86679503917	24.775350201939773
1179.1632103034165	24.723752982875567
1174.4818065400864	24.671818965116472
1169.822459457101	24.61955506606273
1165.1850447623854	24.56696810774497
1160.5694381638612	24.514064816989503
1155.975515369449	24.460851825581813
1151.4031520870742	24.407335670437078
1146.8522240246582	24.353522793770253
1142.3226068901222	24.299419543261138
1137.814176391391	24.245032172234005
1133.3268082363847	24.190366839826765
1128.8603781330282	24.135429611168547
1124.414761789242	24.08022645755409
1119.9898349129505	24.0247632566236
1115.5854732120745	23.969045792539646
1111.201552394538	23.913079756169054
1106.837948168263	23.856870745262995
1102.4945362411706	23.80042426464297
1098.1711923211858	23.74374572637953
1093.8677921162298	23.686840449980537
1089.584211334224	23.629713662576023
1085.320325683093	23.572370499106682
1081.0760108707577	23.514816002507928
1076.8176282902516	23.459689956576085
1072.5747717932597	23.404648054068844
1068.3511600500121	23.349392301658895
1064.1467100104587	23.293924215751986
1059.9613386245521	23.238245251135254
1055.7945193266569	23.18150423727593
1051.6465960383673	23.124523105056255
1047.5175058519083	23.06734184272625
1043.4071672496052	23.009964608068685
1039.315498713786	22.952395498654482
1035.2424187267745	22.894638551910816
1031.1878457708988	22.836697745179208
1027.1516983284828	22.77857699578442
1023.1338948818542	22.72028016110005
1019.1343539133372	22.661811038615838
1015.1529939052599	22.603173366006445
