6836.29642422513	7.675844807679823
6811.593398415979	8.564371121323347
6787.000499986986	9.444831830430303
6762.517251918594	10.317270857452968
6738.143177191221	11.18173180287522
6713.877798785308	12.03825794448585
6689.7206396812735	12.886892236646418
6665.671222859559	13.727677309577302
6641.729071300587	14.560655468645564
6617.893707984785	15.38586869370556
6594.164655892591	16.203358638374084
6570.541438004426	17.013166629399166
6547.023577300729	17.815333665987964
6523.610596761926	18.60990041918103
6500.30201936844	19.396907231192017
6477.097368100713	20.176394114817413
6453.996165939168	20.948400752827183
6430.997935864231	21.712966497344496
6408.102200856342	22.470130369292747
6385.30848389592	23.21993105780348
6362.616307963406	23.96240691967523
6340.025196039224	24.697595978812387
6317.534671103799	25.42553592569675
6295.144256137572	26.14626411685731
6272.853474120966	26.859817574376393
6250.661848034406	27.566232985363058
6228.568900858333	28.265546701494713
6206.5741555731665	28.957794738523262
6184.677135159346	29.643012775802163
6162.877362597293	30.321236155868064
6141.174360867445	30.992499883957862
6119.567652950228	31.656838627623074
6098.0487018422355	32.29956637752093
6076.618086404171	32.92264066399275
6055.282351040583	33.538917246318306
6034.041035244584	34.14845962465006
6012.8936785092665	34.75133097334947
5991.839820327721	35.34759414059408
5970.879000193059	35.937311647983734
5950.010757598373	36.520545690171275
5929.234632036757	37.09735813451698
5908.550163001318	37.667810520719286
5887.95688998515	38.23196406048737
5867.454352481347	38.78987963721465
5847.042089983018	39.34161780566319
5826.719641983255	39.88723879164354
5806.4865479751525	40.42680249173918
5786.342347451818	40.96036847301002
5766.28657990634	41.487995972719546
5746.3187848318275	42.009743898071974
5726.438501721371	42.52567082595942
5706.645270068074	43.03583500271725
5686.93862936503	43.54029434388485
5667.318119105344	44.03910643400832
5647.78327878211	44.532328526385754
5628.333647888423	45.02001754290632
5608.96876591739	45.50223007382101
5589.688172362101	45.97902237759354
5570.491406715662	46.450450380700204
5551.378008471169	46.916569677480766
5532.347517121713	47.37743552997199
5513.399472160405	47.83310286777851
5494.533413080336	48.283626287920015
5475.748879374601	48.72906005472123
5457.045410536309	49.169458099679105
5438.42254605855	49.604874021361866
5419.879825434423	50.035361085311706
5401.416788157031	50.46097222395383
5383.032973719471	50.88176003650551
5364.7279216148345	51.29777678890696
5346.501171336231	51.70907441376585
5328.352262376749	52.115704510275464
5310.280734229497	52.51771834419742
5292.286126387563	52.915166847792534
5274.367978344055	53.308100619800825
5256.525829592062	53.69656992541877
5238.7592196246915	54.08062469626839
5221.067687935038	54.46031453039541
5203.367626467167	54.84933851178357
5185.5286618378395	55.26899537272584
5167.7632953279235	55.684329811316275
5150.071247845083	56.095360513732885
5132.452240296995	56.502105980196575
5114.90599359132	56.90458452466555
5097.432228635733	57.30281427448517
5080.0306663379	57.69681317009508
5062.701027605487	58.086598964724544
5045.44303334616	58.47218922405864
5028.256404467594	58.85360132597634
5011.1408618774485	59.230852460223105
4994.096126483402	59.60395962816074
4977.121919193117	59.97293964245546
4960.217960914257	60.33780912681232
4943.3839725545	60.69858451570144
4926.619675021506	61.05528205411065
4909.92478922295	61.40791779724532
4893.299036066492	61.756507610319204
4876.742136459809	62.10106716827704
4860.253811310561	62.441611955557164
4843.833781526425	62.77815726585686
