8165.384578836707	29.881183411652273
8136.1121188701945	28.57710963385034
8106.963449087091	27.28248772385723
8077.938113902371	25.997299634166666
8049.03565773098	24.721527578476525
8020.2556249878935	23.45515403272202
7991.597560088055	22.19816173608433
7963.06100744644	20.950533691987403
7934.645511478003	19.71225316911932
7906.350616597695	18.48330370238
7878.1758672204905	17.263669093903445
7850.120807761336	16.05333341401365
7822.184982635206	14.852281002154996
7794.367936257053	13.660496467888152
7766.66921304183	12.477964691815032
7739.088357404511	11.304670826491929
7711.624913760051	10.140600297397214
7684.256818497233	9.024905117218623
7657.002424973034	7.92348818402661
7629.864099799174	6.831220856926848
7602.841410599993	5.748047556960955
7575.933924999807	4.6739129629104355
7549.141210622937	3.6087620121943473
7522.46283509372	2.552539901763339
7495.898366036476	1.5051920889745816
7469.447371075521	0.46666429244578467
7443.109417835196	0.5630975070762361
7416.884073939812	1.5841470658760954
7390.770907013706	2.5965378764076377
7364.769484681193	3.600323166499038
7338.879374566608	4.5955558984933305
7313.1001442942725	5.582288768471699
7287.431361488503	6.560574205429475
7261.872593773638	7.530464370474874
7236.423408773991	8.4920111560632
7211.083374113899	9.445266185216497
7185.852057417681	10.390280810749573
7160.729026309656	11.327106114516027
7135.713848414161	12.25579290666792
7110.8060913555155	13.1763917249109
7086.005322758038	14.088952833774783
7061.311110246067	14.99352622389597
7036.723021443921	15.890161611312578
7012.240623975919	16.77890843676687
6987.863485466399	17.659815864991288
6963.5911735396785	18.53293278406636
6939.423255820077	19.398307804708566
6915.359299931934	20.255989259644593
6891.39887349956	21.10602520293196
6867.541544147293	21.94846340933782
6843.7868794994465	22.783351373686855
6820.134447180358	23.61073631025465
6796.583814814339	24.430665152156507
6773.1345500257285	25.24318455071716
6749.786220438845	26.048340874907808
6726.538393678007	26.846180210757666
6703.390637367553	27.6367483607537
6680.342519131795	28.42009084331221
6657.39360659507	29.19625289220221
6634.543467381699	29.965279456001554
6611.791669115999	30.72721519757033
6589.137779422308	31.48210449353155
6566.581365924946	32.22999143373454
6544.12199624823	32.97091982075381
6521.759238016501	33.704933169419746
6499.492658854074	34.432074706302046
6477.3218263852705	35.15238736925039
6455.246308234426	35.865913806907884
6433.265672025862	36.57269637828722
6411.379485383896	37.27277715229229
6389.587315932866	37.96619790729619
6367.888731297084	38.65300013071919
6346.283299100888	39.3332250185822
6324.770586968592	40.0069134751393
6303.350162524531	40.67410611244577
6282.02159339302	41.33484324998062
6260.784447198395	41.98916491426917
6239.6382915649765	42.63711083852286
6218.582694117083	43.278720462242745
6197.617222479051	43.914032930905705
6176.741444275201	44.543087095612464
6155.95492712985	45.16592151274472
6135.257238667337	45.7825744436459
6114.6479465119755	46.393083854328324
6094.126618288102	46.99748741512758
6073.692821620034	47.59582250044696
6053.346124132099	48.18812618845459
6033.086093448615	48.774435260793325
6012.9122971939205	49.35478620235426
5992.824302992328	49.929215200956605
5972.821678468174	50.497758147154855
5952.9039912457765	51.060450633970504
5933.070808949458	51.61732795665557
5913.321699203553	52.16842511249342
5893.656229632376	52.713776800555024
5874.073967860263	53.25341742150704
5854.5744815115295	53.78738107742174
5835.155512056185	54.31236156465911
5815.804451656165	54.806120156081306
5796.534874058233	55.294304256498435
