2106.9033790597828	15.85423530953426
2098.126989871136	15.737370671314238
2089.393381040277	15.62116626033503
2080.702338420595	15.505615647708964
2072.0536478654712	15.390712371911832
2063.4470952282954	15.276449938646465
2054.882466362449	15.162821820698355
2046.3595471213216	15.049821457797862
2037.8781233582963	14.937442256477198
2029.4379809267566	14.82567758993082
2021.038905680092	14.714520797877185
2012.6806834716838	14.60396518641619
2004.3631001549215	14.494004027893652
1996.085941583189	14.384630560760115
1987.8489936098686	14.275837989428737
1979.6520420883508	14.167619484144097
1971.4948728720185	14.059968180839405
1963.3772718142552	13.952877181001895
1955.2986014976966	13.8455274223993
1947.2587840085082	13.73817325652658
1939.2578985416078	13.631370497658054
1931.2957340563098	13.52511806913617
1923.3720795119286	13.419414859944254
1915.4867238677855	13.314259724575777
1907.639456083195	13.209651482899062
1899.8300651174718	13.105588920021773
1892.058339929937	13.002070786158129
1884.3240694799024	12.899095796498386
1876.62704272669	12.79666263107356
1868.9670486296116	12.694769934619444
1861.3438761479886	12.593416316451567
1853.7573142411352	12.492600350328075
1846.2071518683663	12.392320574318774
1838.6931779890028	12.292575490677109
1831.2151815623574	12.19336356570443
1823.7729515477508	12.094683229620614
1816.3662769044975	11.996532876435822
1808.9949465919128	11.898910863817719
1801.6587495693173	11.80181551296414
1794.3574747960251	11.705245108468034
1787.0909112313518	11.609197898196271
1779.8588478346176	11.513672093152763
1772.6610735651375	11.41866586735523
1765.4973773822262	11.324177357701046
1758.3675482452043	11.230204663843324
1751.2713751133865	11.136745848059945
1744.208646946088	11.043798935128507
1737.1791527026292	10.951361912192851
1730.1826813423231	10.859432728639604
1723.21902182449	10.768009295971524
1716.256332568757	10.679597609621851
1709.3030812345241	10.593501846814888
1702.3820746035474	10.507893163431618
1695.4931695242449	10.422763952931518
1688.6361696047404	10.338004315019134
1681.8105496536944	10.252872682202906
1675.0166054851861	10.16820459278847
1668.2541962483658	10.08399677555144
1661.5231810923892	10.00024593826106
1654.8234191664083	9.91694876758811
1648.1547696195735	9.834101929006238
1641.5170916010422	9.751702066694406
1634.9102442599653	9.669745803441174
1628.3340867454938	9.588229740545103
1621.7884782067845	9.50715045772563
1615.2732777929887	9.426504513016425
1608.7883446532574	9.34628844267695
1602.3335379367472	9.266498761094226
1595.9087167926095	9.187131960686884
1589.5137403699953	9.10818451180603
1583.1484678180616	9.029652862646572
1576.8127582859574	8.951533439144896
1570.5064709228393	8.873822644886332
1564.229464877857	8.796516861009877
1557.9815993001669	8.71961244611407
1551.7627333389185	8.643105736160123
1545.572726143268	8.566993044377568
1539.411436862367	8.491270661170574
1533.278724645367	8.415934854025181
1527.1744486414239	8.34098186740971
1521.0984679996895	8.26640792268654
1515.0506418693149	8.192209218013886
1509.030829399456	8.118381928254166
1503.0388897392636	8.044922204883505
1497.0746820378931	7.971826175890101
1491.1380654444959	7.899089945689639
1485.2288991082253	7.826709595027978
1479.3470421782324	7.754681180888838
1473.4923538036737	7.683000736401482
1467.6646586194213	7.6115978917882785
1461.8635524611416	7.53996219519081
1456.0891951299802	7.46866781192989
1450.3414474871624	7.397713972362908
1444.6201703939182	7.32709988298393
1438.9252247114719	7.256824726335253
1433.2564713010524	7.186887660908496
1427.6137710238845	7.117287821066839
1421.996984741198	7.048024316946794
1416.4059733142165	6.979096234366125
1410.8405976041697	6.91050263474267
