5595.597325148698	87.46374064095289
5574.041474674412	86.44996600367813
5552.585092216349	85.44452733541038
5531.2277238528295	84.44737837892535
5509.968915662147	83.45847321567271
5488.808213722621	82.47776626639097
5467.745164112545	81.50521229172591
5446.779312910239	80.5407663928172
5425.910206194003	79.58438401191052
5405.137390042139	78.6360209329232
5384.460410532962	77.6956332820073
5363.878813744771	76.76317752811792
5343.392145755881	75.83861048353083
5322.9999526445945	74.92188930438351
5302.701780489213	74.01297149120091
5282.497175368053	73.11181488937473
5262.385683359416	72.2183776896727
5242.366850541605	71.33261842870888
5222.438453924852	70.45774332270321
5202.597835901032	69.59775843596799
5182.848530782085	68.74530336553653
5163.190096162051	67.90031687552073
5143.62208963498	67.06273806765512
5124.144068794925	66.23250638171794
5104.755591235935	65.40956159593134
5085.456214552051	64.59384382738608
5066.245496337336	63.78529353243448
5047.1229941858255	62.983851507059626
5028.088265691581	62.189458887261935
5009.140868448641	61.40205714941567
4990.280360051064	60.62158811061272
4971.506298092896	59.84799392898458
4952.81824016818	59.081217104068855
4934.2157438709755	58.321200477071216
4915.698366795323	57.56788723120462
4897.265666535279	56.82122089197128
4878.917200684889	56.08114532741911
4860.652526838198	55.34760474844006
4842.471202589265	54.62054370902115
4824.372785532134	53.89990710645907
4806.356833260849	53.18564018164852
4788.42290336947	52.47768851926048
4770.570553452041	51.77599804796955
4752.799341102606	51.08051504066407
4735.108823915224	50.391186114634365
4717.498559483939	49.70795823174012
4699.968105402797	49.03077869860135
4682.517019265855	48.35959516674666
4665.144858667154	47.69435563275783
4647.851181200752	47.03500843842812
4630.635544460689	46.38150227087044
4613.497506041024	45.733786162654724
4596.4366235357975	45.091809491904314
4579.452454539065	44.455521982405116
4562.544556644874	43.8248737036929
4545.71248744727	43.19981507112652
4528.955804540309	42.58029684597659
4512.274065518032	41.96627013547641
4495.666827974497	41.357686392870164
4479.133649503749	40.75449741746752
4462.674087699833	40.1566553546877
4446.287700156807	39.56411269604496
4429.974044468715	38.97682227923042
4413.732678229604	38.39473728806206
4397.56315903353	37.81781125252064
4381.4650444745375	37.24599804874515
4365.437892146674	36.67925189898051
4349.390182062815	36.10354809419232
4333.330997056505	35.520361069486626
4317.341519142803	34.942192086893556
4301.421460555091	34.36902023495395
4285.570533526734	33.80082481365798
4269.788450291112	33.23758533473392
4254.072404643571	32.683935156689586
4238.423244688304	32.137756724377596
4222.84207919762	31.596449919061797
4207.328628305081	31.059980487296343
4191.882612144243	30.52831438180874
4176.503750848658	30.001417761800894
4161.191764551889	29.47925699316511
4145.946373387491	28.961798648756485
4130.7672974890165	28.449009508639847
4115.654256990029	27.940856560320753
4100.60697202408	27.437306998975146
4085.625162724732	26.938328227680813
4070.708549225539	26.443887857637037
4055.856851660058	25.95395370836968
4041.0697901618414	25.468493807957202
4026.347084864454	24.987476393210272
4011.6884559014443	24.510869909870053
3997.0936234063784	24.038643012824195
3982.5623075128083	23.570764566247817
3968.094228354287	23.10720364380586
3953.6891060643793	22.64792952882135
3939.3466607766354	22.192911714435013
3925.066612624618	21.742119903755793
3910.848681741878	21.295524010026384
3896.6925882619785	20.853094156769203
3882.5980523184694	20.41480067791008
3868.5647940449153	19.980614117925143
