6301.038885348723	37.90894592678342
6278.2719056166725	38.5955406170724
6255.602404926159	39.27570108290638
6233.0300243581205	39.9494648657801
6210.554404993475	40.61686927637402
6188.1751879131625	41.2779513938558
6165.8920141981	41.93274806522277
6143.704524929227	42.58129590464432
6121.612361187465	43.22363129281803
6099.615164053739	43.859790376317505
6077.712574608987	44.48980906694305
6055.904233934127	45.11372304111501
6034.189783110097	45.73156773925075
6012.568863217822	46.34337836512532
5991.041115338224	46.94918988531208
5969.606180552241	47.54903702852516
5948.263699940799	48.14295428508831
5927.013314584816	48.730975906320964
5905.854665565235	49.3131359039653
5884.787393962973	49.88946804963143
5863.811140858968	50.46000587421895
5842.9255473341445	51.024782667409454
5822.130254469425	51.5838314770599
5801.424903345748	52.13718510873241
5780.809135044036	52.684876125116716
5760.282590645213	53.226936845559976
5739.844911230218	53.76339934550833
5719.495737879968	54.294295456042164
5699.234711675404	54.81965676337222
5679.06147369744	55.33951460833032
5658.975665027019	55.85390008593731
5638.976926745061	56.362844044884696
5619.064899932491	56.866377087117144
5599.239225670246	57.36452956734138
5579.499545039247	57.85733159262054
5559.845499120429	58.3448130218967
5540.276728994717	58.82700346559068
5520.792875743035	59.303932285179144
5501.393580446321	59.775628592767134
5482.0784841854975	60.24212125070517
5462.847228041488	60.7034388711736
5443.699453095232	61.15960981581338
5424.6348004276515	61.610662195329496
5405.6529111196705	62.05662386914719
5386.753426252227	62.49752244501451
5367.935986906245	62.93338527867945
5349.200234162648	63.364239473519774
5330.545809102372	63.790111880225595
5311.972352806338	64.2110290964556
5293.479506355484	64.62701746652328
5275.066910830728	65.03810308107859
5256.734207313008	65.44431177680781
5238.481036883241	65.84566913614253
5220.307040622369	66.24220048695497
5202.211859611312	66.6339309022851
5184.195134930996	67.02088520007146
5166.256507662357	67.40308794289649
5148.395618886314	67.78056343770368
5130.612109683806	68.15333573557473
5112.905621135756	68.52142863147765
5095.275794323087	68.88486566403935
5077.722270326738	69.24367011531922
5060.2446902276315	69.59786501058898
5042.842695106694	69.94747311814535
5025.515926044858	70.2925169490727
5008.264024123051	70.63301875708294
4991.075551356026	70.94863362347132
4973.960530418195	71.25846333689424
4956.91931838032	71.56384547103062
4939.951568739075	71.86482409876407
4923.056934991151	72.16144304489262
4906.235070633218	72.45374588596405
4889.485629161965	72.74177595009951
4872.808264074062	73.0255763168534
4856.202628866201	73.30518981704427
4839.66837703505	73.58065903262923
4823.2051620773	73.85202629653759
4806.812637489626	74.11933369258259
4790.490456768704	74.3826230553077
4774.2382734112225	74.64193596988662
4758.055740913856	74.89731377200678
4741.942512773284	75.14879754778849
4725.898242486191	75.39642813366208
4709.922583549251	75.6402461163143
4694.015189459151	75.88029183257277
4678.175713712568	76.1166053693687
4662.403809806182	76.34922656365598
4646.699131236669	76.57819500234655
4631.061331500717	76.8035500222677
4615.490064094998	77.02533071011294
4599.9849825162	77.24357590240743
4584.545740261	77.45832418546615
4569.171990826073	77.66961389538665
4553.8633877081065	77.87748311800533
4538.619584403775	78.08196968890525
4523.440234409763	78.28311119340151
4508.3249912227475	78.48094496653857
4493.273508339412	78.67550809310114
4478.2854392564295	78.86683740762237
4463.360437470491	79.0549694944043
