1096.3451483353053	8.612082175951173
1091.637718475471	8.543396484763889
1086.9537180491943	8.475038404200404
1082.293020587385	8.407005730730702
1077.655499620949	8.339296235528536
1073.0410286807967	8.271907664360583
1068.4494812978328	8.204837737482308
1063.8807310029683	8.138084149525639
1059.3346513271097	8.071644569392447
1054.8111158011634	8.005516640144378
1050.3099979560398	7.939697978896561
1045.8311713226444	7.874186176710168
1041.3745094318879	7.8089787984851
1036.939885814676	7.744073382849933
1032.5271740019164	7.679467442060968
1028.1362475245185	7.61515846188729
1023.7669799133894	7.551143901512205
1019.4192446994358	7.487421193421255
1015.0929154135678	7.423987743301382
1010.7878655866909	7.360840929929395
1006.5039687497155	7.297978105070229
1002.2409946781873	7.235196349067792
997.9988654558049	7.172586643633849
993.7775124831901	7.110257941434952
989.5768104882873	7.048209796273227
985.3966341990412	6.986441734797381
981.2368583433993	6.924953256398339
977.0973576493053	6.8637438331054454
972.9780068447068	6.8028129094821
968.8786806575473	6.7421599025261685
964.7992538157746	6.681784201562209
960.739601047333	6.621685168143813
956.6995970801675	6.5618621359457165
952.6791166422252	6.502314410665235
948.67803446145	6.443041269919604
944.6962252657895	6.384041963139907
940.7335637831883	6.325315711473763
936.7641658686105	6.26863267171143
932.8108957403753	6.212407049810281
928.8764548817519	6.156443417330365
924.9607574786389	6.100738186535409
921.063717716938	6.045287753707157
917.1852497825477	5.990088499070339
913.3252678613668	5.935136786712178
909.4836861392968	5.880428964504858
905.6604188022363	5.825961364027307
901.8553800360842	5.771730300484819
898.0684840267418	5.717732072633339
894.2996313105804	5.663936589825539
890.5486615952076	5.610196205300554
886.8155787156012	5.556680376102463
883.1002977271177	5.503387014888176
879.4027336851092	5.450314017760547
875.7228016449319	5.397459264190957
872.0604166619393	5.344820616944844
868.4154937914846	5.2923959220004235
864.7879480889238	5.240183008475697
861.1776946096096	5.188179688550576
857.5846484088978	5.1363837573882165
854.008724542142	5.084792993062479
850.4498380646952	5.033405156479034
846.907904031914	4.982217991298512
843.3828374991514	4.931229223863056
839.8745535217606	4.8804365631175415
836.3829671550981	4.829837700536359
832.907993454517	4.7794303100452
829.4495474753708	4.729212047946589
826.0075442730154	4.679180552846333
822.5818989028041	4.6293334455741615
819.1725264200907	4.5796683291118825
815.7793418802308	4.5301827885176635
812.4022603385772	4.480874390849522
809.0411968504856	4.431740685093587
805.6960664713088	4.38277920208634
802.3667564859578	4.333933738169094
799.0531787392383	4.285195570283463
795.7552805050663	4.236624492231954
792.4729774241974	4.188219094304145
789.2061851373882	4.139977948468413
785.954819285397	4.091899608295421
782.7187955089798	4.043982608887745
779.4980294488928	3.9962254668055266
776.2924367458944	3.9486266799929126
773.1019330407402	3.901184727706436
769.9264339741883	3.8538980704415735
766.765855186995	3.806765149860098
763.6201123199173	3.7597843887175486
760.489121013711	3.712954190792175
757.3727969091349	3.666272940811382
754.2710556469441	3.61973900437863
751.1838128678971	3.57335072790454
748.11098421275	3.527106438533906
745.0524853222591	3.4810044440720276
742.0082318371827	3.4350430329153596
738.9781393982762	3.3892204739789804
735.9621236462979	3.343535016625765
732.9601002220033	3.2979848905953304
729.9719847661509	3.252568305930481
726.9976742453581	3.2072472938500596
724.0370968123488	3.1620442482352473
