1012.9593301959734	1.2709040953341173
1008.4401522471987	1.251419615464897
1003.9440646745609	1.2320220751360011
999.4709454554788	1.212710386939989
995.0206725673672	1.193483438421822
990.5931239876448	1.1743400919573332
986.1881776937263	1.1552791846382888
981.8057116630305	1.1362995281508574
977.445603872973	1.117399908658399
973.1077323009697	1.0985790866842535
968.7919749244392	1.0798357969921426
964.4982097207961	1.0611687484691856
960.2263146674593	1.042576624010053
955.9761677418445	1.0240580803964576
951.7476469213674	1.0056117481842648
947.5406301834468	0.9872362315832106
943.3549955054982	0.9689301083415103
939.1906208649375	0.9506919296318301
935.0473842391834	0.9325202199319165
930.9251636056507	0.9144134769105676
926.8238264464184	0.8963499000481079
922.743146653419	0.8781268852187623
918.683118463673	0.8599673895472506
914.6436209181212	0.8418718571315367
910.6245330577011	0.8238407050492924
906.6257339233503	0.8058743232405732
902.6471025560091	0.787973074398792
898.6885179966146	0.7701372938538498
894.7498592861069	0.7523672894617448
890.831005465423	0.7346633414897497
886.9318355755032	0.7170257025040883
883.0522286572852	0.6994545972585229
879.1920637517067	0.6819502225815768
875.351219899708	0.6645127472631884
871.5295761422259	0.6471423119454585
867.727011520201	0.6298390290086218
863.9434050745708	0.6126029824600892
860.178635846273	0.5954342278241711
856.432582876248	0.5783327920283909
852.7051252054338	0.5612986732962781
848.9961418747674	0.5443318410319762
845.3055119251898	0.5274322357126948
841.6331143976385	0.5105997687768422
837.9563955502131	0.495327745459349
834.2974263462687	0.48013471332603785
830.6563848044124	0.46500057639434544
827.0331697510422	0.4498905326918248
823.4276452239523	0.4347024841727034
819.8397961762498	0.41956813152671657
816.2695388940532	0.4044863840806556
812.7167896634762	0.38945613430098547
809.181464770637	0.37447625771233106
805.6634805016497	0.3595456128089154
802.162753142632	0.34466304097270495
798.6791989796993	0.3298273663872351
795.2127342989668	0.31503739595314073
791.7632753865521	0.3002919192056197
788.3307385285696	0.2855897082260981
784.9150400111367	0.27092951756196726
781.5160961203694	0.25631008414029566
778.1338231423821	0.24173012718381415
774.7681373632929	0.2271883481283794
771.4189550692171	0.21268343053702665
768.0861925462694	0.1982140400186836
764.7697660805683	0.18377882414210944
761.4695919582284	0.16937641235460887
758.1855864653651	0.15500541589710792
754.917665888096	0.14066442772195842
751.6657465125365	0.12635202240960552
748.4297446248017	0.11206675608571004
745.2095765110095	0.09780716633804332
742.00511171815	0.08348129015939776
738.8163075416884	0.06916700871113335
735.6430874084045	0.05487662677342087
732.4853681863411	0.040609734026361366
729.3430667435382	0.02636590141128181
726.2160999480384	0.012144681045128891
723.1043846678822	0.0020543938582022747
720.0078377711102	0.01623180906858579
716.926376125765	0.030388069424589048
713.8599165998872	0.044523698908278675
710.8083760615174	0.05863924073173621
707.7716713786982	0.0727352574148199
704.7497194194697	0.08681233086485918
701.7424370518742	0.10087106246089661
698.7497411439524	0.11491207312724327
695.7715485637457	0.128936003421245
692.8077761792945	0.14294351360706514
689.8583408586414	0.15693528373867593
686.9231594698265	0.17091201373750664
684.0021488808925	0.18487442347418437
681.0952259598796	0.19882325284550006
678.2023075748285	0.21275926185523986
675.3233039379081	0.22669612890774715
672.4581123384196	0.24067259908201777
669.6066766186568	0.2546372228405289
666.7689140651379	0.26859003013703386
663.9447419643832	0.28253107127409294
661.1340776029106	0.2964604169820859
658.3368382672405	0.31037815849401795
