820.6332851874463	3.6415098478097434
816.8786028478597	3.6520098594290857
813.1430280068514	3.6625337084154808
809.4264669231877	3.6730841103717466
805.7288258556307	3.683663800519753
802.0500110629465	3.6942755338073994
798.3899288038976	3.704922085010935
794.74848533725	3.7156062488426187
791.1255869217669	3.7263308400520145
787.5211398162116	3.737098693533312
783.9350502793503	3.7479126644299186
780.367224569945	3.7587756282367764
776.8175689467622	3.7696904809057514
773.285989668565	3.7806601389513617
769.7723929941166	3.7916875395518446
766.2766851821831	3.8027756406559092
762.7987685172187	3.813935112664012
759.3385511885201	3.8251652200992794
755.8959417390787	3.836464563270283
752.4708465364405	3.8478359736135417
749.0631719481551	3.859282303813302
745.6728243417693	3.8708064279029486
742.2997100848302	3.8824112413711873
738.9437355448871	3.8940996612602703
735.6048070894873	3.90587462627434
732.2828310861773	3.9177390968777672
728.9777139025072	3.9296960553992903
725.6893619060227	3.9417485061350135
722.4176814642732	3.95389947544993
719.162578944805	3.9661520118801263
715.9239607151676	3.9785091862337367
712.7017331429079	3.9909740916950796
709.4958025955729	4.003549843923338
706.3060760050919	4.016238487997725
703.1324754457856	4.0290127604055215
699.9748904277143	4.041908495039934
696.833226953715	4.054929605159714
693.7073910266245	4.068080027146948
690.5972886492823	4.081363720604145
687.5028258245255	4.094784668457919
684.4239085551911	4.108346877057556
681.3604428441183	4.122054376277788
678.3123346941443	4.135911219618379
675.2794901081061	4.149921484303718
672.2618150888429	4.1640892713850235
669.259215639192	4.178418705838226
666.2715977619903	4.1929139366656045
663.2988674600772	4.207579136995037
660.3409307362889	4.222418504181178
657.3977014950027	4.237420943208008
654.469124625413	4.2525153151150334
651.5550567848949	4.267801539984816
648.6554024921505	4.283286791135197
645.7700662658846	4.298978267180701
642.8989526247997	4.314883192130765
640.0419660875986	4.331008815494329
637.1990111729858	4.347362412378288
634.3699923996637	4.363951283587085
631.5548142863366	4.380782755727523
628.7385755568054	4.396967072313032
625.9356496483259	4.41339121572355
623.1463237147359	4.430085803076622
620.370528812458	4.447059856284795
617.6081959979148	4.464322413229183
614.8593636045437	4.4816744215794415
612.1238501113211	4.49934331946838
609.4015822102908	4.517346661970009
606.6924872089348	4.535700828089375
603.996492414733	4.554422214664896
601.313525135165	4.573527236450332
598.6435126777131	4.5930323261957255
595.9863823498566	4.6129539347294894
593.3420614590771	4.633308531039916
590.710477312854	4.654112602354189
588.0915572186693	4.675382654222744
585.4852284840022	4.697135210598503
582.8915375561182	4.719155554560189
580.3103632811444	4.741554283706478
577.7415423178418	4.764523930638916
575.1849928127149	4.788098884489045
572.6406329122668	4.81231355684622
570.1083807630002	4.837202381844122
567.5881545114199	4.862799816253414
565.0798723040281	4.889140339572464
562.5834522873295	4.916258454114882
560.098812607827	4.944188685104791
557.6258714120239	4.972965580763685
555.1649191834659	5.001900570748717
552.7154838555223	5.031786036908898
550.2774370842276	5.062746903935363
547.8506715233879	5.094867351000971
545.4350798268074	5.128231591007875
543.0305546482906	5.162923870711097
540.6369886416435	5.199028470841199
538.2542744606698	5.236629706227518
535.882330771342	5.27576138499137
533.52184672821	5.314960222939021
531.171760142558	5.3561658145464435
528.8318808211084	5.399623646895407
526.5020185705856	5.44557927548999
