1004.6527305926693	14.329931698729297
999.9338736757298	14.288087555518246
995.2391191079611	14.246491350999008
990.5683564361418	14.205145800648893
985.9214752070461	14.164053640309021
981.2983649674524	14.123217626303017
976.6989152641345	14.082640535563428
972.1230156438712	14.042325165751436
967.5705556534377	14.002274335381685
963.0414248396089	13.962490883942564
958.5355127491634	13.922977672023194
954.0527089288753	13.883737581431888
949.5929029255232	13.844773515321549
945.1559842858819	13.806088398313818
940.741842556727	13.767685176618443
936.3503672848366	13.72956681816072
931.981448016986	13.691736312700982
927.6349742999505	13.654196671960108
923.310831172715	13.61695963666557
919.0089064031142	13.580031700276095
914.7290962545007	13.543402968376881
910.471290498114	13.507076108026695
906.235378905192	13.471053808778834
902.0212512469775	13.435338782802091
897.828797294709	13.39993376500604
893.6579068196256	13.364841513162332
889.5084695929693	13.330064808027146
885.3803753859778	13.295606453465439
881.2735139698933	13.26146927657237
877.1877751159536	13.227656127796081
873.1230485954006	13.194169881060361
869.0792241794735	13.161013433887433
865.0561916394108	13.128189707519368
861.0538407464549	13.095701647041778
857.0720613233567	13.063552121931252
853.1107608212772	13.03170994876325
849.1698106098145	13.000213713383573
845.2491000182004	12.969067312161314
841.3485183756695	12.938274666083316
837.4679550114533	12.907839720873767
833.6072992547834	12.877766447117551
829.7664404348943	12.848058840379508
825.9452678810175	12.818720921330396
822.1436709223847	12.789756735865353
818.3615388882304	12.761170355226227
814.5987611077862	12.732965876123899
810.8552269102836	12.70514742085902
807.1308256249572	12.677719137444228
803.4254465810375	12.65068519972283
799.7389856201677	12.624037210132997
796.0713664743585	12.59771284208432
792.4224351361464	12.571800173173983
788.792079471248	12.546306313825085
785.1801873453833	12.521238401442474
781.5866466242692	12.49660360053781
778.011345173623	12.472409102848815
774.4541708591647	12.448662127460807
770.9150115466108	12.42536992093028
767.3937551016809	12.402539757404725
763.8902893900926	12.380178938744507
760.4045022775626	12.358294794644735
756.9362816298113	12.336894682755656
753.4855153125558	12.315985988806005
750.0521659292889	12.295431458971166
746.6360578563489	12.275361414927602
743.2370594489869	12.255821093680652
739.8550550540267	12.236824809207405
736.4899290182954	12.218386905501575
733.141565688617	12.200521756697867
729.8098494118158	12.183243767197155
726.4946645347184	12.16656737179278
723.1958954041482	12.150507035791179
719.9134263669321	12.135077255142392
716.6471417698932	12.120292556562276
713.3878108156649	12.105560915860337
710.1386405556775	12.090819347593992
706.9053349895527	12.076800073874779
703.6877993869704	12.06353706997993
700.4859390176105	12.051064334595708
697.2996591511551	12.039415889927454
694.1288650572842	12.028625781801225
690.9734620056778	12.018728079775201
687.8333552660181	12.009756877245763
684.7084501079844	12.001746291553218
681.5986518012586	11.994730464091731
678.504153405081	11.988185890542582
675.4245726754841	11.982703840204636
672.3597605316492	11.978423856371933
669.3095998953851	11.975423504895616
666.2739736884977	11.973780384933889
663.2527648327964	11.973572129089689
660.2458562500874	11.974876403545295
657.2531308621777	11.977770908197272
654.274659396376	11.981969306972815
651.3105907976195	11.987033588169425
648.3602333392907	11.994155515829334
645.4234022097058	12.00354428578919
642.4999125971839	12.015409154960366
639.5895796900408	12.029959441560322
636.6922186765954	12.047404525357024
