4445.979947963754	28.37008716431501
4428.910367881711	27.851429752226977
4411.917279597514	27.337779481195867
4395.000366651623	26.82911425173279
4378.159312584484	26.325412202474126
4361.393800936553	25.826651710585338
4344.703515248279	25.33281139212795
4328.088139060119	24.84387010246155
4311.547355912522	24.359806936590303
4295.080849345936	23.88060122950401
4278.688302900823	23.406232556574196
4262.369400117625	22.936680733857884
4246.123824536803	22.471925818449563
4229.949039682749	22.016051059039455
4213.845980110274	21.56672613864066
4197.815316487845	21.122107675148527
4181.856740687376	20.682161275119597
4165.969944580781	20.24685278022025
4150.1546200399835	19.816148267535027
4134.410458936894	19.39001404984674
4118.737153143437	18.968416675957542
4103.134394531525	18.551322930948572
4087.6018749730724	18.13869983646555
4072.1392863400033	17.730514650999794
4056.746320504232	17.326734870132896
4041.42266933767	16.927328226800455
4026.168024712243	16.532262691540836
4010.9820784998615	16.14150647272072
3995.864522572449	15.755028016788856
3980.8150488019155	15.372796008482055
3965.8333490601854	14.99477937104848
3950.919115219172	14.620947266455914
3936.0720391507894	14.251269095600492
3921.2918127269613	13.885714498484958
3906.578127819598	13.524253354416487
3891.930676300624	13.16685578219085
3877.3491500419523	12.813492140252038
3862.833240915497	12.464133026865056
3848.3826407931815	12.118749280263728
3833.99704154692	11.777311978817579
3819.6761350486263	11.439792441157351
3805.4196131702247	11.106162226310971
3791.2271677836284	10.776393133846796
3777.098490760751	10.450457203977749
3763.033273973516	10.128326717679101
3749.031209293838	9.809974196798066
3735.0919885936305	9.495372404144746
3721.2153037448174	9.184494343607184
3707.400846619309	8.877313260195933
3693.648309089029	8.573802640156373
3679.9573830258887	8.273936211024647
3666.3277603018105	7.977687941697695
3652.759132788706	7.685032042478269
3639.2511923584984	7.3959429651408755
3625.8036308831015	7.110395402961785
3612.41614023443	6.828364290754962
3599.0884122844063	6.549824804922082
3585.820138904942	6.274752363449807
3572.6110119679597	6.003122625929791
3559.460723345374	5.734911493595064
3546.368118310159	5.471668529346971
3533.332495681672	5.21410124243539
3520.354798656867	4.959860907482835
3507.4347249412785	4.708913537459466
3494.571972240452	4.46122538194777
3481.7662382599224	4.216762927103446
3469.0172207052246	3.975492895662228
3456.3246172819036	3.737382246897596
3443.688125695495	3.502398176601673
3431.1074436515337	3.2705081170247468
3418.5822688555636	3.041679736869355
3406.1122990131184	2.815880941190244
3393.6972318297417	2.5930798713893637
3381.336765010966	2.3732449051194635
3369.0305962623356	2.156344656236797
3356.778423289383	1.9423479747229067
3344.579943797653	1.731223946600494
3332.43485549268	1.5229418938620256
3320.342856080001	1.317471374372417
3308.303643265159	1.1147821817812655
3296.3169147536896	0.914844345419624
3284.3823682511284	0.7176281302049574
3272.49970146302	0.5231040365147237
3260.6686120948966	0.33124280009224094
3248.8887978523026	0.14201539192026758
3237.159956440773	0.044606981904962595
3225.481785565847	0.2286528802956127
3213.85398293306	0.4101506273091218
3202.2762462479554	0.5891283122823552
3190.7482732160665	0.7656137899775786
3179.1965189575885	0.9495335461292598
3167.6421224198934	1.1379758372936521
3156.136654457516	1.3239463798245197
3144.6799190536212	1.5074579251136129
3133.27172019136	1.6885230788557237
3121.911861853898	1.867154300943639
3110.600148024386	2.0433639053735533
3099.336382685989	2.217164060167306
3088.1203698218587	2.3885667872764316
3076.9519134151606	2.5575839625007575
