1838.5827014325384	1.4415125859552518
1830.5497792246217	1.4463178212872663
1822.5560731821035	1.4509648808705151
1814.6014154032061	1.4554574036721988
1806.685637986143	1.459799052447579
1798.8085730291366	1.463993513868445
1790.9700526304	1.4680444986540806
1783.1699088881555	1.4719557417072338
1775.4079739006188	1.4757310022487218
1767.6840797660059	1.4793740639461248
1759.9980585825383	1.482888735052029
1752.3497424484299	1.4862788485329474
1744.738963461903	1.4895482622048348
1737.165553721173	1.4927008588656463
1729.6293453244557	1.4957405464292606
1722.130170369973	1.4986712580580388
1714.667860955941	1.5014969522960655
1707.2422491805753	1.504221613202617
1699.8531671420978	1.50684925048472
1692.5004469387225	1.509383899630393
1685.183920668671	1.5118296220409775
1677.9034204301588	1.5141905051677895
1670.6587783214025	1.5164706626353563
1663.4498264406234	1.5186742343873902
1656.2763968860372	1.5208053868079787
1649.1383217558607	1.5228683128589182
1642.035433148315	1.5248672322156835
1634.9675631616137	1.5268063913895276
1627.934543893979	1.5286900638720908
1620.9362074436249	1.530522550256137
1613.9723859087726	1.5323081783747057
1607.0429113876387	1.5340513034302603
1600.1476159784386	1.5357563081265653
1593.2863317793942	1.5374276027998803
1586.4588908887195	1.5390696255499279
1579.6647548580975	1.541399043318279
1572.9040425818894	1.5438691770445985
1566.176674820557	1.5463141427553637
1559.4824859453893	1.5487341205880512
1552.8213103276705	1.5511293184638362
1546.192982338685	1.5534999722133307
1539.5973363497217	1.5558463457111884
1533.0342067320648	1.558168730999114
1526.5034278569985	1.560467448415693
1520.004834095812	1.562742846725996
1513.5382598197893	1.564995303249134
1507.103539400215	1.567225223983769
1500.7005072083778	1.5694330437370354
1494.3289976155604	1.5716192262536879
1487.9888449930518	1.5737842643393378
1481.6798837121348	1.5759286799893744
1475.4019481440982	1.5780530245162936
1469.154872660225	1.5801578786720256
1462.938491631804	1.5822438527807208
1456.7526394301192	1.5843115868572113
1450.597150426455	1.5863617507361596
1444.4718589921008	1.58839504419916
1438.376599498339	1.5904121970947926
1432.311206316458	1.5924139694695896
1426.2755138177429	1.5944011516853607
1420.2693563734776	1.5963745645503877
1414.292568354951	1.598335059439023
1408.3449841334477	1.6002835184183368
1402.4264380802515	1.6022208543672605
1396.536764566652	1.604148011104371
1390.6757979639326	1.6060659635113552
1384.8433726433782	1.6079757176519252
1379.0393229762776	1.609878310895283
1373.2634833339152	1.6117748120414035
1367.5154996388903	1.6140289752349872
1361.7952626790493	1.6165333997391826
1356.1027422443601	1.619028656346245
1350.4377744161325	1.621512648958742
1344.8001952756695	1.6239833130289298
1339.1898409042806	1.626438615677671
1333.6065473832687	1.6288765558149407
1328.0501507939432	1.631295164259427
1322.5204872176087	1.6336925038601748
1317.01739273557	1.6360666696132284
1311.5407034291363	1.6384157887816855
1306.0902553796125	1.640738021016432
1300.665884668303	1.6430315584734672
1295.2674273765174	1.6452946259332748
1289.8947195855587	1.6475254809201942
1284.5345258787308	1.6487484476006102
1279.178746097371	1.6483739170303124
1273.8482675480154	1.6479703010534195
1268.5429763565676	1.6475397037781931
1263.2627586489348	1.6470842481637646
1258.0075005510182	1.6466060761133576
1252.7770881887257	1.6461073485631914
1247.5714076879594	1.6455902455784326
1242.390345174623	1.6450569664416435
1237.2337867746235	1.6445097297430493
1232.1016186138627	1.6439507734755807
1226.9937268182475	1.6433823551242313
1221.9099975136803	1.6428067517556428
1216.8503168260672	1.6422262601136026
1211.8145708813104	1.6416431967061271
1206.802645805317	1.6410598978961843
