739.8284160287906	3.374902991572867
736.4842921338384	3.3525808046424572
733.1568753256701	3.330372734373668
729.8460906127334	3.3082765728075856
726.5518630034724	3.286290096925427
723.2741175063344	3.2644110685602072
720.0127791297637	3.24263723431352
716.7677728822077	3.2209663254660654
713.5390237721116	3.1993960578959104
710.3264568079202	3.177924131989471
707.1299969980811	3.156548232556588
703.9495693510382	3.135266028744695
700.7850988752396	3.114075173954575
697.6365105791295	3.0929733057512294
694.5037294711535	3.0719580457821394
691.3866805597589	3.0510269996876787
688.2852888533907	3.030177757018464
685.1994781313629	3.0094055096330976
682.1291025727631	2.988570571328296
679.0741603745577	2.967812283446392
676.034577286987	2.9471296081082983
673.0102790602897	2.9265214912016972
670.0011914447043	2.905986862297027
667.0072401904721	2.8855246345617616
664.0283510478312	2.865133704675145
661.0644497670203	2.8448129527471337
658.1154620982802	2.8245612422302884
655.181313791849	2.8043774198395113
652.2619305979671	2.7842603154648486
649.3572382668727	2.764208742089295
646.4671625488065	2.7442214957053466
643.5916291940072	2.724297355230533
640.730563952713	2.7044350824238563
637.8838925751652	2.68463342180371
635.0515408116015	2.66489110056375
632.2334344122626	2.6452068284883126
629.4294991273871	2.625579297873742
626.6396607072138	2.6060071834401697
623.8638449019833	2.586489142254777
621.1019774619342	2.5670238136436865
618.3539841373054	2.5476098191132905
615.619774165331	2.528213729198228
612.8992613348998	2.5088109200933104
610.1924008586436	2.4894571099524683
607.4991190091201	2.4701518618367118
604.8193420588851	2.45089472078007
602.1529962804946	2.4316852137106935
599.5000079465058	2.4125228493678605
596.8603033294743	2.393407118223422
594.2338087019574	2.3743374923991496
591.6204503365105	2.355313425588406
589.0201545056914	2.3363343529753138
586.432847482055	2.3173996911550603
583.8584555381589	2.2985088380529533
581.2969049465592	2.2796611728471134
578.7481219798112	2.2608560558868476
576.2120329104731	2.242092828615455
573.6885640110997	2.2233708134898507
571.177641554249	2.2046893139008716
568.6791918124766	2.186047614096992
566.193141058338	2.1674449791048573
563.7194155643913	2.148880654648906
561.257941603192	2.1303538670765647
558.808637285661	2.1118479732047035
556.3714177366805	2.0933405078441183
553.9462292174776	2.0748694553973337
551.5329983699697	2.0564346815303907
549.1316518360761	2.0380360322886872
546.7421162577143	2.0196733340200126
544.3643182768018	2.0013463932973536
541.9981845352579	1.9830549968418154
539.6436416749995	1.9647989114462234
537.3006163379458	1.9465778838987262
534.9690351660139	1.9283916409073072
532.6488248011229	1.910239889022023
530.33991188519	1.8921223145594013
528.0326486438493	1.8745813523904644
525.7327502106021	1.8572862095574578
523.4439595904737	1.8400197883902933
521.1662250881602	1.8227804779257895
518.8994950083561	1.8055666552788807
516.6437176557556	1.7883766855809995
514.3988413350548	1.7712089219228346
512.1648143509476	1.7540617052922016
509.94157258756525	1.7369092175132437
507.7290750514732	1.7197705781799186
505.5272723158142	1.702648501675469
503.3361129126998	1.6855417223448512
501.1555453742433	1.6684489622261367
498.9855182325556	1.6513689309929305
496.82598001975015	1.6343003258938325
494.67687926793826	1.6172418316940593
492.5381645092318	1.6001921206191696
490.40978427574385	1.583149852291342
488.29168709958543	1.566113673676682
486.18382151286977	1.549082219022523
484.086136047708	1.5320541098004128
481.99857923621323	1.5150279546487013
479.92109961049664	1.4980023493142767
477.8536457026713	1.480975876592197
