643.7463880122033	2.110624926686228
640.8018028969744	2.0915425488080928
637.8721124031986	2.072531720843358
634.9572471138027	2.053590465638649
632.0571376117109	2.034716790913194
629.1717144798502	2.0159086891719653
626.3009083011444	1.997164137622235
623.4446496585208	1.9784810980891052
620.602869134904	1.959857516929901
617.7754973132187	1.9412913249520898
614.9624647763922	1.9227804373274466
612.1637021073482	1.9043227535063352
609.3791398890137	1.8859161571365348
606.6087087043138	1.8675585159779757
603.8523092787547	1.8491897496758156
601.1098948854569	1.8308517128721178
598.3814044445674	1.8125584013191656
595.6667690441512	1.7943085990003738
592.9659197722758	1.776101073795303
590.2787877170052	1.7579345773972364
587.6053039664067	1.7398078452288246
584.9453996085454	1.7217195963602308
582.2990057314864	1.7036685334273898
579.6660534232968	1.6856533425462885
577.0464737720416	1.6676726932316797
574.4401978657862	1.6497252383162504
571.8471567925974	1.631809613865812
569.2672816405399	1.6139244390985823
566.7005034976804	1.596068316301853
564.1467534520838	1.578239830751727
561.605962591817	1.560437550630013
559.0780620049451	1.5426600269418032
556.5629827795331	1.5249057934369148
554.0606560036483	1.5071733665246256
551.5710052202213	1.489446590158309
549.0939565305853	1.4717142571943214
546.6294541616519	1.4540003501795127
544.1774295195047	1.4363039333308052
541.7378140102295	1.4186240532523016
539.3105390399098	1.4009597388551356
536.8955360146293	1.3833100012762998
534.4927363404736	1.3656738338020205
532.1020714235261	1.3480502117843116
529.7234726698707	1.3304380925645773
527.3568714855928	1.3128364153921552
525.0021992767762	1.2952441013469524
522.6593874495046	1.2776600532579323
520.3283674098633	1.2600831556272851
518.0090705639354	1.2425122745493695
515.7014283178066	1.224946257633519
513.4053720775598	1.2073839339259962
511.12083324928057	1.1898241138299568
508.84774323905197	1.1722655890295073
506.5860305190419	1.1547014280897088
504.33562723439724	1.137131821123262
502.0964671915248	1.1195601698747168
499.8684818939486	1.1019853799116959
497.6516028451902	1.084406337735345
495.4457615487733	1.066821910701492
493.25088950822004	1.04923094694675
491.0669182270525	1.0316322753097893
488.8937792087947	1.0140247052561335
486.73140395696845	0.9964070267992611
484.57972397509604	0.9787780104280159
482.43867076670125	0.9611364070277091
480.3081758353062	0.9434809478044031
478.188170684433	0.9258103442091965
476.07858681760536	0.9081232878629066
473.97845180741774	0.8904674177998118
471.87787281487283	0.8733722695386632
469.7875293238296	0.8562602602771108
467.707374404149	0.8391323949097682
465.63735360253355	0.8219750252550284
463.57741800773374	0.8047852755722147
461.5275187085022	0.7875602580375585
459.4876067935893	0.770297072686219
457.45763335174763	0.752992807351518
455.43754947172823	0.7356445376063334
453.42730624228204	0.718249326702562
451.42685475216166	0.7008042255125133
449.43614609011803	0.6833062724689967
447.4551313449022	0.6657524935073411
445.4837616052667	0.6481399020038339
443.521987959962	0.6304654987194453
441.5697614977406	0.6127262717382678
439.6270333073536	0.5949191964109559
437.69377683001125	0.5770847719911103
435.7699227668194	0.5591802434092301
433.8554184997625	0.5411953274970642
431.950214402978	0.5231255554181757
430.05426085060515	0.5049664450032765
428.1675082167817	0.48671350068951824
426.28990687564556	0.4683622134620009
424.42140720133597	0.4499080607938595
422.5619595679904	0.43134650659050067
420.711514349748	0.41267300112838257
418.8700219207461	0.39388298099822805
417.0374326551241	0.3749718690459076
415.2136969270193	0.35593507431497073
413.39876696300024	0.33677160261589734
