650.5412385661075	5.902864285657756
647.6108427065418	5.87155308747549
644.6949465651887	5.840276982210639
641.7935080588315	5.809076655680428
638.9064948751155	5.778011735343398
636.0338430851237	5.747080538257819
633.1754887599369	5.71628136817958
630.3313679706382	5.685612515483513
627.5014167883089	5.655072257090637
624.6855712840304	5.62465885639017
621.8837675288859	5.594370563163238
619.0959415939557	5.564205613508989
616.3220295503234	5.5341622297665936
613.56196746907	5.504238620441356
610.815691421277	5.474432980127517
608.0831374780275	5.444743489431744
605.3642417104029	5.41516831490037
602.6589401894842	5.38570560894118
599.9671689863549	5.356353509748033
597.2888641720954	5.327110141226854
594.6239618177891	5.297973612917531
591.9723979945172	5.2689420199214965
589.3341087733609	5.2400134428249885
586.7090302254035	5.211185947622539
584.0970984217263	5.18245758564467
581.4982494334106	5.153826393480017
578.9124193315395	5.125290392902002
576.339512725471	5.096786513267261
573.7794745144681	5.06832987636858
571.2322645931873	5.03996470643267
568.6978195930875	5.011690053607822
566.1760761456262	4.983504953077841
563.6669708822604	4.955408424987581
561.1704404344495	4.927399474370077
558.6864214336499	4.89947709107264
556.214850511321	4.871640249682969
553.7556642989198	4.8438879094563845
551.3087994279035	4.816219014241938
548.8741925297315	4.788632492409761
546.4517802358611	4.761127256778309
544.0414991777493	4.7337022045409185
541.6432859868553	4.706356217192706
539.2570772946364	4.679088160461106
536.8828097325498	4.651896884229018
534.5204199320548	4.624781222466481
532.1698445246085	4.597739993155983
529.8310201416683	4.5707719982215735
527.5038834146931	4.543876023458438
525.1883709751397	4.51705083845934
522.8844194544672	4.490295196543968
520.5919599280448	4.463597035671512
518.3109070469178	4.436912350543537
516.0412256635218	4.41029469392015
513.7828528032552	4.383743519315658
511.5357254915144	4.35725826377751
509.29978075369615	4.330838347816325
507.0749556151986	4.304483175335463
504.8611871014176	4.278192133562527
502.6584122377516	4.251964592978368
500.4665680495971	4.225799907249154
498.2855915623507	4.199697413156343
496.11541980141055	4.173656430527785
493.95598979217334	4.147676262169057
491.80723856003556	4.121756193795193
489.6691031303955	4.09589549396145
487.5415205286497	4.070093413995551
485.42442778019466	4.0443491879288445
483.31776191042877	4.018662032430484
481.2214599447485	3.993031146736314
479.13545890855045	3.9674557125842966
477.05969582723276	3.9419348941443104
474.99410772619166	3.9164678379536326
472.9386239387761	3.8910387050390796
470.8931807216508	3.8656451081576506
468.85772402953194	3.84030351515122
466.832191115368	3.8150134443512798
464.8165192321097	3.789774396214284
462.81064563270616	3.764585853256847
460.8145075701064	3.7394472799870755
458.82804229726105	3.714358122840167
456.84528934915767	3.689632129542076
454.86599238804206	3.665277173271704
452.89620174175207	3.640966219674283
450.9358733991733	3.6166976535421327
448.98496334919344	3.5924698490603646
447.0434275806986	3.5682811697531065
445.1112220825755	3.5441299684328555
443.1883028437101	3.5200145871467043
441.2746258529902	3.4959333571248976
439.3701470993012	3.4718845987294458
437.47482257153104	3.4478666214019995
435.58860825856556	3.4238777236109854
433.71145863172745	3.3999132366506615
431.8433299524172	3.375971967284727
429.98417955490936	3.352054801405586
428.13396347492386	3.3281600843492924
426.2926377481787	3.304286150239932
424.4601584103936	3.2804313219417622
422.6364814972866	3.2565939110044155
420.82156304457743	3.232772217614979
