2174.2128292177886	23.40336758138278
2165.2257473197574	23.2634830064203
2156.281558050375	23.124404022562658
2147.3800671620743	22.986119791379224
2138.521080407279	22.84861944721183
2129.7044035384233	22.711892097051077
2120.9298423079313	22.575926820404447
2112.197202468236	22.44071266916808
2103.5062897717635	22.306238667502384
2094.8569099709416	22.172493811700406
2086.248240874219	22.03826284102547
2077.6803875119067	21.904108534646184
2069.153491726081	21.770664315609793
2060.667362898729	21.637926029895652
2052.221810411838	21.505889495854944
2043.8166436474005	21.374550504107447
2035.4516719874036	21.243904817396015
2027.1267048138345	21.113948170478807
2018.8415515086865	20.984676269988995
2010.596021453944	20.856084794318804
2002.3899240316007	20.72816939350082
1994.2230686236435	20.60092568906748
1986.0952646120588	20.474349273944654
1978.0063213788405	20.348435712317496
1969.9560483059752	20.223180539510167
1961.94425477545	20.098579261862824
1953.9707501692578	19.97462735660929
1946.0353438693842	19.851320271753366
1938.1378452578215	19.72865342594605
1930.278063716555	19.606622208366616
1922.4558086275779	19.4852219785987
1914.6708893728774	19.36444806650752
1906.9231153344401	19.24429577212095
1899.2122958942593	19.124760365505836
1891.53824043432	19.005837086653173
1883.900758336615	18.887521145349865
1876.2996589831318	18.769807721065717
1868.734751755857	18.652691962827703
1861.2058460367841	18.536168989105818
1853.7127512078994	18.420233887688255
1846.2552766511908	18.304881715570673
1838.8332317486509	18.1901074988275
1831.4464258822668	18.07590623250053
1824.0946684340254	17.96227288048067
1816.7777687859202	17.849202375384493
1809.4955363199376	17.736689618445553
1802.247780418065	17.624729479389316
1795.0343104622955	17.513316796320623
1787.854935834614	17.402446375605678
1780.7092149763698	17.291631153210574
1773.596805655243	17.180574696300255
1766.5179246698654	17.070053983556363
1759.4723840453842	16.960068769776626
1752.4599958069557	16.850618778099715
1745.4805719797293	16.741703699893606
1738.5339245888556	16.633323194640298
1731.6198656594897	16.52547688982395
1724.7382072167802	16.418164380820826
1717.8887612858823	16.311385230777205
1711.0713398919463	16.205138970508187
1704.2857550601218	16.09942509837356
1697.531818815565	15.994243080177739
1690.8093431834254	15.889592349047234
1684.1181401888532	15.78547230532422
1677.458021857004	15.681882316454676
1670.8288002130278	15.578821716875154
1664.2302872820744	15.47628980790546
1657.6622950892995	15.374285857630866
1651.1246356598535	15.272809100798213
1644.6171210188859	15.171858738702213
1638.1395631915525	15.07143393907404
1631.6917742030016	14.97153383597174
1625.2243457363418	14.876017853478515
1618.7830837548677	14.781271335394422
1612.3711055428337	14.687033883150207
1605.9882844030672	14.593299708724771
1599.6344936384016	14.500063005442144
1593.3096065516652	14.407317947895535
1587.013496445687	14.315058691860031
1580.7460366233008	14.223279374204594
1574.5071003873347	14.131974112809075
1568.2965610406175	14.041137006479175
1562.114291885983	13.950762134862316
1555.960166226258	13.860843558361466
1549.8340573642763	13.771375318053288
1543.7358386028664	13.682351435598775
1537.6653832448583	13.593765913162997
1531.6223485010746	13.505197289913667
1525.6065924083214	13.416610136688178
1519.6182235412875	13.328450699501218
1513.6571171603928	13.240716666284243
1507.7231485260534	13.153405705560544
1501.816192898684	13.066515466355895
1495.9361255387053	12.980043578123968
1490.082821706531	12.893987650655617
1484.2561566625816	12.808345274004978
1478.4560056672703	12.723114018398746
1472.6822439810182	12.638291434161374
1466.9347468642388	12.553875051628665
1461.2133895773522	12.469862381065923
