8195.865249386403	85.69243078275122
8166.190865643922	84.29306418999386
8136.642442076168	82.90363922783763
8107.219519694814	81.52411630001825
8077.921639511509	80.15445607194397
8048.748342537925	78.79461947178424
8019.699169785708	77.44456769155386
7990.773662266533	76.10426218813427
7961.971360992051	74.77366468434866
7933.291806973918	73.45273716998872
7904.734541223805	72.14144190285879
7876.299104753359	70.83974140979808
7847.985038574254	69.54759848767935
7819.791883698144	68.26497620441205
7791.719181136681	66.99183789996368
7763.766471901538	65.72814718732661
7735.933297004371	64.47386795349121
7708.2191974568295	63.228964360416285
7680.6237142705895	61.993400846008626
7653.146388457297	60.76714212502975
7625.786761028625	59.55015319006998
7598.544372996227	58.34239931247066
7571.418765371756	57.143846043221856
7544.409479166887	55.95445921391092
7517.51605539327	54.77420493759655
7490.738035062562	53.60304960969097
7464.074959186431	52.440959908887635
7437.526368776531	51.287902797967035
7411.09180484453	50.14384552471165
7384.770808402078	49.008755622738136
7358.562920460844	47.88260091232951
7332.467682032485	46.765349501290075
7306.484634128653	45.65696978573669
7280.61331776102	44.557430450943684
7254.853273941236	43.46670047212319
7229.204043680971	42.3847491152228
7203.6651679918805	41.31154593770407
7178.236187885616	40.24706078931922
7152.916644373853	39.191263812866964
7127.706078468243	38.14412544494735
7102.604031180441	37.10561641671029
7077.610043522117	36.075707754563155
7052.723656504928	35.05437078091563
7027.938437243933	34.05243693960347
7003.251244945034	33.074757660177966
6978.670295493536	32.10553708083262
6954.195147478579	31.144715732410077
6929.825359489319	30.19223443046576
6905.560490114887	29.248034275921782
6881.40009794444	28.31205665573907
6857.34374156711	27.384243243597666
6833.390979572053	26.464536000544285
6809.541370548402	25.552877175622598
6785.794473085312	24.64920930653352
6762.1498457719235	23.75347522023003
6738.607047197373	22.865618033549254
6715.165635950817	21.98558115382093
6691.825170621388	21.113308279448574
6668.5852097982415	20.248743400497005
6645.445312070516	19.39183079927443
6622.40503602735	18.54251505088814
6599.463940257901	17.700741023792943
6576.621583351305	16.866453880356858
6553.877523896702	16.039599077376806
6531.231320483247	15.220122366612486
6508.6825317000785	14.407969795288409
6486.230716136335	13.603087706615042
6463.875432381173	12.805422740279027
6441.6162390237305	12.014921832910659
6419.452694653145	11.231532218582288
6397.384357858574	10.45520142926398
6375.41078722915	9.68587729527826
6353.5315413540275	8.923507945733945
6331.74617882234	8.168041808989074
6310.054258223243	7.419427613044718
6288.455338145869	6.6776143859860895
6266.948977179376	5.9425514563754405
6245.5347339128975	5.214188453650422
6224.212166935577	4.492475308508801
6202.98083483657	3.7773622532986337
6181.84029620501	3.0687998223656905
6160.790109630041	2.3667388524263515
6139.829833700816	1.6711304829141227
6118.959027006469	0.9819261563061445
6098.177248136154	0.2990776184742572
6077.484055679011	0.377463081013957
6056.879008224184	1.047743588582307
6036.361664360811	1.7118112463203943
6015.931582678048	2.3697130917298637
5995.588321765028	3.02149585740608
5975.331440210906	3.6672059707925655
5955.160496604822	4.306889553890869
5935.0750495359125	4.940592423018643
5915.074657593334	5.568360088566806
5895.158879366221	6.190237754741247
5875.327273443726	6.806270319350006
5855.579398414986	7.4165023735877185
5835.914812869151	8.020978201800062
5816.33307539536	8.619741781297307
5796.833744582764	9.212836782157865
