959.8896445826591	8.950765507750589
955.3811247115559	8.911930529061578
950.8962926932847	8.873323417063716
946.4350285961774	8.834944207112244
941.9972124885612	8.796792959140134
937.5827244387679	8.758869757792354
933.1914445151245	8.721174712559673
928.8232527859634	8.683707957914521
924.4780293196125	8.646469653444342
920.1556541844003	8.609459983984607
915.8560074486587	8.572679159756945
911.5789691807148	8.536127416497493
907.3244194489005	8.499805015595143
903.0922383215443	8.463712244224553
898.8823058669744	8.427849415477226
894.6945021535228	8.392216868497371
890.5287072495175	8.356814968615481
886.3848012232876	8.321644107478392
882.2626641431641	8.286704703185478
878.1621521145715	8.25204350876993
874.0831300925622	8.217690210011824
870.0255186991727	8.18356693836256
865.9891988088335	8.149672660647411
861.974051295978	8.116006370508444
857.9799570350365	8.082567088537417
854.0067969004391	8.049353862403677
850.0544517666193	8.016365766988315
846.1228025080065	7.983601904511374
842.2117299990339	7.951061404666916
838.3211151141309	7.918743424746708
834.4508387277308	7.886647149777218
830.6007817142638	7.854771792642964
826.7708249481606	7.823116594222142
822.9608493038542	7.791680823511797
819.1707356557739	7.760463777757423
815.4003648783532	7.729464782583818
811.6496178460225	7.698683192122644
807.918375433212	7.668118389140773
804.206518514355	7.637769785170121
800.5139279638819	7.607636820633616
796.8404736105136	7.577740332193116
793.186018600128	7.548114117926389
789.5504735982103	7.518700079305631
785.9337200604966	7.4894966486660906
782.3356394427265	7.460502287654776
778.7561132006358	7.431715487360748
775.1950227899612	7.403134768438008
771.6522496664415	7.374758681233516
768.1276752858123	7.346585805913605
764.6211811038128	7.318614752590406
761.1326485761781	7.290844161445534
757.6619591586474	7.263272702860149
754.2089943069562	7.235899077535919
750.7687740679262	7.208409191344572
747.3338245273342	7.180330566440489
743.9162770751014	7.152451411577431
740.5160467461367	7.124772696356786
737.1330485753454	7.09729540861963
733.7671975976359	7.070020554544385
730.4184088479146	7.042949158746069
727.0865828802215	7.0161103038881265
723.7716397880644	6.9894952603593765
720.4735048797679	6.963085216829882
717.192093598468	6.936880481814001
713.9273213873029	6.910881382592834
710.6791036894089	6.885088265309491
707.4473559479214	6.859501495068457
704.2319936059794	6.8341214560289245
701.0329321067184	6.8089485515046135
697.8500868932745	6.783983204057108
694.6833734087863	6.759225855596014
691.5327070963885	6.734676967472751
688.3980033992201	6.710337020576617
685.2791777604158	6.686206515431536
682.1761456231142	6.66228597229258
679.0888224304501	6.638575931241576
676.0171236255624	6.6150769522815835
672.9609646515866	6.5917896154339815
669.9202578131035	6.568720603481665
666.8949167825416	6.545873969557533
663.8848622164701	6.523240250879439
660.8900097194627	6.500819795487018
657.9102748960959	6.478612971849998
654.9455733509426	6.456620168965401
651.995820688579	6.434841796449973
649.0609325135789	6.413278284635226
646.1408244305171	6.391930084661453
643.2354120439672	6.370797668573232
640.3446109585059	6.349881529411164
637.4683367787056	6.329182181307715
634.606505109143	6.308700159579644
631.7590315543916	6.288436020823724
628.9258317190256	6.268390343006786
626.106821207621	6.248563725562008
623.3019156247509	6.228956789480662
620.5110342752508	6.20956300002922
617.7340907262856	6.190386972659212
614.9709986343272	6.1714331722162115
612.2216734730874	6.152702560809871
609.4860307162813	6.1341961226219155
