7628.2993796985165	117.91863577180084
7601.891849454461	118.57428139238436
7575.5967023710555	119.22274344819289
7549.413517831552	119.86407038639118
7523.341875219174	120.49831040198023
7497.381353917175	121.125511436946
7471.531533308782	121.74572117953448
7445.791992777245	122.35898706339503
7420.162311705796	122.96535626687182
7394.642069477668	123.56487571219168
7369.230845476113	124.15759206471921
7343.928219084358	124.74355173222284
7318.733769685652	125.32280086411993
7293.647076663229	125.89538535075644
7268.667719400322	126.46135082266937
7243.795277280182	127.02074264989369
7219.02932968604	127.57360594124111
7194.36945600113	128.11998554363254
7169.815235608703	128.659926041375
7145.366247891986	129.19347175552684
7121.022072234229	129.72066674319376
7096.782288018665	130.24155479690126
7072.646474628526	130.7561794439289
7048.614211447066	131.26458394567908
7024.685077857514	131.7668112970432
7000.858653243105	132.26290422579223
6977.134516987089	132.75290519194095
6953.5122484726935	133.2368563871796
6929.991427083167	133.71479973425994
6906.571632201741	134.18677688641674
6883.252443211661	134.6528292267967
6860.033439496163	135.11299786790642
6836.914200438479	135.56732365102107
6813.89430542186	136.01584714569435
6790.973333829533	136.45860864917813
6768.150865044747	136.89564818590588
6745.426478450737	137.32700550699974
6722.799753430735	137.7527200897448
6700.270269367991	138.17283113708618
6677.837605645739	138.5873775771488
6655.501341647212	138.99639806276718
6633.26105675566	139.39993097100887
6611.116330354315	139.79801440270694
6589.066741826412	140.1906861820362
6567.111870555201	140.57798385603473
6545.251295923914	140.95994469421385
6523.4845973157835	141.33660568809955
6501.811354114061	141.70800355085976
6480.231145701973	142.07417471685494
6458.743551462771	142.43515534129347
6437.348150779683	142.79098129980412
6416.044523035956	143.14168818810867
6394.8322476148205	143.48731132161265
6373.710903899526	143.82788573507423
6352.680071273304	144.16344618224593
6331.7393291193885	144.49402713556628
6310.88825682103	144.8196627857851
6290.126433761457	145.1403870416898
6269.453439323916	145.45623352976872
6248.868852891645	145.76723559391849
6228.372253847873	146.07342629516097
6207.963221575853	146.37483841135509
6187.641335458817	146.67150443691935
6167.406174879998	146.96345658258542
6147.2573192226455	147.25072677512253
6127.194347869994	147.53334665710008
6107.216840205277	147.8113475866685
6087.324375611742	148.0847606372963
6067.516533472623	148.35361659758473
6047.792893171158	148.61794597103744
6028.15303409059	148.87777897586602
6008.59653561415	149.13314554480348
5989.122977125088	149.38407532490146
5969.731938006631	149.6305976773765
5950.422997642029	149.87274167742999
5931.19573541451	150.11053611408897
5912.049730707325	150.34400949006522
5892.984562903704	150.57319002159875
5873.999811386883	150.79810563834417
5855.0950555401105	151.01878398322242
5836.269874746622	151.23525241231346
5817.523848389648	151.44753799475893
5798.85655585244	151.65566751263486
5780.267576518226	151.8596674608798
5761.756489770254	152.05956404719564
5743.322874991759	152.25538319197767
5724.948725281014	152.41496543879293
5706.64488446251	152.55894351877305
5688.417262124996	152.6989263588639
5670.265453738112	152.8349681971622
5652.189054771516	152.9671229964497
5634.187660694852	153.09544444408675
5616.260866977763	153.21998595198147
5598.408269089907	153.3408006565296
5580.629462500925	153.45794141856823
5562.924042680474	153.57146082331292
5545.291605098192	153.681411180366
5527.731745223739	153.78784452364744
5510.244058526754	153.89081261140655
5492.828140476894	153.99036692618665
