9095.969056415099	38.17445465829496
9064.472526990066	39.39193133965273
9033.103820628097	40.60086307194342
9001.862495698675	41.80124574514139
8970.748110571252	42.99307502256761
8939.760223615312	44.17634633983744
8908.898393200308	45.3510549038474
8878.162177695727	46.51719569179113
8847.551135471027	47.674763450121645
8817.06482489567	48.82375269359545
8786.702804339136	49.96415770427029
8756.464632170884	51.09597253052743
8726.315451081333	52.15706718255751
8696.284460986695	53.200926426169644
8666.376012654018	54.236193420161726
8636.589693796916	55.26291427274555
8606.925092128973	56.28113487756218
8577.381795363779	57.290900912717916
8547.959391214945	58.29225783983475
8518.65746739605	59.28525090311723
8489.475611620703	60.2699251284248
8460.413411602494	61.246325322335
8431.470455055009	62.21449607123213
8402.646329691857	63.174481740395095
8373.94062322663	64.12632647308601
8345.352923372911	65.07007418964986
8316.882817844315	66.00576858664499
8288.529894354417	66.93345313592636
8260.29374061683	67.85317108377785
8232.173944345135	68.76496545008013
8204.17009325294	69.66887902737108
8176.281775053833	70.5649543800655
8148.5085774614045	71.45323384357562
8120.850088189261	72.33375952344613
8093.305894950986	73.20657329457754
8065.875585460187	74.07171680033935
8038.558747430452	74.9292314517852
8011.354968575371	75.77915842684251
7984.263836608551	76.62153866950212
7957.284939243581	77.4564128890097
7930.417864194051	78.28382155910822
7903.6621991735665	79.10380491721844
7877.01753189572	79.91640296370042
7850.483450074096	80.72165546107317
7824.059541422306	81.51960193325249
7797.745393653938	82.31028166481883
7771.540594482579	83.0937337002506
7745.444731621838	83.869996843222
7719.457392785299	84.63910965585546
7693.578165686567	85.40111045800131
7667.8066380392265	86.15603732654745
7642.142397556885	86.90392809470359
7616.5850319531255	87.64482035132278
7591.134128941556	88.3787514401838
7565.789276235762	89.10575845936091
7540.550061549337	89.82587826051895
7515.416072595886	90.53914744827125
7490.386897088993	91.24560237952028
7465.462122742266	91.94527916281095
7440.641337269292	92.63821365770946
7415.924128383661	93.324441474163
7391.310083798981	94.00399797187765
7366.79879122884	94.67691825972815
7342.389838386828	95.34323719514305
7318.082812986553	96.00298938350261
7293.877302741602	96.65620917756405
7269.772895365567	97.3029306768949
7245.769178572053	97.9431877272873
7221.865740074649	98.57701392020317
7198.062167586946	99.20444259223405
7174.358048822549	99.82550682453802
7150.752971495044	100.44023944233595
7127.246523318035	101.04867301434206
7103.838292005108	101.6508398522974
7080.527865269869	102.24677201042778
7057.314830825901	102.83650128495174
7034.198776386811	103.4200592135885
7011.179289666188	103.99747707508504
6988.255958377623	104.56878588872223
6965.428370234721	105.13401641387918
6942.696112951073	105.69319914954394
6920.058774240266	106.24636433389242
6897.515941815909	106.79354194381904
6875.067203391586	107.33476169452479
6852.712146680901	107.87005303910519
6830.450359397446	108.39944516811465
6808.2814292548155	108.92296700915904
6786.204943966599	109.44064722651638
6764.220491246401	109.95251422073125
6742.327658807809	110.45859612825825
6720.526034364428	110.95892082104729
6698.815205629846	111.45351590622886
6677.194760317653	111.94240872572118
6655.664286141458	112.4256263558982
6634.223370814843	112.90319560727221
6612.871602051414	113.3751430241091
6591.608567564756	113.84149488416915
6570.433855068475	114.30227719833601
6549.3470522761545	114.75751571035926
6528.347746901402	115.20723589653971
