3168.0826505950777	76.82827573026634
3156.222462021117	76.87590455220425
3144.4126155923923	76.92192364434095
3132.6529342941712	76.96633690975341
3120.943241111708	77.00914812126757
3109.283359030269	77.05036092126693
3097.6731110351093	77.08997882154836
3086.1123201114947	77.12800520311748
3074.6008092446837	77.16444331603907
3063.1384014199334	77.19929627927286
3051.7249196225102	77.23256708050758
3040.3601868376695	77.26425857600452
3029.044026050678	77.2943734904452
3017.7762602467924	77.32291441677944
3006.5567124112704	77.349883816074
2995.3852055293796	77.37528401738291
2984.261562586377	77.3991172175879
2973.1856065675197	77.4213854812806
2962.1571604580754	77.44209074061109
2951.1760472432984	77.4612347951711
2940.242089908455	77.47881931186475
2929.3551114388024	77.4948458247768
2918.5149348195996	77.50931573507387
2907.721383036112	77.52223031085941
2896.9742790735972	77.53359068709187
2886.2734459173134	77.54339786545142
2875.617587091411	77.54955866619457
2865.0033714314104	77.5461723500448
2854.434902564616	77.54124593558254
2843.91201080907	77.53479361997279
2833.4345264828225	77.5268294727689
2823.002279903917	77.51736743580568
2812.6151013903977	77.5064213230853
2802.2728212603147	77.49400482069677
2791.9752698317097	77.48013148670589
2781.722277422634	77.46481475106384
2771.5136743511307	77.44806791552446
2761.3492909352435	77.42990415355371
2751.228957493023	77.41033651024236
2741.152504342513	77.389377902241
2731.1197618017572	77.36704111766267
2721.130560188807	77.34333881603288
2711.1847298217053	77.31828352820685
2701.2821010184957	77.29188765630897
2691.42250409723	77.2641634736633
2681.6057693759503	77.23512312474486
2671.8317271727014	77.20477862512007
2662.100207805534	77.17314186139083
2652.411041592489	77.14022459115358
2642.764058851618	77.10603844294428
2633.159089900961	77.07059491620657
2623.59596505857	77.03390538124495
2614.074514642485	76.99598107919155
2604.5945689707582	76.95683312198253
2595.1559583614326	76.91647249231937
2585.7585131325523	76.87491004364665
2576.4020636021673	76.83215650013108
2567.0864400883193	76.78822245664514
2557.8114729090594	76.74311837875166
2548.5769923824305	76.69685460268602
2539.3828288264767	76.64944133536028
2530.228812559249	76.60088865434909
2521.114773898791	76.5512065078824
2512.040543163146	76.50040471486545
2503.0059506703656	76.44849296487155
2494.010826738492	76.3954808181461
2485.0550016855705	76.34137770563348
2476.1383058296515	76.2861929289711
2467.2605694887775	76.22993566053401
2458.4216229809936	76.17261494343165
2449.6212966243497	76.1142396915493
2440.859420736888	76.05481868956622
2432.135825636658	75.99436059299205
2423.450341641702	75.93287392819639
2414.8027990700707	75.87036709246104
2406.193028239805	75.80684835399506
2397.620859468956	75.74232585200525
2389.086123075567	75.67680759672385
2380.5886493776816	75.61030146947223
2372.1282686933514	75.54281522270549
2363.7048113406195	75.47435648007468
2355.31810763753	75.40493273648235
2346.9679879021323	75.33455135814711
2338.6542824524695	75.26321958267135
2330.376821606592	75.19094451910678
2322.1354356825423	75.11773314802622
2313.929954998367	75.0435923216055
2305.760209872111	74.96852876368621
2297.6260306218232	74.89254906987799
2289.527247565547	74.81565970762085
2281.4636910213308	74.73786701628387
2273.4351913072196	74.65917720725201
2265.4415787412577	74.57959636402143
2257.481267850737	74.49646299794767
2249.5533738631275	74.40843470661093
2241.6598639586286	74.3195427773112
2233.80057319579	74.22980172355551
2225.975336633168	74.1392259350796
2218.183989329312	74.04782967792607
2210.42636634278	73.95562709456294
