1513.8120142108812	20.57084142207532
1507.4268569602973	20.478599866177092
1501.0725928571705	20.386848789087026
1494.749081905002	20.295580230488895
1488.456184107286	20.204786207866846
1482.1932936874064	20.113562989087768
1475.9604855613954	20.022315756216358
1469.7578758397674	19.931528954110718
1463.5853271930825	19.841199640855393
1457.4427022919012	19.75132485253266
1451.329863806788	19.661901603118167
1445.2466744083015	19.572926884373828
1439.1929967670067	19.48439766573574
1433.1686935534633	19.396310894207545
1427.1736274382322	19.30866349425969
1421.2076610918773	19.221452367710754
1415.2706571849594	19.134674393629666
1409.3624783880387	19.048326428224527
1403.4829873716792	18.962405304735285
1397.6320468064403	18.87690783333005
1391.809519362886	18.79183080099574
1386.0152677115773	18.707170971433243
1380.2491545230741	18.62292508495034
1374.5110424679408	18.539089858355283
1368.800794216738	18.45566198485585
1363.1182724400255	18.372638133944065
1357.4633398083683	18.290014951302282
1351.835858992325	18.20778905868906
1346.23569266246	18.125957053838647
1340.6627034893324	18.044515510355495
1335.1167541435068	17.963460977609657
1329.5977072955432	17.882789980633106
1324.105425616002	17.80249902001424
1318.6397717754478	17.722584571795096
1313.2006084444395	17.64304308736814
1307.7877982935413	17.56387099337212
1302.4012039933139	17.485064691591333
1297.040688214317	17.40662055884809
1291.7061136271157	17.328534946904938
1286.39734290227	17.250804182361435
1281.1142387103405	17.17342456654842
1275.856663721891	17.096392375431606
1270.6244806074824	17.019703859505853
1265.417552037675	16.943355243697397
1260.2357406830329	16.867342727258347
1255.0784661264668	16.79080914444603
1249.9459807578105	16.714501133119484
1244.8382050359824	16.638526105828987
1239.7550035826766	16.562883917117233
1234.6962410195918	16.48757439591168
1229.661781968422	16.41259734543246
1224.6514910508665	16.337952543088477
1219.6652328886182	16.263639740381677
1214.702872103377	16.18965866280928
1209.7642733168375	16.116009009765776
1204.8493011506948	16.042690454445392
1199.9578202266484	15.96970264374545
1195.0896951663915	15.897045198169053
1190.2447905916235	15.824717711727317
1185.4229711240391	15.752719751846143
1180.6241013853337	15.681050859266406
1175.8480459972063	15.609710547951636
1171.0946695813518	15.538698304987747
1166.3638367594656	15.468013590491864
1161.6554121532463	15.397655837514094
1156.9692603843891	15.327624451944075
1152.3052460745894	15.257918812416165
1147.6632338455458	15.188538270211893
1143.0430883189538	15.119482149169471
1138.4446741165084	15.050749745587382
1133.867855859908	14.982340328127975
1129.3124981708474	14.91425313772902
1124.778465671025	14.846487387504567
1120.2656229821346	14.779042262652865
1115.7486868889844	14.713727925821104
1111.2421238900804	14.649487510728022
1106.7563907024319	14.58555656563135
1102.2913957063747	14.521931026122047
1097.8470472822441	14.458606812243943
1093.4232538103793	14.39557982841984
1089.019923671115	14.332845963379668
1084.636965244787	14.270401090088626
1080.274286911734	14.208241065673292
1075.9317074383098	14.146188897460092
1071.60897062606	14.083922963960049
1067.3062414788685	14.021933992564868
1063.0234298117455	13.960220544111849
1058.7604454397003	13.898781163666172
1054.5171981777457	13.837614380447803
1050.2935978408896	13.776718707760665
1046.0895542441444	13.716092642922831
1041.9049772025198	13.65573466719411
1037.7397765310247	13.595643245705446
1033.5938620446718	13.535816827389795
1029.4671435584696	13.476253844909706
1025.3595308874299	13.416952714585705
1021.2709338465614	13.357911836329777
1017.2012622508767	13.299129593572502
1013.1504259153837	13.240604353193817
1009.118334655095	13.18233446545105
