5053.989951054905	199.1134576151544
5033.631857956415	198.11372458375172
5013.367703492077	197.1228043071933
4993.197056373069	196.1406560278465
4973.1194853105435	195.16723932092282
4953.134559015674	194.20251409510456
4933.241846199617	193.24644059312504
4913.440915573546	192.298979392398
4893.731335848621	191.360091405576
4874.112675736001	190.42973788113613
4854.58450394686	189.50788040393672
4835.146389192355	188.59448089575835
4815.797900183658	187.68950161585235
4796.53860563193	186.79290516147557
4777.368074248331	185.90465446836788
4758.285874744035	185.02471281129692
4739.291575830201	184.15304380453745
4720.384746217988	183.28961140232514
4701.564888451756	182.43450177113573
4682.831573174334	181.58767603537035
4664.184436122072	180.74897573309408
4645.623047190899	179.9183639979383
4627.146976276745	179.0958043046312
4608.755793275551	178.28126046939724
4590.449068083249	177.47469665037352
4572.226370595765	176.67607734799503
4554.087270709043	175.88536740539166
4536.031338319008	175.10253200872467
4518.058143321602	174.32753668758642
4500.167255612751	173.5603473153178
4482.358245088397	172.80093010936207
4464.630681644468	172.04925163158669
4446.9841351768955	171.3052787885954
4429.41817558162	170.5689788320492
4411.932372754567	169.8403193589338
4394.52629659168	169.11926831186975
4377.199516988886	168.405793979382
4359.951603842117	167.69986499615015
4342.782127047314	167.00145034326988
4325.690656500407	166.31051934851348
4308.676762097324	165.62704168652135
4291.740013734008	164.95098737907483
4274.87998130639	164.28232679527719
4258.096552248144	163.62044391508607
4241.38901175324	162.96583571115434
4224.756885752666	162.31855483060053
4208.199740146603	161.67858042776925
4191.717140835245	161.04589200897044
4175.30865371877	160.42046943260448
4158.9738446973715	159.80229290932266
4142.712279671227	159.19134300213227
4126.523524540531	158.58760062655028
4110.4071452054595	157.99104705069885
4094.3627075662075	157.40166389540718
4078.389777522956	156.8194331343152
4062.4879209758874	156.2443370939709
4046.656703825195	155.67635845389304
4030.8956919710567	155.1154802466549
4015.2044513136657	154.5616858579474
3999.582547753204	154.01495902663373
3984.029547189853	153.47528384480938
3968.545015523807	152.94264475783075
3953.1285186552464	152.4170265643629
3937.779622484354	151.8984144163951
3922.4978929113236	151.38679381928978
3907.275605659644	150.87896408949473
3892.012994969199	150.36241761026895
3876.816289240846	149.85297092814153
3861.685171428585	149.3506596223824
3846.6193244864144	148.85551951878188
3831.6184313683457	148.36758668988568
3816.682175028375	147.8868974552056
3801.8102384205117	147.41348838141994
3787.0023044987524	146.9473962825732
3772.258056217108	146.48865822027437
3757.577176529573	146.03731150388785
3742.9593483901594	145.59339369069357
3728.404254752866	145.156942586088
3713.911578571693	144.7279962437333
3699.48100280065	144.30659296572776
3685.112210393737	143.8927713027606
3670.8048843049537	143.48657005426594
3656.55870748831	143.08802826856436
3642.373362897803	142.69718524299788
3628.2504960403144	142.3104356961535
3614.1881604596056	141.9308445777824
3600.1855778148015	141.55930862768173
3586.2423849250163	141.19595394132148
3572.3582186093736	140.8409069054178
3558.532715686983	140.49429419796752
3544.765512976969	140.1562427882577
3531.0562472984448	139.8268799368957
3517.4045554705235	139.50633319582266
3503.8100743123287	139.19473040830053
3490.2724406429716	138.89219970893828
3476.7912912815746	138.59886952368333
3463.3662630472486	138.31486856981292
3449.9969927591173	138.04032585593313
3436.6831172362904	137.77537068197216
3423.4242732978914	137.5201326391475
