11265.321582142904	68.64230821225283
11039.182514446356	62.76848905195584
10818.345527849553	56.98471911202523
10602.70302380802	51.298768987989206
10392.14740377725	45.718630321355704
10186.571069212767	40.25251847045092
9985.86642157007	34.908875031362186
9789.92586230467	29.69637020539085
9598.641792872068	24.623905009885675
9411.906614727777	19.700613330013766
9229.612729327315	14.93586380978195
9051.652538126182	10.339261581372739
8877.918442579881	5.920649832824893
8707.890920229933	2.3120818080797108
8541.70566038564	0.8428000359908765
8379.444251225434	3.8190052240433943
8221.012850921941	6.626570086928041
8066.317617647775	9.275323507519715
7915.264709575568	11.774885875476684
7767.760284877935	14.134668176296145
7623.710501727506	16.363871212081904
7483.021518296893	18.471484950706326
7345.59949275873	20.466287998686767
7211.350583285627	22.35684719217852
7080.180948050216	24.151517299182615
6951.996745225117	25.85844082482936
6825.706298992123	27.966081835590103
6701.43208986613	30.376201970299917
6579.899922742528	32.70114124015663
6460.90690054497	34.720430599687006
6344.301958868198	36.2919452392257
6230.260207551653	37.76952040630795
6118.726892964746	39.1575498097518
6009.647261476889	40.460311826817815
5902.966559457481	41.681968955762386
5798.630033275926	42.826567327093926
5696.582929301633	43.898036273187245
5596.770493904016	44.9001879555899
5499.137973452465	45.83671704896915
5403.630614316398	46.711200480224306
5310.193662865213	47.52709722094687
5218.772365468324	48.287748130857835
5129.31196849513	48.99637584948687
5041.757718315042	49.65608473269913
4956.054861297462	50.26986083029669
4871.627053893288	51.08553564611975
4788.231986968245	51.960723553003845
4706.427449521138	52.60843142333306
4626.299399598956	53.211525247451846
4547.8154216213425	53.77165318565994
4470.94310000794	54.2903987160189
4395.650019178398	54.76928033490731
4321.903763552366	55.20975128317605
4249.671917549487	55.613199298022664
4178.922065589406	55.980946390530335
4109.62179209177	56.31424864868495
4041.7386814762285	56.61429606562251
3975.2403181624263	56.88221239258928
3910.094286570009	57.119055016006314
3846.26817111862	57.32581485784431
3783.7295562279105	57.50341629830518
3722.4460263175233	57.652717119622594
3662.385165807108	57.77450846954571
3603.4957379853277	57.84050868240274
3545.634527167177	57.68051875438664
3488.602499209959	57.636156304513406
3432.2696587918717	57.7578216125321
3377.017380026318	57.862173623512035
3322.8261628109176	57.949543201757024
3269.67650704329	58.020224271767574
3217.548912621056	58.074473658903344
3166.4238794418366	58.11251094145928
3116.2819074032495	58.13451831419775
3067.103496402913	58.14064046340263
3018.8691463384484	58.13098445336573
2971.5593571074774	58.10561962427278
2925.1546286076173	58.06457750129789
2879.6354607364865	58.00785171471193
2834.982353391705	57.935397930684985
2791.175806470896	57.84713379242294
2748.196319871676	57.742938871197566
2705.9903669304363	57.56986148130363
2664.512274566461	57.287024647148655
2623.804970531114	56.99102099406559
2583.850726278035	56.68433323813042
2544.6318132608685	56.369409826746505
2505.91377525029	56.14525329445928
2467.6731196756227	56.01644502096519
2430.121662275087	55.88291478874498
2393.2474781173587	55.74441031719857
2357.0386422711135	55.60065777918976
2321.483229805024	55.45136171543027
2286.569315787765	55.29620495410336
2252.28497528801	55.134848535740275
2218.618283374437	54.96693164337307
2185.557315115717	54.79207153790139
2153.090145580524	54.60986349865152
2121.2048498375348	54.41988076900884
2089.8895029554237	54.22167450703387
2059.114719012209	53.98750732647636
