1733.9190925402204	13.469737179098502
1691.5328579336174	13.037627705567047
1650.3356454195	12.616743559730594
1610.2928691735178	12.207087689327409
1571.3699433713132	11.80862276780158
1533.5322821885354	11.421269945775862
1496.745299800828	11.04490760426529
1460.974410383837	10.679370109763454
1426.185028113207	10.324446570604664
1392.266967535458	9.98658600529643
1359.1148499839628	9.683032844708464
1326.8544701499363	9.389243472688122
1295.4622262083487	9.104645269133357
1264.9145163341716	8.828638025806299
1235.1877387023771	8.560593052781996
1206.258291487935	8.299852283240625
1178.102572865816	8.045727377249023
1150.69698101099	7.797498824914101
1124.0122741236632	7.545246363458773
1098.0177684016926	7.276659050995136
1072.7044116826874	7.014566041559647
1047.9546446613208	6.79588850842913
1023.8055711650422	6.599751225175055
1000.2806526539258	6.410448854762308
977.3635775218484	6.227099420827017
955.0380341626844	6.0487999472599085
933.287710970309	5.874625806286531
912.0927296002459	5.697813119641523
891.4312511685373	5.5083678764254955
871.29733617851	5.3222082545493095
851.6756453866467	5.139906220778471
832.5508395494297	4.962011211883237
813.9075794233429	4.7890495079341235
795.6496162391021	4.651091546921748
777.8344080604819	4.521905411119974
760.461869147005	4.3963725749597415
743.5172683595522	4.268093375475246
726.9871588977924	4.132746078939306
710.866437433649	3.999651471263178
695.1443732161556	3.868909566696459
679.8102354943422	3.7406045938062675
664.8532935172416	3.6148045328818625
650.2628165338838	3.4915606511366946
636.0280737933015	3.370907035547134
622.1383345445249	3.252860122996765
608.5231374896847	3.1509670781935597
595.2244917814394	3.0501447668927426
582.2443453126456	2.9514565946554967
569.5750872767535	2.854750612368832
557.2091068672123	2.7598636804434022
545.1387932774716	2.666621124097219
533.3565357009817	2.5748363862384736
521.8547233311926	2.484310678043528
510.62533954759124	2.3941638339182987
499.6574163878458	2.298635532409776
488.94753221361594	2.2043898866417635
478.488438126409	2.1117737437639335
468.23916527265345	2.032890455417885
458.2178797377055	1.9591332557315582
448.4287488607495	1.8868223006890616
438.86629472407145	1.8156428661492328
429.52503940995587	1.745271387267735
420.3971481962659	1.671475219827471
411.4791754727703	1.5972714031004216
402.7664770213523	1.5236883243462103
394.2538423567846	1.4508086965176403
385.93606099384135	1.3787059028640556
377.8079224472955	1.307443733855166
369.8642162319204	1.2370761216652681
362.0816840101571	1.1737771150565663
354.46055506055137	1.112456562594275
347.0099545822391	1.051081502242539
339.72646649488524	0.9902375915947914
332.60628561766583	0.9298579954025001
325.64560676975736	0.8698692243016239
318.84062477033655	0.8101909343556031
312.18753443857946	0.7507357245394246
305.68234510741576	0.6910997121896969
299.3202724229888	0.6295470710456357
293.0988628632923	0.5682206064276443
287.01446055414715	0.5072523893324217
281.0546790386916	0.4496427597385946
275.21314641754475	0.3963771083912775
269.49885625456005	0.34338903409752675
263.9089879426874	0.29050910520265916
258.43998018476213	0.2363224989576338
253.08968620039795	0.1817757557035975
247.85556547921848	0.1271523577484288
242.73490699842353	0.07244510502633261
237.72499973521317	0.017641280201786458
232.82313266678761	0.03727751116093714
228.02659477034655	0.09233550243749278
223.33213368057503	0.14847287446480095
218.73350857842433	0.2034903199766802
214.22239020462348	0.25535531914607645
209.8067788925767	0.30736601161098065
205.48462885015823	0.35961884151663526
201.25389428524272	0.41221437449164
197.11238022247952	0.4655090839483762
193.057976189915	0.5197217961708702
