1117.0068424332683	25.029214998930456
1087.0509684420604	24.349308705034446
1057.989841071449	23.688417314849403
1029.79686972497	23.04620765504785
1002.4454638061546	22.42238485346047
975.9090327185387	21.81669374834098
950.1609858656545	21.228920304538974
925.1747326510358	20.65889303594338
900.9160611715558	20.118916378997937
877.3623890189338	19.6023832284194
854.416934834394	19.07194014835943
832.1136497402882	18.547347100413276
810.4548336713103	18.036659646539874
789.4214806378133	17.540119900630316
768.9945846501498	17.05800012875568
749.1535210363265	16.593252376816622
729.8741357167322	16.15464339141056
711.1453452763011	15.7295825029762
692.9490935459045	15.31691462209244
675.264379129952	14.914454818235356
658.0102641001278	14.49848498540581
641.2388575970845	14.093307987990158
624.9364423028549	13.699451971269525
609.0842191752571	13.325814261034282
593.6731182651007	12.965345747335732
578.6911648699006	12.615782666568009
564.1253408007325	12.276597512258263
549.9626278686721	11.947286859712847
536.1900078847958	11.627372165821441
522.7857968729892	11.313343715725523
509.7030836854712	10.998074224642949
496.9734039648036	10.694608417194502
484.58905003508704	10.399836308130602
472.54053252248656	10.113599553489735
460.81836205316597	9.83575715282791
449.4130492532894	9.566186058944368
438.31510474902166	9.30478179333511
427.5134364851493	9.054110170689626
416.998804886674	8.813696600804008
406.7562425010699	8.577687293537679
396.75696010870803	8.338673618138614
387.0215050312099	8.106222835878725
377.5428902353209	7.880417657093176
368.31412868778756	7.661354310746503
359.32692739076174	7.451311744510406
350.5748835984064	7.2494475635778315
342.0522104070716	7.053908284753135
333.7522093452387	6.864367668294676
325.6681819413885	6.680514281586625
317.78882894612286	6.5005129662147
310.09198364320986	6.318938268901064
302.591368427612	6.145174051473759
295.28318941417	5.97710900332936
288.1626635679768	5.81428860198875
281.2248083813231	5.656601277587782
274.46464134650006	5.503946363094428
267.87717995579885	5.356234468219242
261.4570010160307	5.2141254493825215
255.198957132886	5.077831179911783
249.0966746315027	4.945142609549862
243.1322339685894	4.81151090866291
237.3173649703316	4.682002233416739
231.6483123704976	4.556655245297009
226.12119361992578	4.435730925730127
220.73173365811	4.320159564240726
215.47698857290194	4.2086430897310265
210.3533348073217	4.101033430332365
205.35714880438846	3.997191551136666
200.48480700712176	3.89698775516851
195.731632119927	3.800190060981521
191.0830129182169	3.7038887073941282
186.54832283223016	3.6109657205657015
182.1247974390024	3.521394714557431
177.80967231556946	3.435155942230466
173.60018303896726	3.352236531439644
169.49335861753877	3.272980779583264
165.4865014272749	3.197277787038445
161.57711528380156	3.124682058367142
157.76251465679152	3.055076176589168
154.03941236491903	2.9881697642032066
150.39728520004155	2.9216089932132405
146.8422859806083	2.858281326082988
143.3725583784268	2.797788759187071
139.98602687142173	2.7401112505434497
136.68061593751725	2.6852343395222817
133.45422741371414	2.633188008078619
130.3046758354161	2.5841575529723997
127.230071752961	2.537828705725829
124.22838251587632	2.494137697118674
121.29667042015286	2.4527677296151893
118.42827581463423	2.4124413309629773
115.62713069515678	2.374821625657418
112.89168996272456	2.339833723831859
110.22035177954874	2.3075045539497125
107.61151090920401	2.277871655318563
105.06354145382167	2.251013099638797
102.57488354122965	2.226898384781421
100.1439472397627	2.2055538802265886
97.76914525774387	2.1870067592317923
95.44735940521679	2.1708493107737326
