2167.9795241359334	9.235643079960028
2114.2764405024095	8.976567629203373
2062.0663657050923	8.704748417976134
2011.3098049694731	8.42523573992844
1961.9672635210359	8.143118752511555
1913.9583830709882	7.929489617465833
1867.284547097265	7.723571615120818
1821.912169669214	7.521035088897406
1777.804857862423	7.322118372987006
1734.926218752481	7.127099268463326
1693.2398594149795	6.936296302327719
1652.7093869255043	6.750069985470418
1613.2984083596432	6.568824068775712
1574.9705307929862	6.393006797152566
1537.6688599854356	6.256296096924871
1501.368520843681	6.1406151400479985
1465.8685303057837	5.958897603629339
1431.3008423809886	5.77169092960321
1397.658847523452	5.58668767855977
1364.9175215722216	5.404595043716313
1333.0518403663482	5.226149338546975
1302.0367797448785	5.052116903376941
1271.8473155468644	4.883295012676854
1242.4508674612628	4.732778766566412
1213.8162602723485	4.611430610234834
1185.9342016202995	4.494613815575576
1158.7811759157476	4.380804055364251
1132.2707852610117	4.244958777987222
1106.370729607942	4.082438163316624
1081.1376031276213	3.9218506970071303
1056.5540331577608	3.764083445113215
1032.6026470360716	3.6100450658861973
1009.2658346754163	3.461053069462423
986.5115540264194	3.341956230996743
964.3384232670907	3.2277015290875397
942.7301291230269	3.1175620666238046
921.6703583198268	3.010833362429935
901.1427975830896	2.9068339820047413
881.1311336384097	2.8049061698300193
861.5466518404677	2.6778011615409696
842.425122702234	2.5441562097720407
823.7774884942604	2.413412663549707
805.583883523078	2.2990459625584663
787.8371599472472	2.193775543197262
770.5290622932869	2.0921371315506576
753.6481563911769	1.9938748983249752
737.1830080708919	1.89874919486914
721.1221831624109	1.8065370198823985
705.4542474957119	1.7170324877212693
690.1677669007718	1.6300472984203225
675.2513072075676	1.5454112097011716
660.6339299623958	1.4485748539478323
646.3510018166864	1.3569933220568373
632.4095587727445	1.2679083827619024
618.8015031263677	1.1813270265811866
605.518737173355	1.0972676679461415
592.5531632095051	1.0157604917592948
579.896683530616	0.936847801857482
567.5412004324858	0.8605843712419983
555.4786162109124	0.7870377940139406
543.699142836462	0.7190710597849943
532.1927878530855	0.6599020190895999
520.9555749587666	0.602856968447611
509.94564883742856	0.535386179844977
499.1779419645987	0.46499544063607345
488.659464669001	0.39636373397456737
478.38441780651954	0.329661625088022
468.34700223303685	0.265068590602084
458.54141880443615	0.2027732828870512
448.9607347422006	0.1448470480009405
439.59770053904464	0.09389792032305877
430.4494915052049	0.045229985421599395
421.51059703036833	0.0014069795205386981
412.77550650422205	0.04625355995682412
404.23870931645376	0.08954044341510325
395.87912353599097	0.13682962215204952
387.6899642708062	0.18873109238518282
379.6844460582209	0.23901035837042173
371.8571439826803	0.28538477044219235
364.2037059326553	0.3273417309949309
356.7216273399783	0.36742948166033784
349.4069194844793	0.4057279957663127
342.2555936459879	0.44231029012067324
335.2636611043348	0.47724222700850305
328.42713313934917	0.5105823147000024
321.74202103086174	0.5423815064479243
315.204336058702	0.5726829978920307
308.8060002901632	0.5997981261999143
302.52639641133703	0.631935071242026
296.3835427376521	0.6627866484087122
290.3745171924244	0.6923301245542746
284.49639769896913	0.7205376891389506
278.7462621806018	0.7473763025299434
273.12118856063813	0.7728075429016315
267.61825476239403	0.7967874517732696
262.23396843737703	0.8183119677623267
256.96524987347874	0.8370600970322926
251.81008635426065	0.8544918963533519
246.765675855669	0.870741404386564
241.82921635364963	0.8859367756056145
