6521.371404775549	50.951436066615315
6388.127767121453	53.5005016930686
6258.2173802130455	55.951930128172535
6131.555521730872	58.297957235417925
6008.05746935546	60.530614109660746
5887.316491267384	62.15110095505861
5769.45606068859	63.46771020811866
5654.5215131594005	64.66996016804978
5542.438975804393	65.76564744084726
5433.13457574815	66.76239099627401
5326.534440115259	67.6676315357713
5222.564696030295	68.48863097177309
5121.151470617834	69.23247201577624
5022.220891002463	69.90605787157074
4925.699084308764	70.51611202887307
4831.512177661316	71.06917815155111
4739.5862981846985	71.571620053287
4649.372660332765	72.25187348396867
4560.430097984918	73.28660487056277
4473.552204774668	74.27514460404382
4388.689893342287	75.21165076605894
4305.583323666796	75.76671399734641
4224.328699917117	76.15692278985307
4144.952095718278	76.49142051587296
4067.410740529276	76.77364160845491
3991.661863809105	77.00692340387377
3917.6626950167547	77.19450578565056
3845.370463611219	77.33953087701593
3774.7423990514912	77.44504278126806
3705.7357307965694	77.51398736919373
3638.3076883054437	77.54921211231249
3572.415501037105	77.55346596025674
3508.01639845055	77.52939926021213
3445.067610004773	77.47956371580426
3383.5263651587666	77.40641238235094
3323.349893371521	77.31229969481592
3263.6932942677786	77.56467639461448
3205.2742383531577	77.77453637629696
3147.9589878154266	77.71816536600932
3091.8776135847124	77.63666437575989
3037.005035458476	77.53141591984081
2983.316173234186	77.40374914294443
2930.785946709305	77.25493958745369
2879.3892756813007	77.0862089817465
2829.1010799476353	76.89872504970958
2779.89627930578	76.6936013413881
2731.7497935531915	76.47189708469364
2684.636542487339	76.2346170578719
2638.531445905689	75.98271148231038
2593.4094236057063	75.71707593509564
2549.245395384853	75.43855128054474
2506.014281040597	75.14792361971217
2463.691000370404	74.84592425675419
2422.250473171738	74.53322968068392
2381.667619242063	74.21046156092461
2341.518739706411	73.852775533888
2301.942714130004	73.56827792308172
2263.16281487218	73.27602028977321
2225.164135286045	72.97638553175102
2187.9317687247044	72.66972668671474
2151.4508085412645	72.35636679265804
2115.706348088829	72.03659875752055
2080.683480720507	71.71068523821077
2046.3672997894	71.37885852912268
2012.7428986486173	71.04132046013251
1979.7953706512617	70.69824230409426
1947.5098091504415	70.34976469371713
1915.8713074992606	69.99599754769042
1884.8649590508246	69.63702000584271
1854.4758571582386	69.2728803730297
1824.6890951746084	68.90359607136725
1795.4897664530417	68.52915360035877
1766.853814446549	68.1351682963325
1738.7123328918026	67.6368848471111
1711.1148709210552	67.13517926720442
1683.98288753734	66.66002616794867
1657.102053854637	66.29965283838669
1630.7286059454855	65.93955230777976
1604.8535573679903	65.57965766309587
1579.4679216802556	65.21988490978185
1554.5627124403843	64.86013288974459
1530.1289432064793	64.50028320359377
1506.1576275366433	64.140200137217
1482.6397789889816	63.779730592732676
1459.566411121596	63.418704023862006
1436.9285374925917	63.05693237569642
1414.717171660071	62.69421002885838
1392.9233271821374	62.33031374799191
1371.5380176168937	61.96500263449411
1350.5522565224442	61.59801808337852
1329.957057456893	61.229083744100535
1309.7017161034578	60.79205152931172
1289.8149050099769	60.34600520900028
1270.293154783339	59.899323452726094
1251.128301237543	59.45296072173517
1232.3121801865864	59.00785547749649
1213.836627444467	58.56493015077854
1195.5057401660786	58.20355699507036
1177.4786689094653	57.85446659183151
1159.7719482675593	57.5082038512644
