12127.908540089824	7.5849619472055565
11887.848290018099	1.7335829160956564
11653.566123279561	3.9582055443333957
11424.93457353019	9.486218297767664
11201.826174425925	14.846001647709272
10984.113459622746	20.032830625305905
10771.668962776597	25.041706487146257
10564.365217543442	29.8673544248868
10362.07475757923	34.50422148778762
10164.67011653993	38.946474717917226
9972.023828081507	43.18799949657023
9784.00842585991	47.22239809900202
9599.963420531349	50.23996930209887
9420.045587574536	52.66110868298074
9244.39857477484	54.88687851879786
9072.91093075912	56.933946206937435
8905.471204154255	58.81873259586155
8741.967943587108	60.55741115841556
8582.289697684562	62.16590732303575
8426.32501507348	63.65989795557016
8273.962444380744	65.0548109830388
8124.2489105333025	66.77626054033044
7976.280498780849	69.22352925285759
7831.616982605209	71.5953113712394
7690.186454323792	73.8869155723296
7551.917006253992	76.09349995726461
7416.736730713205	78.21007123138679
7284.573720018826	80.23148397048817
7155.356066488256	82.15243997284097
7028.980460932299	83.91983920069424
6904.946561808971	84.87764687182562
6783.649543901531	85.72857676745025
6665.02659639715	86.48055226361703
6549.014908483005	87.14136427881203
6435.551669346255	87.71867085416443
6324.574068174067	88.21999680256931
6216.019294153615	88.6527334249663
6109.824536472073	89.02413829156194
6005.926984316595	89.34133508521427
5904.263826874359	89.6113135036162
5804.772253332529	89.84092921644151
5706.8689052329455	90.2843013945112
5610.000251125571	91.18000587844563
5515.135201293978	92.04358055585772
5422.232649369729	92.87111489140989
5331.251488984404	93.6586159134099
5242.150613769558	94.40200789583241
5154.888917356767	95.09713207554523
5069.225123079248	95.43369827064089
4985.212828709691	95.5518777869288
4902.923732787842	95.61968099428441
4822.3219642359245	95.64064341263156
4743.371651976164	95.6182288234022
4666.036924930779	95.55582906432892
4590.281912021988	95.45676385358183
4516.070742172016	95.32428064278565
4443.367544303087	95.16155449822827
4372.13644733742	94.97168800943518
4302.341580197236	94.75771122406195
4233.947071804755	94.52258160781957
4166.917051082202	94.26918402796582
4101.215646951796	94.00033075865258
4036.6659767606607	93.78404008440293
3972.5637977304295	93.93176707858083
3909.691765374034	94.06673811675728
3848.0260448301988	94.18594435816112
3787.5428012376565	94.2863315951272
3728.123172103355	94.21846471913432
3669.740961822018	93.9754000702037
3612.473589041807	93.70981929340087
3556.3002718866837	93.4231994968352
3501.200228480612	93.11697869380237
3447.152676947551	92.79255567617042
3394.1368354114593	92.4512899004958
3342.1319219963	92.09450138680927
3291.117154826037	91.72347062999938
3241.0717520246285	91.33943852358857
3191.974931716034	90.94360629566768
3143.8059120242165	90.53713545667893
3096.543911073138	90.12114775865757
3050.16814698676	89.69672516542255
3004.657837889041	89.26490983317694
2959.992201903941	88.82670410082574
2916.150457155425	88.38307048924662
2873.111821767451	87.9349317086519
2830.3874595872126	87.69384786572641
2788.3041547074317	87.50364610985594
2746.89115238649	87.18241476677645
2706.173449424383	86.78831867513054
2666.180659697744	86.38674861634627
2626.9005627971433	85.97821252132076
2588.320938313148	85.56319674139468
2550.4295658363244	85.14216596842925
2513.214224957243	84.71556316042256
2476.662695266473	84.28380947267101
2440.7627563545802	83.84730419453945
2405.502187812133	83.4064246917726
2370.8687692297003	82.96152635437011
2336.850280197851	82.51294254993695
2303.4345003071535	82.06098458242968
