1571.4099202750806	12.135490849678604
1533.7358059650405	11.121468642443006
1497.0922612256895	10.143879995288557
1461.4517665857898	9.203048308827874
1426.7868025740975	8.299374977579873
1393.069849719375	7.433339971201121
1360.2733875662855	6.6055039331209855
1328.3372611034097	5.868004997860908
1297.2686371742896	5.166883514263873
1267.042056179707	4.499678938064903
1237.632058520444	3.8640043173458025
1209.0131845972792	3.2575467174993946
1181.1599748109923	2.678067617428951
1154.046969562365	2.12340327920208
1127.510930282569	1.5341910374589816
1101.6336891002136	0.9532922751270689
1076.4277516028483	0.4031837688712585
1051.8611683551378	0.09384371489147725
1027.9348429203312	0.5675666332082301
1004.6316574215195	1.019146641051293
981.9344939817968	1.4496978997427732
959.8262347242535	1.860286730457915
938.2897617719838	2.2519312852949724
917.3079572480785	2.6256012354780296
896.8637032756318	2.982217475891048
876.9398819777352	3.322651844765346
857.4662426686402	3.656489349963863
838.4015864406142	3.9899501442369
819.8133220769666	4.309168868450115
801.6897875610593	4.614581319453237
784.0193208762526	4.906592243776231
766.790260005907	5.185575065204773
749.9909429333845	5.451871622679391
733.6097076420468	5.7057919186835875
717.6348921152545	5.947613878144409
702.0548343363682	6.177583117685174
686.8503813543733	6.38389815285575
672.0150339655582	6.5750045952070195
657.5406488571722	6.756693498978905
643.3563554205554	6.953724547160732
629.4939004328265	7.1503286595597615
615.9644008340551	7.338937487574299
602.7597971827648	7.519523950550081
589.8720300374812	7.692039759983629
577.293039956728	7.856415229912443
565.0135857141869	8.010654248132141
553.0209775816928	8.14717330673841
541.3135541351803	8.276145943753477
529.8837336921556	8.398188020686405
518.7239345701241	8.513894834120492
507.82657508659133	8.623840962453698
497.1840735590638	8.728580119031449
486.73957776175774	8.847466281996788
476.5323321706738	8.963034663340125
466.56082404267187	9.073461544277734
456.81560946437315	9.172343546122022
447.29409507618755	9.264357544185998
437.9920032131686	9.351443669253229
428.90402423820933	9.433856682597593
420.0248485142024	9.511837406427844
411.34916640404145	9.5856126049855
402.8716682706189	9.655394870896885
394.5870444768284	9.721382516905805
386.48998538556236	9.783759473063014
378.5730615342562	9.839242977734443
370.79778714731196	9.902493228783385
363.19386013159493	9.963492907498704
355.7594045823828	10.02159281662938
348.4906444413257	10.076840110608629
341.38380365007345	10.129272363355227
334.43510615027634	10.178917479079814
327.64077588358475	10.225793607361794
320.9970367916484	10.269909062771461
314.49840059761164	10.308460436081788
308.1424543944467	10.34366351269793
301.926104567912	10.376613681847914
295.8457522019246	10.407570410825656
289.8977983804018	10.436783608283378
284.05673045124	10.472368276765252
278.3389130305118	10.50734218698787
272.74433420673137	10.540638597096233
267.2699097656241	10.571580807114941
261.91212892909033	10.598782780391048
256.669576107933	10.62429531047539
251.53965383875388	10.648221631183645
246.51976465815574	10.67065842678602
241.60731110274054	10.691695790361962
236.79969570911052	10.71141718743172
232.09432101386778	10.729899425257315
227.488534374738	10.747121591384484
222.97884078958936	10.76166544358125
218.5500820314793	10.780100922816416
214.21072633055584	10.79879300193224
209.9620189817209	10.816641530413989
205.80205299525898	10.833643054300666
201.7289213814544	10.849789571817098
197.74071715059145	10.865068513221956
193.835340900047	10.879144054111919
190.01062219330788	10.89155749343837
186.26521265087257	10.903207478794428
