3285.2226631861176	143.32157903992925
3206.3306239811336	138.81155905862352
3129.579432236391	134.5482655997023
3054.960840353512	130.4396502867869
2982.4118724935342	126.47837108670433
2911.8695528175067	122.65726631701523
2843.2709054864695	118.96935549779892
2776.5529546614653	115.40784011010578
2711.652724503536	111.96610426731718
2648.3950739164134	108.58750026871121
2586.5695572583936	105.20017507465764
2526.353038751421	101.98520035068805
2467.7263209712755	98.90206193436416
2410.6619162246793	95.92317830896764
2355.117128544513	93.0447059148944
2301.0492619636516	90.26291873825107
2248.415620514973	87.57420896431336
2197.173508231353	84.97508757771266
2147.280229145673	82.46218491149466
2098.693087290807	80.03225114815382
2051.3658699616717	77.68764887133011
2005.0926210246894	75.41616506733476
1959.8787025297718	73.16164218422205
1915.8208397829444	70.97737272195286
1872.8897477552941	68.86149578993081
1831.0561414179012	66.81222793908637
1790.290735741848	64.82786366782057
1750.564245698215	62.906775897895386
1711.8473862580868	61.04741642076306
1674.110872392547	59.248316315297416
1637.3134387461162	57.52689670574034
1601.4238586421877	55.88492852196498
1566.429297232943	54.29536174482416
1532.221938454508	52.72001153307781
1498.7584791838487	51.14855444092598
1466.1172923872539	49.62259656130516
1434.2780728235468	48.14153876489513
1403.220515251552	46.7048342324955
1372.9243144300858	45.31198881235082
1343.3691651179745	43.96256136088789
1314.5191359039654	42.68082865101417
1286.3675360078057	41.444994734685224
1258.898365189069	40.2479821239898
1232.0925504635998	39.08761101618711
1205.9310188472384	37.96175205188433
1180.3769783141552	36.860929591057584
1155.3238342862012	35.74669515612345
1130.8629523303289	34.66325400360677
1106.980091894179	33.61067350210931
1083.6571043177619	32.595254511724875
1060.8747666702902	31.625051397362313
1038.6289006280167	30.68428812229763
1016.9061426876129	29.77178104376742
995.6931293457485	28.88638048387395
974.9764970990929	28.026970962440146
954.7428824443178	27.192471421394202
934.9789218780944	26.381835441130193
915.6712518970924	25.594051449474478
896.7520780838917	24.806002653705605
878.2252615744761	24.039716973663644
860.1192078046411	23.296613247007826
842.4255904123285	22.57426744115253
825.134923022752	21.87212681993674
808.2377192611223	21.18966195636858
791.7244927526527	20.526366921034537
775.5857571225542	19.881759465046116
759.81202599604	19.25538119756237
744.3938129983214	18.646797758005505
729.3177611904176	18.0617975573374
714.5760302236225	17.497366918749208
700.1621255021669	16.948353890439364
686.0093784423366	16.39085399265656
672.1666228220322	15.846827759349992
658.6288903418143	15.316847933164297
645.3893692304827	14.800771930112433
632.4412477168371	14.298473646275681
619.7777140296765	13.80984360025434
607.389548292771	13.338663412702203
595.2704683210649	12.884010736368282
583.4160872433747	12.44192605991617
571.8199312643462	12.011821796943309
560.4755265886257	11.593126529785138
549.3763994208587	11.185285131384774
538.5082567826076	10.784739243620493
527.8392717867122	10.381215979845933
517.3979093509021	9.987726988383827
507.17701650601776	9.60790265730975
497.17310902355814	9.239459687270198
487.3823889664013	8.88062943668092
477.80014398612406	8.531131725373484
468.42166173430275	8.190697733246509
459.2422298625132	7.859070099614598
450.25713602233134	7.536003019736313
441.46166786533354	7.221262338460576
432.85076712215727	6.915187036915256
424.4182786257983	6.619910128229378
416.1515261075197	6.328196794705661
408.0373748792208	6.036354937479359
400.0913112640991	5.751430752918452
392.3098639556579	5.47334523746332
