1927.1118929925483	51.61756749064966
1876.8590266369483	50.399851183590954
1828.0665862156798	49.20229981017724
1780.6935082335453	48.027608199190354
1734.6987291953405	46.878516207085795
1690.0286984898808	45.777997966195244
1646.64070164684	44.73157804927814
1604.5115504169762	43.71324646685821
1563.6027659681492	42.72175112521211
1523.875869468222	41.75588748571295
1485.292382085057	40.81450012042205
1447.8138249865135	39.896484270906285
1411.4017193404516	39.000787410956946
1375.8886334472172	38.0934913471757
1341.3242764028846	37.2138344600196
1307.7294905727972	36.35563797083887
1275.0770085246868	35.51854704240668
1243.3395628262838	34.70224085381005
1212.489886045323	33.906433756451975
1182.5007107495333	33.13087643480776
1153.3447695066493	32.3753570715171
1124.9895306065198	31.648260337191005
1097.4044069280328	30.954860955162644
1070.5040681602668	30.25251756623345
1044.2914191924117	29.54984285224691
1018.7901968250328	28.863169131677637
993.9808891952545	28.19268931184058
969.843984440201	27.53862251932219
946.3599706969983	26.901214974755476
923.5054242860605	26.287119333785768
901.2588057103096	25.699953594664066
879.6079186074263	25.128124310939484
858.5342293071316	24.57039551326386
837.9966063758845	24.017269938657023
817.9431886766918	23.45541029462015
798.4168369144243	22.90622378109788
779.4034474577537	22.370202137307047
760.8854094484843	21.853594633224247
742.8485902711262	21.356989048530238
725.2835148205238	20.873369972129638
708.176803300346	20.4021270869373
691.5150759142651	19.942671142250106
675.2849528659502	19.494434606826076
659.4730543590733	19.056872326790426
644.0198961745019	18.612895351099667
628.9460050472602	18.18136677130724
614.2543320121329	17.763297138276016
599.9368770687936	17.35559794900007
585.9838984076762	16.958053336937496
572.3856542192132	16.570462836206104
559.1324026938374	16.192641880888004
546.2144020219828	15.82442230850171
533.6218769160795	15.465707991778231
521.3413950633259	15.122444696567811
509.35851163594737	14.784569507514618
497.6414603994135	14.443470384824082
486.2147511426375	14.110338643209275
475.07120503930446	13.785201690846407
464.2036432631001	13.468098718246893
453.60488698770945	13.159081087231357
443.2663653831942	12.860513538545774
433.1811270475713	12.572100278213497
423.34363129904244	12.291224114495662
413.7469998163068	12.017490492744002
404.3843542780648	11.75051801149499
395.23286761626144	11.484468846650884
386.28905300815495	11.220190095035832
377.56053291577945	10.9631440596836
369.04089338031275	10.715312046108977
360.72657723523463	10.473945209687429
352.61247604488744	10.238875747517227
344.6934813736135	10.009945379250723
336.96448478575456	9.787005650944053
329.42037784565235	9.569918242279755
322.0558735428338	9.358852595180593
314.86487188119725	9.15534388792895
307.82654630839164	8.95129130528747
300.95023426783484	8.751100388768293
294.2358092441681	8.555999103642023
287.67942677563065	8.365980337491948
281.2772424004612	8.181044439107211
275.0251119819837	8.001700377877427
268.9188343355239	7.828561651197106
262.9554100177771	7.660240270821362
257.13113048305615	7.4965407644651805
251.4422871856748	7.337275815570365
245.88385362817604	7.181840118971564
240.43986395727848	7.026114292477246
235.12053874039864	6.875472142231786
229.9233664721905	6.729322802286589
224.84570980737064	6.5872913316083554
219.88474875283904	6.449315068336006
215.03766331549588	6.315337432720696
210.30163350224163	6.185308122456178
205.67359983318067	6.059586807186264
201.1507664895703	5.938096359694725
196.73065800178082	5.820226005314851
192.406455001425	5.704541724149095
188.17301287895543	5.590155066049363
184.03487689948648	5.479196141337326
