4275.763743309038	11.421126490951337
4183.106907875845	9.10497145817726
4092.7232823039903	6.952262925435207
4004.6189065409567	4.8737969709200115
3918.7422560572795	2.868857737507369
3835.0418063235047	0.9368564154210617
3753.466032810169	0.9226678521586109
3673.9634109878134	2.7100471334201757
3596.4824163269745	4.42548394357209
3520.971524298196	6.06905055270272
3447.3792103720207	7.640688366347831
3375.653950018986	9.14020737860369
3305.7442187096303	10.567285697043644
3237.5984919144958	11.921469138024577
3171.1079917041234	13.113670648493553
3106.1891966697276	14.09355840458511
3042.885907451483	15.007573035907399
2981.151436212001	15.862230377792685
2920.9390951139003	16.66392708175613
2862.2021963197894	17.41894042285071
2804.6986866228335	18.22129941701337
2748.1750280101996	19.1694941911569
2693.002952651076	20.080976874066664
2639.1505981406103	20.95495022476439
2586.58610207396	21.790540233677802
2535.277602046275	22.586795774147504
2485.193235652709	23.34268828788754
2436.301140488413	24.057111504042723
2388.5072401276266	24.632070390040553
2341.808080391916	25.110393770707105
2296.2102148738604	25.55050249268652
2251.684807211268	25.95570321796322
2208.203021041954	26.32923256813774
2165.73602000373	26.674256948454513
2124.2549677344073	26.993872397504674
2083.7310278717955	27.291104460787437
2043.984122901552	27.635176894575125
2004.8972118448069	28.067236637326005
1966.6912606722196	28.48048814040726
1929.3463367249867	28.87381573641369
1892.8425073442968	29.24605785026256
1857.159839871344	29.596006791972286
1822.2431502364184	29.867201307231426
1788.0793920468302	30.06905576322515
1754.6797727669996	30.24897579837375
1722.0262717248456	30.408572088662368
1690.1008682482782	30.54941371572022
1658.8855416652143	30.673028013882004
1628.3622713035704	30.78090043114571
1598.5130364912607	30.874474403536396
1569.3198165561985	30.95515124223391
1540.7645908263005	31.024290032631143
1512.8293386294822	31.08320754429849
1485.2954820007405	31.218660940369887
1458.291893503417	31.36895819613244
1431.8626969437341	31.508776621302786
1405.9879949835124	31.625527681569793
1380.6272556107103	31.67404327708573
1355.8043780976489	31.71067361287453
1331.5079611035558	31.73613984220549
1307.7266032876628	31.751138150293627
1284.4489033091977	31.756339630069192
1261.6634598273918	31.752390165263932
1239.3588715014725	31.739910320806985
1217.5237369906715	31.71949524039951
1196.1466549542165	31.691714551135306
1175.216224051339	31.657112274884753
1154.7210429412671	31.616206746122998
1134.6497102832304	31.569490535768068
1114.990824736458	31.51743038048062
1095.6403766119442	31.49886118038853
1076.5885555296582	31.48109987199848
1057.9076409587208	31.438401827694065
1039.602539476009	31.390403196495072
1021.6659397530507	31.3373544990676
1004.0905304613742	31.279490995931837
986.8690002725059	31.21703259577714
969.9940378579731	31.150183767582348
953.4583318893034	31.079133456603813
937.2545710380251	31.00405500425404
921.375443975665	30.925106071882396
905.8136393737502	30.842428568419223
890.561845903808	30.756148581817342
875.6127522373666	30.66637631417518
860.9590470459525	30.573206020395105
846.593419001094	30.47671595016618
832.4933042110397	30.352622420968714
818.6634182975582	30.220146290393018
805.0185810759294	30.118946706797317
791.6062075850003	30.027921264589054
778.450505142149	29.93540722506407
765.5467209501351	29.841407673416143
752.8901022117177	29.74591610504075
740.4758961296574	29.6489163629563
728.2993499067143	29.550382577343328
716.3557107456479	29.450279107243205
704.6402258492178	29.34856048446221
693.1481424201841	29.245171359693927
681.8747076613071	29.140046450871807
670.8151687753465	29.03311049373383
