3559.180545674115	18.31718366161931
3480.6178081995663	16.267924414858726
3404.130638971462	14.307075212820791
3329.6452959226926	12.459210414627705
3256.9917291833017	10.897885700574307
3186.241829960947	9.423226257868237
3117.342046112658	8.02908357766637
3050.2388254954694	6.709451785832471
2984.8786159664123	5.458468093547481
2921.207865382523	4.270413174745727
2859.1730216008373	3.139711474615069
2798.720532478386	2.0609314545922643
2739.373794805553	0.8388687895442217
2681.373836835537	0.3986189850543269
2624.820974850132	1.5873984944905715
2569.677852986104	2.7251528670951757
2515.8373591148475	3.7010555362330706
2463.311054895386	4.588502023709452
2412.0884677497065	5.426664064608076
2362.135844460577	6.218463592965691
2313.419431810772	6.966736867161671
2265.9054765830583	7.674234138590464
2219.560225560211	8.34361935778793
2174.349925524998	8.977469916623477
2130.2408232601933	9.57827642458301
2087.199165548566	10.148442516637488
2045.1712480997364	10.69902698689134
2003.795607016371	11.375565449134228
1963.383695682588	12.006344531351715
1923.872562319826	12.527976420788946
1885.291201729604	13.020778583065976
1847.6180684662058	13.486044308265264
1810.8316170839184	13.92501509347494
1774.9103021370288	14.33888037089514
1739.8325781798205	14.728777255446403
1705.5768997665782	15.09579031177077
1672.1217214515887	15.44095134031295
1639.4454977891398	15.76523918193277
1607.526683333512	16.069579540272343
1576.3437326389944	16.354844820802214
1545.8751002598701	16.621853985203416
1516.0807274912684	16.84225104463303
1486.7336966587218	17.097264373421808
1458.0024649150378	17.354506894408246
1429.9132312989495	17.5972552767887
1402.4520508879666	17.8258957655637
1375.604978759592	18.040782537897485
1349.3580699913337	18.242237512312045
1323.6973796606994	18.430550167874117
1298.6089628451946	18.605977373424594
1274.0788746223252	18.768743226803508
1250.0931700695983	18.91903890392416
1226.6379042645212	19.057022517446285
1203.6991322846	19.182818984634878
1181.2459087017617	19.26961640626689
1159.2714143790627	19.328717871446315
1137.7731865378819	19.378313893689892
1116.7158012184598	19.429320666858985
1095.972268757272	19.530521529938937
1075.669959667405	19.625065891550435
1055.7997163976222	19.71288480778651
1036.3523813966845	19.793889016205753
1017.3187971133552	19.86796880443444
998.6898059963955	19.93499388407713
980.4562504945688	19.99481326998648
962.6089730566358	20.047255164908734
945.1388161313603	20.09212684944805
928.0228119020067	20.107230114591516
911.2615412022593	20.107809848464058
894.8510982914727	20.10196909454885
878.7829955076991	20.090500852837977
863.0487451889913	20.074178627667266
847.6398596734005	20.053756338937774
832.5449390489193	20.031144261643362
817.6559609624053	20.047173659197256
803.069054271037	20.06022305146007
788.7781196086121	20.070012709441755
774.7770576089279	20.076249708146747
761.059768905783	20.078627836878297
747.620154132976	20.076827512550267
734.4409060330986	20.052569800121603
721.5264976899223	20.022420139939186
708.8723458969002	19.98844681882332
696.4728038036072	19.95100338873283
684.3222245596158	19.910430922417106
672.4149613145007	19.867057940866744
660.7453672178349	19.82120034360429
649.307795419192	19.773161341741627
638.0965990681452	19.723231393697233
627.1061313142685	19.67168814343023
616.2918267522209	19.634041527660997
605.6567070231062	19.607071221037188
595.2261540554284	19.575959265616234
584.990712383297	19.53176001808538
574.9534067378883	19.485611020933675
565.1104212025198	19.437635280249935
555.4579398605094	19.387947751942022
545.9921467951757	19.33665528314515
536.709226089837	19.283856555458556
527.6053618278113	19.229642030055402
