6351.021024747393	6.347656669033313
6218.699827348316	3.466634735196294
6089.7889623769515	0.730086000583924
5964.195350607597	1.8684928528268756
5841.825912814529	4.33537199219154
5722.587569772044	6.676587671817288
5606.387242254424	8.897941624842133
5493.131851035954	11.005000602111522
5382.728316890921	13.00309605017992
5275.083560593614	14.897323918434722
5170.104502918323	16.692544583295785
5066.522057194438	18.43442464521604
4964.989534545853	20.21430722478135
4865.8989066514005	21.907971395728964
4769.194828070525	23.518353398909312
4674.821953362663	25.048260015289998
4582.724937087258	26.500367860757706
4492.848433803743	27.877222753206752
4405.137098071567	29.18123915215756
4319.535584450164	30.41469967050807
4235.98854749898	31.579754657615922
4154.440641777449	32.67842185227073
4074.836521845019	33.712586103488775
3997.120842261123	34.68399915640612
3921.2382575852075	35.594279499789536
3847.133422376711	36.44491227088747
3774.579137996553	36.97268481559422
3703.6748637053615	37.41688841142104
3633.6910592103895	38.13959735924254
3565.1404688994044	38.889910158006614
3498.1359429381027	39.60141395099936
3432.644148794663	40.274842336016036
3368.6317539372712	40.91085449498473
3306.065425834111	41.51003485259025
3244.9118319533623	42.07289276747679
3185.137639763205	42.599862256060305
3126.7095167318234	43.091301748749856
3069.5941303274044	43.5474938781515
3013.7581480181216	43.96864529855907
2959.1682372721625	44.35488653572088
2905.791065557706	44.706271865682766
2853.5370426423674	44.935602652743
2802.3615812338467	45.02522168822384
2752.3028760748184	45.08575373055646
2703.3306544983216	45.12170354533259
2655.3458729202794	45.16830177351858
2607.9141720558873	45.410459720639665
2561.48668173352	45.63661587400384
2516.043065988373	45.8465897617134
2471.562988855638	46.04015781623889
2428.026114370507	46.21705317890019
2385.412106568174	46.37696551931003
2343.7006294838343	46.519540869804814
2302.8713471526794	46.6443814748427
2262.903923609901	46.75104565522793
2223.7780228906945	46.83904768688876
2185.4733090302534	46.907857693861615
2147.9213753173094	46.881911151776876
2111.11791754421	46.78551743722892
2075.07743463669	46.672339658198325
2039.7814836398102	46.54463295605751
2005.2116215986248	46.40461272215771
1971.3494055581946	46.25445452687677
1938.176392563574	46.09629405864462
1905.456163791248	46.0271694262824
1873.2603470059994	46.00954940183851
1841.7064623007684	45.98615993109979
1810.781930703926	45.95645019236986
1780.4741732438442	45.91984386362242
1750.7706109488945	45.875739011711175
1721.6586648474506	45.82350798865036
1693.1257559678854	45.76249733496343
1665.1593053385707	45.69202769003664
1637.7263033154902	45.57931560946179
1610.8026683854553	45.40552431450453
1584.409290972507	45.22242862110704
1558.534777850995	45.03111181298311
1533.16773579527	44.83263383886106
1508.2967715796835	44.62803124319862
1483.9104919785884	44.418317102642845
1459.9975037663348	44.204480967967015
1436.5464137172735	43.987488811188086
1413.5458286057547	43.76828297748568
1390.901504407259	43.582889030252886
1368.5444933853069	43.456402251609916
1346.607782163953	43.32843422837823
1325.0834751748632	43.198364674892446
1303.9636768497044	43.065557969910515
1283.2404916201426	42.9293630862627
1262.9060239178452	42.789113523925835
1242.9211997287684	42.59484794426078
1223.3067038227418	42.39100196901461
1204.0586253344202	42.18316056809215
1185.169821589054	41.97178874544761
1166.6331499118942	41.75733756509021
1148.4414676281904	41.540244095248
1130.5876320631921	41.32093135561831
1113.0645005421507	41.09980826766105
1095.8649303903164	40.877269607853464
1078.9817789329393	40.653695963796395
