828.3727418326439	2.3544143331048417
806.5060658490564	2.1949375294851734
785.2783364421401	2.056474442292142
764.678400619354	1.924492447005946
744.6865566019495	1.798455562389222
725.2831026111816	1.6778615706145388
706.4483368683024	1.5622431717270615
688.1625575945652	1.4511691425556137
670.3970743741841	1.341004789544911
653.0634810942388	1.217385160979461
636.2216488508692	1.104558123664674
619.8614894530509	0.9961866384363702
603.9690931948344	0.8922222048573758
588.5305503702714	0.7926404702038212
573.5319512734135	0.6974420872828091
558.9593861983112	0.6066535771971644
544.7989454390158	0.5203281968809961
531.0308682289012	0.4481819619468297
517.6472134768476	0.3805052250164067
504.58089827216224	0.2963449357549166
491.8732708783044	0.21404272301424498
479.5171906184119	0.13481875147414257
467.50272601279244	0.05892771041726519
455.81994558175177	0.013356993042066279
444.4572320641412	0.07895634701628751
433.4037310273579	0.1360267643137263
422.65281308896544	0.18969124866492848
412.19503332541905	0.24040222931284916
402.0209468131747	0.28859191354604263
392.0943274249064	0.34384892982467363
382.420485461617	0.40144573819839025
373.00571295211455	0.45635223986852225
363.8397389514658	0.5030134546162799
354.9188044538443	0.546664879971388
346.2361530138744	0.5875578996232491
337.78497140630634	0.6258354085212545
329.55844640589095	0.6616255369674207
321.5497647873794	0.6950411612658911
313.75211332552095	0.7261794099076155
306.14882244184344	0.7549564589084241
298.7231615428433	0.787586786448486
291.4905721280625	0.8182425529189459
284.4460706783275	0.8468935916575049
277.58467367446593	0.8734991616710488
270.9013975973042	0.8980075745979832
264.3912589276703	0.9203558176999991
258.0480612893034	0.9384384671765531
251.86786606321147	0.9539154120349167
245.84623114078664	0.9675944490116706
239.97837328304368	0.9797005933999117
234.2425603154161	0.9958924637431608
228.64910046026318	1.0114809015692572
223.197058608327	1.0253397805852273
217.88174590542062	1.0356192727099085
212.7006839164016	1.0441767538398778
207.65033626585634	1.051084054359393
202.72716657837094	1.0564043020688985
197.92763847853135	1.0601916296136835
193.24821559092362	1.0624908784950549
188.68493348236552	1.0626142668355953
184.22860347329265	1.0626586518016552
179.87419896336942	1.063995715437187
175.62716200442404	1.0640762133494945
171.48484204060213	1.0628604837080218
167.44458851604978	1.060302225597809
163.50355334347063	1.0560131518802365
159.6589965560792	1.0497804311761598
155.90868443509999	1.0422435754970962
152.2500541121465	1.0334769802452968
148.68054271883196	1.02354768422326
145.1975222206349	1.0125344872093223
141.78873189647933	1.0029861979691646
138.46179520460942	0.9920054280986363
135.21493929784685	0.9798911390177238
132.0462123192878	0.96663224180908
128.9536624120283	0.9522122692958561
125.93533771916424	0.9366091911815602
122.98905879896157	0.9194054664491347
120.11315346609976	0.9010457658433921
117.3057247345575	0.8815845776430677
114.56487164027916	0.8610635521023369
111.88409693997212	0.8408127028568373
109.26397127530912	0.8199154161981852
106.70539349113756	0.7978475033936974
104.20691926171938	0.7746295780495558
101.76707589073129	0.7502291193718662
99.38439028359315	0.7246083851340757
97.05731646547522	0.6975990529231382
94.78448071715398	0.6693253216233899
92.56443270650497	0.6397744285627738
90.39572210140382	0.6089285979754777
88.27471958131603	0.5773302352392733
86.19961952248808	0.5450446597962895
84.17193926362008	0.5112650906501273
82.19051640632145	0.47588770111451595
80.25420886913157	0.43884012899575
78.36184127047143	0.3999881239057004
76.51221733983508	0.35915677900143805
74.70415878118573	0.31619804600282464
72.9365855844796	0.2711310530027191
