4820.458897908816	5.4122700086900295
4717.576691970487	2.6907749548568063
4617.263228067797	0.039426538365660235
4519.316619174516	2.318262137926922
4423.695331816885	4.404147121106234
4330.465687826726	6.405504338287301
4239.57314229491	8.324277815450841
4150.963150312318	10.162278505295944
4064.5811669698232	11.921183423396997
3980.372647358308	13.602534860385731
3898.283046568652	15.207739671146555
3818.2578196917307	16.738068641516293
3740.2424218184187	18.19465593244695
3664.1823080395975	19.578498600948933
3590.0229334461474	20.890456196484593
3517.709753128944	22.131250430729324
3447.188222178865	23.301464917747353
3378.3141296311173	24.263147650155815
3311.044256727864	25.03390018318123
3245.409323023713	25.74544882496184
3181.3598204217724	26.405624834694663
3118.5120867804085	27.173718175471777
3056.7811133303285	28.072667919793048
2996.50679029807	28.933054933042058
2937.6558708902376	29.754918688043972
2880.1951083134304	30.538220307740858
2824.091255774248	31.282842203166865
2769.3110664792903	31.988587747034217
2715.8212936351592	32.65518098281268
2663.588690448457	33.28226636892782
2612.580010125783	33.86940855734997
2562.7550286346377	34.40525296828764
2513.9833969211336	34.73827152560921
2466.3388264798186	35.033881111852224
2419.791178405852	35.29616702532621
2374.3103137943913	35.52914269801386
2329.8660937406	35.73674957146818
2286.42837933964	35.9228569964705
2243.545631217685	36.27735606166539
2201.577381943874	36.63128450892077
2160.5412857062065	36.96719182010088
2120.416835260912	37.28446040795666
2081.183523364216	37.58242652453464
2042.8208427723494	37.86038006155809
2005.308286241537	38.117564367498744
1968.6253465280113	38.353176081216134
1932.737690235048	38.54474212196419
1897.5796899080326	38.62074229480231
1863.1918618620007	38.675630572477985
1829.5556371295884	38.71145527504723
1796.6524467434326	38.730222625570605
1764.4637217361728	38.733896633982795
1732.9708931404477	38.72439899399592
1702.155391988894	38.70360899232287
1671.9986493141491	38.673363429282745
1642.297922158219	38.7146534589225
1613.1058263118991	38.79829785450886
1584.5247279254	38.8739380968816
1556.5418234698716	38.94078990107221
1529.1443094164629	38.99804145852795
1502.319382236325	39.044853310913595
1476.0542384006071	39.080358231944956
1450.289775140921	39.03075471411262
1425.0587881821252	38.966861825569254
1400.3514596533726	38.89243262524644
1376.1562100825483	38.80842245713416
1352.4614599975405	38.71576163290081
1329.255629926235	38.61535533958238
1306.5271403965182	38.50808355418292
1284.264411936276	38.39480096496584
1262.4558650733961	38.27633689913023
1241.0899203357658	38.15349525647832
1220.1549982512706	38.02705444860328
1199.521863370378	37.94695701352816
1179.2204665327681	37.89636372469329
1159.3201629956986	37.84209603779243
1139.8128547345275	37.7833911467078
1120.6761588986353	37.69683459784642
1101.8990823719955	37.57701274785302
1083.4917823833848	37.45202880037107
1065.4469424196343	37.32229457189828
1047.7572459675746	37.188206859489355
1030.4153765140368	37.05014736549356
1013.4140175458531	36.90848262601753
996.7458525498537	36.763563943123586
980.403565012871	36.615727320727615
964.3798384217355	36.46529340413133
948.6673562632786	36.31256742309313
933.258802024331	36.15783913828864
918.1468591917244	36.00138279099917
903.3242112522905	35.843457055774934
888.7835416928602	35.68430499582985
874.3994520111012	35.57206750225464
860.2598470450052	35.438126171133376
846.3782775269773	35.2929097354413
832.7560479729437	35.146105594723736
819.3884717644746	34.997840735596355
806.2708622831406	34.84823296829245
793.3985329105124	34.69739087100362
780.7667970281602	34.54541373620219
