4731.167076212839	6.102794488705058
4629.775834054764	3.877659479259364
4530.933943936314	1.7377627684904837
4434.583674941157	0.31849683727841693
4340.667296152951	2.292579408932397
4249.127076655368	4.185802894156495
4159.905285532066	5.999342198436807
4072.9441918667103	7.734228348830129
3988.186064742961	9.391347741331629
3905.573173244486	10.971441472151582
3825.0477864549516	12.475104752558309
3746.552173458019	13.9027864062341
3670.0286033373477	15.254788447312421
3595.419345176607	16.53126573641248
3522.5729855670625	17.58777043755481
3451.452173563548	18.455396100446023
3382.0801172481347	19.258618520756954
3314.404441418572	20.00529002997223
3248.372770872617	20.70313047555055
3183.3706726080036	21.615114155290485
3119.766564714526	22.55657645039264
3057.6756485204724	23.458635888402796
2997.06249794083	24.32087863226775
2937.8916868905785	25.142806369355412
2880.127789284706	25.923835937989452
2823.7353790381944	26.66329899263178
2768.6790300660255	27.360441707290647
2714.9233162831824	28.01442451645289
2662.3684070522877	28.524358283055108
2610.998719592181	28.91990730743578
2560.82828626512	29.276714988263166
2511.8250048727164	29.598774154737157
2463.9567732165847	29.890000379940147
2417.19148909834	30.154231832003006
2371.4970503195927	30.395229151882177
2326.5902434829004	30.72790352697075
2282.4831291100236	31.13580218767288
2239.3638480756717	31.52477317414059
2197.210375599496	31.893853785880083
2156.0006869011595	32.24203123186021
2115.7127572003164	32.568242410526636
2076.3245617166285	32.871373707954035
2037.7934351104032	33.11802135471703
2000.0666564916382	33.25896042127147
1963.17603893325	33.37698484413659
1927.1016486183896	33.474053151352564
1891.8235517301982	33.55207831483267
1857.321814451825	33.61292760675224
1823.5765029664185	33.65842247082992
1790.5676834571234	33.69033840783936
1758.2754221070854	33.71040487446112
1726.6797850994528	33.720305194434786
1695.5734583217807	33.80247646144312
1665.0142784339644	33.924645651636865
1635.1004987973502	34.037332279507154
1605.818242210242	34.1394536296134
1577.153631470944	34.22989673792267
1549.0584056343305	34.25346051161
1521.5406685916168	34.24347469492386
1494.6011522051563	34.22169778420766
1468.2273116148795	34.188996582205846
1442.406601960713	34.14621060633965
1417.1264783825873	34.09415197390683
1392.3743960204285	34.03360529514521
1368.137810014167	33.96532757397165
1344.40417550373	33.890048116197136
1321.1609476290466	33.808468444865525
1298.395581530045	33.721262222319865
1276.0955323466537	33.629075178469634
1254.2327975225046	33.539014032975956
1232.6314870098981	33.52010015178257
1211.4611226147426	33.49635151390635
1190.682678469047	33.419063642376614
1170.317032658935	33.33425354329722
1150.3573680507145	33.24414231358014
1130.795672227408	33.14904416643833
1111.623932772035	33.04925672810441
1092.8341372676173	32.94506094931205
1074.4182732971758	32.83672102089065
1056.3683284437327	32.72448429348913
1038.6762902903085	32.60858120141552
1021.3341464199244	32.489225190533034
1004.3338844156011	32.36661265012526
987.6674918603608	32.2409228485933
971.3269563372237	32.11231787280758
955.3042654292123	31.98094257087564
939.5897982975439	31.844364844942334
924.158071351647	31.674876671135053
908.8987840547759	31.553545262711964
893.9232621667012	31.43280409259819
879.2312885211173	31.310665473292715
864.8176715880702	31.18716074630106
850.6772198376059	31.062310959382444
836.8047417397714	30.93612680259173
823.195045764614	30.80860854651121
809.8429403821794	30.679745982703366
796.7432340625141	30.549518366425275
783.8907352756648	30.417894361610536
771.2802524916789	30.284831988124893
758.906594180602	30.150278571267677
