8213.747549104844	77.85369276017445
8049.607619195247	80.60255317243718
7889.5289114807165	83.24661963781364
7733.412530152264	85.78103551840468
7581.159579400875	88.20071483518768
7432.671163417563	90.5003410172626
7287.848386393315	92.67436581442234
7146.592352519133	94.71700837104481
7008.58051316546	96.28286204210144
6873.577404146941	97.15788638176036
6741.858089014882	97.90285827950083
6613.336097881348	98.52997498674677
6487.924960858403	99.05123189992992
6365.538208058122	99.4784220734432
6246.08936959258	99.82313585559086
6129.491975573842	100.09676064193263
6015.659556113978	100.3104807392674
5904.505641325053	100.47527733212883
5794.213012432458	101.42542732055426
5686.330022922845	102.39130432007914
5580.913578831263	103.31507450271738
5477.907907185027	104.1924690854712
5377.257235011473	105.0190959927595
5278.905789337914	105.79043935724303
5182.797797191684	106.50185908636968
5088.826831887765	107.0711509895009
4996.673379621989	107.08994840012929
4906.602252780171	107.04315435846866
4818.564735693408	106.93644648948293
4732.512112692797	106.77539495217798
4648.395668109429	106.56546216535435
4566.166686274392	106.31200258645822
4485.776451518784	106.0202625421366
4407.176248173699	105.69538010868928
4330.317360570229	105.34238504017185
4255.151073039463	104.96619874138742
4181.628669912498	104.57163428253489
4109.286634979004	104.35568588742217
4037.767089706521	104.46529937068681
3967.761688129999	104.56132371865897
3899.238560025153	104.64039947138599
3832.165835167708	104.69910057379684
3766.511643333378	104.7339341482575
3702.21853478221	104.70194334316466
3639.0774817469664	104.3264904180503
3577.2628793818503	103.92144596983053
3516.746915410482	103.48931348674637
3457.5017775564966	103.0325387797186
3399.499653543524	102.55350981297443
3342.712731095193	102.05455655751666
3287.1131979351303	101.53795086720675
3232.6732417869694	101.00590637700543
3179.3650503743397	100.46057842286109
3127.1608114208693	99.90406398247228
3076.032712650187	99.33840163603213
3025.952941785923	98.76557154582815
2976.89368655171	98.18749545343007
2928.827134671174	97.60603669290185
2881.2872274770716	97.2205445476684
2834.417865586082	96.95468747079121
2788.4693395301733	96.68465492736368
2743.423180298292	96.40790587884726
2699.209502823009	96.04208467425929
2655.769653139071	95.5221105394819
2613.179457676759	94.9915928453745
2571.422813262059	94.45152452640468
2530.4836167209646	93.90286718927177
2490.345764879461	93.34655100446639
2450.9931545635395	92.78347460770601
2412.4096825991865	92.2145050112581
2374.5792458123924	91.64047752510578
2337.485741029148	91.06219568785787
2301.113065075441	90.48043120722491
2265.4451147772593	89.89592390985285
2230.465786960593	89.30938170019499
2196.1589784514326	88.72148052807029
2162.508586075766	88.13286436444332
2129.4985066595805	87.54414518489148
2097.112637028867	86.95590296013256
2065.3348740096153	86.36868565289296
2033.827211040891	85.9239976313122
2002.779524843435	85.53167713671724
1972.213345505687	85.00465664859348
1942.1994968679853	84.4686698642729
1912.7333264204929	83.93154888251524
1883.8053701683882	83.39359021670839
1855.406164116846	82.85507309514333
1827.5262442710427	82.31625939097898
1800.156146636154	81.77739355653239
1773.2864072173566	81.23870256194414
1746.907562019828	80.70039583824473
1721.0101470487434	80.1626652248201
1695.584698309278	79.62568492127798
1670.6217518066096	79.0896114436548
1646.1118435459148	78.55458358491842
1622.045509532369	78.0207223796532
1598.413285771148	77.48813107281933
1575.2057082674282	76.95689509242186
1552.4133130263872	76.42708202589574
1530.0266360532007	75.89874159999397
