915.622182722401	21.972991388539754
890.6780651382626	21.372560244359533
866.4597519020091	20.801061884882415
842.9570311729477	20.24330747864269
820.1509354685855	19.698412335916032
798.0217019553663	19.166818429871228
776.5495677997307	18.648997953113508
755.7147701681209	18.145454509443425
735.497546226978	17.656724316359714
715.8711553978823	17.194803776343804
696.822636191731	16.749171557123248
678.334300268752	16.317069246227504
660.3873827375862	15.897534799751043
642.9631187068759	15.489641663359691
625.991223608597	15.074031682424561
609.4940094562846	14.664670698174689
593.465730656431	14.27581535387327
577.8974104383959	13.899456262188096
562.7759918371694	13.53430394792133
548.0878771482766	13.179981836408956
533.819468667245	12.836139069880346
519.9571686895999	12.502451416232987
506.487067812346	12.17913595908135
493.37777405891893	11.866534782554993
480.60335182611345	11.551427010775399
468.18577277492807	11.245002455143378
456.11506923875004	10.94723598904045
444.38127355096685	10.658121312527328
432.9744180449664	10.377671650223704
421.883369617024	10.107848840314261
411.09773602085255	9.849413488897596
400.6097349877114	9.59882602675583
390.4098078193638	9.355505412923549
380.4634986475217	9.110388506784602
370.7796262421899	8.869269714821883
361.3589319284969	8.635152429120126
352.1921391814768	8.411409561994645
343.27383253080666	8.195018525636186
334.59716396756573	7.9853479007057615
326.1550627196979	7.782151538398551
317.9404580151454	7.585199227884459
309.94627908185146	7.394277249056813
302.1608260513725	7.2094301768736955
294.56182762853103	7.024548623441319
287.16420852231244	6.845138970436352
279.9626650159958	6.671163901535579
272.95189339285827	6.502597668913296
266.12658993617873	6.339426522122608
259.4808786135102	6.182607240170796
253.00963679405402	6.0318499484132815
246.70825004335327	5.886025407162236
240.57159905256202	5.744861936954521
234.58524561380065	5.605106290243327
228.74652733556303	5.467333270570805
223.05837142994025	5.334973342771406
217.5171869087923	5.207434713310619
212.1193151691038	5.08424722336656
206.8608781955934	4.965318777942315
201.73799797297994	4.850567125796005
196.74671176135465	4.740063141441425
191.88281818637884	4.634291547620876
187.14298328397442	4.532284107373528
182.5118237794451	4.430226869140824
177.99770983602494	4.331691012327042
173.59792589704605	4.23679786069448
169.3091678204848	4.146145530639501
165.1288275866427	4.059161167946627
161.05405367043005	3.975691491517196
157.08195403364198	3.8956598599056633
153.20963663807333	3.8189979535235494
149.43400206161834	3.7459989094036388
145.7484583212848	3.675007294447596
142.14985595844607	3.6057645517409753
138.6405099230992	3.5396670371011965
135.2181179472365	3.4768268504233077
131.88036690175326	3.4173813148359216
128.62516445163195	3.3610971797619698
125.45030095981642	3.307947865565069
122.3535667892508	3.2579136283014662
119.33268146364026	3.2111032475383183
116.3852377229594	3.1672645581077035
113.50360411864423	3.124803448616177
110.69180685335812	3.08545262945006
107.94806301012312	3.0493357815523154
105.27064395071733	3.016488721639945
102.65780115910039	2.98698699909545
100.1077976389431	2.9608920824224185
97.61889430506125	2.938274972714723
95.18928475980319	2.91932917704699
92.81719573277121	2.904197689433957
90.49761661858003	2.8919738105924893
88.23117624943495	2.8837973975885376
86.0173619927098	2.88031619395079
83.85482534831284	2.8815839849843456
81.74167137302253	2.8886095152020914
79.67632476374581	2.901853928187407
77.6570247049533	2.922108406682696
75.68147740114729	2.951102195776116
73.74800862878028	2.9894952399802435
71.85104898771989	3.040679895089127
