3206.707042130936	3.7633497559249918
3136.102555782986	5.142739392146268
3067.33532435026	6.468526960859663
3000.3581059457856	7.739230014163468
2935.1236586825817	8.953242337954634
2871.584740673679	10.108833339182638
2809.6941100320973	11.2041474993689
2749.3309690635347	12.12312266497861
2690.4823418650176	12.91664992995743
2633.147275505011	13.654268973837134
2577.2830216675648	14.340617602073507
2522.8468320367265	14.980220783502546
2469.7959582965414	15.577490329789725
2418.087652131061	16.136724625863508
2367.679165224335	16.662108407613232
2318.335567186606	17.242813262271056
2269.929747638676	17.91964232626492
2222.7114025539186	18.56675368021979
2176.650791385615	19.182185485900845
2131.7108370942397	19.752454163033462
2087.801131825805	20.180726451888404
2044.962893705619	20.57548332807528
2003.1692347922817	20.938926688361107
1962.3932671443865	21.273191148276965
1922.6081028205335	21.580343753178795
1883.7868538793182	21.862383717022794
1845.9026323793369	22.121242188052975
1808.9285503791853	22.358782040253345
1772.8377199374618	22.57679768901903
1737.6032531127642	22.777014929044753
1703.0857204912377	23.009638174872862
1669.1776155520556	23.310718513133224
1636.035968210784	23.564910517641238
1603.6297650698941	23.75137078110515
1571.9731736096978	23.92018201710016
1541.0490420300573	24.07223448969262
1510.8402185308364	24.20837766903162
1481.3295513119006	24.329420009484238
1452.4998885731077	24.436128742016308
1424.3340785143241	24.52922968076348
1396.8149693354112	24.609407043563124
1369.925409236233	24.677303286065808
1343.648246416651	24.733518948862297
1317.9663290765302	24.778612516841804
1292.8625054157314	24.813100289791578
1268.302127608561	24.80981634281909
1244.1068985657223	24.84181869697727
1220.406190694693	24.881296058788735
1197.2260389991043	24.912871248865713
1174.5553369222562	24.936749520042326
1152.382977907449	24.9531108572354
1130.6978553979834	24.9621098181741
1109.4888628371616	24.963875381488037
1088.7448936682829	24.958510802229398
1068.4548413346474	24.94609347482492
1048.6075992795566	24.926674803395713
1029.1920609463118	24.90028007927856
1010.1971197782126	24.866908365502923
991.5978472506506	24.80456517805328
973.3893619374661	24.72306486357536
955.5694522939091	24.63646042060077
938.1278049771054	24.54591021417889
920.9478374614298	24.495885623121012
904.1022431187085	24.45347456828938
887.6090182707107	24.40820763812053
871.46085982471	24.359935018657325
855.650464687982	24.308490743183256
840.1705297678004	24.2536925852105
825.0137519714401	24.195341955513527
810.1728282061749	24.133223803247347
795.6404553792802	24.067106521150947
781.3984188941745	23.979297598204937
767.447090216531	23.881783361752014
753.7833502023539	23.780969964965948
740.400427713601	23.677412363619
727.2915516122303	23.571650059928913
714.4499507601988	23.464207025153996
701.8688540194637	23.35559162547679
689.5062276245781	23.260270249690848
677.3398521639571	23.18475470758972
665.4161321649425	23.10840124513345
653.7301922147677	23.03091339709482
642.2771569006659	22.95198416467872
631.0521508098713	22.87129594186291
620.0410208374573	22.773601600403538
609.2481462995903	22.67343072312343
598.6694030910049	22.57164263723621
588.3002773183521	22.468460311589865
578.1362550882825	22.364096805320116
568.1728225074474	22.25875520576915
558.4054656824983	22.15262856876558
548.8296707200858	22.045899861246824
539.4409237268604	21.938741906185044
530.2347108094735	21.831317329746298
521.2065180745766	21.7237785105865
512.3128612657408	21.631236952621123
503.56889391834966	21.541888526052958
494.98714525051497	21.44522149552489
486.5688456700275	21.348229504483868
478.31093249558387	21.250962722639088
