949.3449958394058	25.277190229050007
923.4258669318659	24.605546123829754
898.2948869754423	23.95391946927998
873.9212732745806	23.329732503025866
850.2769924048787	22.735976334217526
827.3434459992554	22.160281474369526
805.0955219484675	21.60094836357962
783.4397823409647	21.031383129087203
762.4058081222852	20.4700570745606
741.9926979887039	19.924245250695947
722.1783099022125	19.39965252872014
702.9423813496145	18.898947192944718
684.2715177513556	18.413579618251447
666.1476271956914	17.942719294377696
648.5526177708771	17.48556870676356
631.4683975651672	17.041364483300413
614.8495281916638	16.599590727832037
598.6698301833076	16.16222070895907
582.9501952871196	15.741859070307328
567.6802236921224	15.333650979062156
552.8467453902849	14.937313656832657
538.4365903735741	14.552588357618674
524.4365886339588	14.179241243889521
510.83357016340574	13.817064270978392
497.61146395281617	13.47065952082312
484.7593636534475	13.13614638961667
472.22209921555225	12.795529399713814
460.0333199188834	12.464064536013382
448.1835426267999	12.141880572340995
436.6630897910935	11.82905649316666
425.4619064766337	11.526314587791092
414.5683242296842	11.237069046617194
403.975517388883	10.956741229252827
393.6742133552511	10.684817810748655
383.6551395298086	10.420805665708542
373.89396832465764	10.159100439518284
364.38129242652394	9.899249987297537
355.12464899202257	9.64940897914289
346.1179187081625	9.408062290206146
337.3547741458854	9.174051860150485
328.8283144058662	8.947186196246008
320.5316385887809	8.727288889899881
312.45784579530425	8.514199153270454
304.5993054194879	8.308988947218182
296.9492772785059	8.111264555115667
289.4809985808915	7.912468389490726
282.2084904864967	7.7190008720658625
275.1280630232591	7.531373186684476
268.2345299219251	7.349611541573012
261.52215594361235	7.174672768021054
254.9859401067626	7.00629861539943
248.62135471102127	6.843449484185953
242.4233952142462	6.685895616155278
236.38705707429466	6.533419949648305
230.5012060428395	6.383853546866703
224.75700312743754	6.236950156094252
219.16087856358564	6.095065491814097
213.70915136940732	5.957916767026035
208.39801146318135	5.82544708898763
203.22364876318622	5.697608982496661
198.18206656237473	5.57467950502857
193.26938527004194	5.456749070792398
188.48220811704653	5.343103358252193
183.81683150980086	5.233555452883394
179.25971001893532	5.1248948805002215
174.81608363908796	5.0198958971244
170.4843583746251	4.919363129894606
166.26193611576298	4.822802016086172
162.14595879485807	4.7301652660244855
158.1335683442668	4.641413367762226
154.22182220402394	4.556658478283396
150.4078419560424	4.475912456646952
146.68896498999115	4.398828521243331
143.05893653704481	4.324273418898116
139.51396147630737	4.251867346794228
136.05639818944303	4.183274659949561
132.68414219902454	4.118341666501749
129.39501523593304	4.05704653956154
126.1868204585086	3.9994055956879606
123.05733125002916	3.9454928511863443
120.0043790217329	3.8952899862949835
117.02579909737271	3.8487789931548804
114.11891944146697	3.8058356322731868
111.2767957033288	3.7651118431909794
108.50296362978844	3.7283045844693987
105.79563993930546	3.6955872878722005
103.15307257726319	3.6670853697386576
100.57349279686335	3.6429588509053445
98.05501433577867	3.6235767948307824
95.59584512634467	3.609152585760043
93.19425845665897	3.5997932750253625
90.84809954291153	3.5963537463943425
88.55186684207467	3.5982044983361305
86.3070049029163	3.606923184032155
84.11176057229238	3.6242315704397896
81.96464353859454	3.650468144704547
79.86240258741744	3.6890425089989236
77.80294303329462	3.741368468322534
75.78106436572901	3.8142885502552275
73.79279233516893	3.912539454350622
