917.8319168950866	6.598039853636919
893.6431146557518	6.3998976883821115
870.1723083738646	6.209268654440962
847.3959633931198	6.025519661920271
825.2905450572084	5.848057137666274
803.8325187098255	5.676328331155787
782.9690060172263	5.4991122428946255
762.632901963743	5.3146084484943685
742.8782085007591	5.141558721304307
723.691740773572	4.974264723033173
705.0568845516037	4.812661571288629
686.9570256042751	4.656711762804946
669.3755497010072	4.506406140582669
652.2958426112222	4.3617648664362605
635.7006115588696	4.22395193396153
619.567239309345	4.102906690246357
603.871527686415	3.9808759289626323
588.5614869365387	3.8438283191187566
573.677310313936	3.7106761389946996
559.2071265342624	3.5817043408658833
545.1390643131756	3.4572184299862556
531.4612523663312	3.3375451955191124
518.1585293125954	3.228454024047039
505.22071764296845	3.1275327935275072
492.6385229848193	3.030930787241857
480.40065867185575	2.9381002689752904
468.4949145370242	2.8481941249031593
456.8649219427873	2.745016959150803
445.54807679773165	2.645120952835555
434.5346155239345	2.550940290855465
423.8147700919591	2.464936935039475
413.38292257389105	2.38272392901888
403.2309223529541	2.3041158352941693
393.3506188123722	2.228943507656993
383.7338613353684	2.157054640156673
374.3724993051657	2.088314321102928
365.25785798252576	2.0234756356246066
356.35636090524804	1.9567365152599905
347.6784122654011	1.8895866228876912
339.2271804158787	1.825164959271433
330.99670574485333	1.7635186775748366
322.98102864049866	1.7047070151967034
315.1741894909871	1.6488017165865188
307.56966957071575	1.596819404922286
300.1608963351635	1.5498820852147333
292.9434162622097	1.5055917588582304
285.91151014211636	1.4636720959868228
279.0506321516808	1.4209556852116236
272.3500267878714	1.3755695121348026
265.8196310262282	1.3324431238517036
259.45419151369333	1.293176842882474
253.2498316056887	1.2570781724003268
247.20274936665777	1.223337209881862
241.3087096538387	1.1918784722512612
235.56347732446977	1.1626364650091716
229.96281723578966	1.135556015850284
224.50223303503176	1.1110316173026717
219.17675961964989	1.0893978899240153
213.96763847265981	1.0645250760581746
208.88742845486667	1.0414872776560173
203.93294740138438	1.0203389680588373
199.10101314732623	1.0011420386231862
194.38829965383505	0.9842088633039054
189.79134520593018	0.9700895789316917
185.3075326379407	0.9579165934745788
180.93378492556093	0.9476058041930742
176.6670250444858	0.9390813450089581
172.50417597040973	0.9322758554838231
168.43388874160513	0.9250042654673223
164.45831146964878	0.9187361964210083
160.578669511136	0.914196388286797
156.79261571942715	0.911414748852323
153.09780294788217	0.9104272387334476
149.4918519947037	0.9113306205661189
145.9722324454766	0.9144857756239588
142.53688581104393	0.9194570813457403
139.18352394609997	0.926205945921069
135.90985870533885	0.9347005934820629
132.7098641798638	0.9438543496206222
129.58079931782123	0.9537366888402943
126.52531261225673	0.9654608087905103
123.54161846000436	0.9790932346259353
120.62793125789814	0.9947055376584188
117.78244239112422	1.012413979993255
115.00337155131625	1.0322917649680505
112.2889754040584	1.0543541220906434
109.63748372930903	1.0786680299721212
107.04713467361833	1.105291927288647
104.51423336017471	1.1337387183770744
102.03533311027084	1.1637268280944397
99.61269516592307	1.1964986634721413
97.24492584403292	1.2321750146313946
94.93058097363301	1.2709684022559458
92.6680580047147	1.3133703283685776
90.45584410149347	1.3597230102163138
88.2926732073247	1.4099465486864062
86.17661917953089	1.4651107639748204
84.10597776600588	1.5259088687158169
82.07795539076916	1.5918375355740721
80.08926177258294	1.6648411903376683
