9222.52714210576	137.976580213508
9041.662045502117	139.9769114278588
8865.191133957089	141.8796800552127
8693.015750325429	143.68495907855777
8525.037237461858	145.39260283760086
8361.156938221127	147.00224543889362
8201.276195457967	148.51329932677618
8045.2963520271105	149.92495401613633
7893.118750783291	151.23617498694512
7744.64473458125	152.4457027396702
7599.77564627573	153.55205200961973
7458.412828721459	154.55351113714914
7320.457624773171	155.44814158941062
7185.811377285608	156.2337776281006
7053.86971731202	156.14072476748152
6924.856956273715	155.65562145414196
6798.873757211704	155.0779511423184
6675.833538901366	154.42302216656572
6555.64972011809	153.70594617915503
6438.235719637251	152.94163811096723
6321.318366349487	153.19192908156674
6206.915231622232	153.46086586757747
6095.070822972291	153.70002409064728
5985.731429189465	153.90796372792738
5878.843339063567	154.08313072408282
5774.352841384399	154.22385642972995
5672.206224941765	154.32835710190648
5572.349778525468	154.3947334667928
5474.729790925318	154.42097034448716
5379.2925509311235	154.40493633535334
5285.984347332687	154.34438356706323
5194.751468919811	154.2369475010605
5105.540204482304	154.08014679675352
5018.027338532679	153.45923049975454
4932.275014917146	152.54823696509447
4848.391702154968	151.59227487745784
4766.330321362308	150.5985690869311
4686.043793655328	149.57424355099965
4607.485040150177	148.52632129617132
4530.606981963019	147.46172442024
4455.3625402100115	146.38727413237575
4380.56742224584	145.8394746205704
4307.064356717031	145.40890783125997
4235.076977923164	144.97586595297525
4164.5756660700445	144.5387156046454
4095.5308013634894	144.09576405202188
4027.912764009298	143.64525897967724
3961.691934213285	143.18538828728288
3896.838692181263	142.71427991023165
3833.3234181190383	142.2300016645604
3771.11649223242	141.73056111595633
3710.188294727219	141.21390547255464
3650.5092058092473	140.67792150104742
3591.919806172382	139.92038015429534
3534.389073807497	138.93665914861322
3478.022878588931	137.93321921538995
3422.795290236566	136.91340696190355
3368.680378470281	135.8805168493452
3315.6522130099556	134.83779114248318
3263.6848635754695	133.78841987721876
3212.7523998867046	132.73554084525676
3162.828891663539	131.68223959496459
3113.8884086258563	130.6315494473165
3065.709389119267	129.67507490667867
3017.8076107332527	129.02276512031062
2970.818086218971	128.3777227579983
2924.7242703208008	127.73855318574101
2879.509617783112	127.10383068680471
2835.157583350278	126.47209835249669
2791.651621766673	125.84186798262249
2748.9751877766703	125.2116199956954
2707.111736124645	124.5798033488802
2666.044721554971	123.9448354676274
2625.757598812019	123.30510218489667
2586.176063543981	122.56924736860515
2547.237852857401	121.66446453342246
2509.0320633796314	120.75307118048863
2471.544226135928	119.83655903624822
2434.759872151549	118.91639259449198
2398.6645324517526	117.99400906793403
2363.2437380617944	117.07081834766677
2328.483020006931	116.14820297027381
2294.367909312417	115.22751809242982
2260.8839370035134	114.31009147264831
2228.0166341054733	113.39722345988343
2195.751531643557	112.49018698856776
2164.0741606430192	111.59022757961202
2132.8681872799198	110.74335739406524
2101.8030404608608	110.08943573201236
2071.2858880536055	109.4439961848077
2041.3073556124355	108.80595062185625
2011.8580686916284	108.17419436009459
1982.9286528454627	107.54760610824928
1954.5097336282186	106.92504791511169
1926.5919365941766	106.3053651218138
1899.1658872976147	105.68738631813517
1872.1946036505315	105.0267147655552
1845.623851456411	104.25186790670023
1819.5178927769089	103.476834908451
1793.868539547102	102.70223793628327
