1556.4540070463577	40.69508168643381
1519.3663038976185	39.93747660947645
1483.2976730308706	39.20351330706194
1448.2207038429776	38.49133925452793
1414.107985730798	37.79907074659138
1380.9321080911955	37.124791905312804
1348.6656603210295	36.46655369019777
1317.2812318171614	35.822372911458956
1286.7279523703387	35.152167737593686
1256.990593023863	34.473617677321386
1228.0563043349016	33.80825410546311
1199.8997003709683	33.1572407227676
1172.4953951995763	32.52170663332788
1145.735234664967	31.933766682283817
1119.5736834274846	31.40188253202473
1094.097764219202	30.884896088965547
1069.2892877817512	30.381117583882315
1045.1300648567635	29.88883435094317
1021.5954048909448	29.395726072272964
998.6559082822521	28.88176440963491
976.3128008899232	28.376763293176964
954.5492579647878	27.881138074357636
933.3484547576785	27.39528097644711
912.6935665194247	26.919560457741568
892.5677685008591	26.45432057609173
872.9542359528122	25.999880354432435
853.7437112263308	25.590489715845024
834.9797577558811	25.20410167017178
816.6850659675458	24.826428409371715
798.8335578395968	24.433337531048664
781.4247904125914	24.04256067478559
764.4503572116888	23.658815044419384
747.8989776896049	23.282106549174955
731.7593712990553	22.912425125597906
716.0202574927548	22.549744286928387
700.6703557234184	22.19402067260893
685.6983854437618	21.84519359800089
671.0930661065014	21.503184604184185
656.8431171643501	21.167897007542535
642.8734445445978	20.853053381199345
629.2049093649247	20.542610133678863
615.8635536325575	20.23813625061581
602.8417118251053	19.939450604797003
590.1317184201789	19.646361251342228
577.7259078953872	19.358665106129195
565.6166147283415	19.076147623356405
553.7961733966497	18.798582472473925
542.2569183779225	18.525731214626205
530.9911841497704	18.257342978691554
519.9912165718466	17.993008145308806
509.2417154768606	17.719867014209285
498.743201764567	17.451111227351078
488.4667100290876	17.194790131094635
478.39062432490493	16.956308069511124
468.54638017214774	16.722496487436615
458.9287030871361	16.493070968951372
449.5323185861902	16.26773902460951
440.3519521856292	16.046199857620365
431.382329401773	15.828144129116822
422.61817575094074	15.613253722631555
414.0503039429406	15.394724552294122
405.6761078887507	15.176630529453178
397.49211163739335	14.961602772966046
389.493352824541	14.749804230307745
381.67486908586704	14.541388843698712
374.0316980570442	14.336501323685411
366.52628054824436	14.146364226495592
359.1801387681472	13.962039516528478
351.99668353658996	13.780793069860977
344.97223564679825	13.602301685631858
338.1009381182246	13.422614236542444
331.3799088617345	13.242715836991778
324.80721535017585	13.065168117497564
318.3793995793098	12.889990958282624
312.093003544898	12.71719799304924
305.94456924270224	12.546796442624299
299.93063866848365	12.378786947902626
294.04775381800357	12.213163402061383
288.2924566870235	12.049912781986563
282.65877280750067	11.88984450563487
277.11971675010136	11.73735135688841
271.6979909537297	11.585497727881744
266.3920500742208	11.4357324475354
261.199449903127	11.287998656783742
256.11774623199994	11.142235113226604
251.144494852392	10.99837606780207
246.27725155585492	10.856351140703111
241.51357213394073	10.716085196581446
236.8510123782012	10.577498219064154
232.28712808018855	10.440505184593462
227.8178149344352	10.30222701688649
223.44233082140198	10.1654247879396
219.15842744154563	10.030327253414356
214.95930562263067	9.898442412122819
210.8332637365144	9.772807435530268
206.7925208725407	9.648873741716983
202.83532443561063	9.526535353040202
198.9599218306256	9.405682894697549
195.16456046248703	9.286203500481747
191.44682900916126	9.166868541935827
