1189.8494803343647	1.1267298906626593
1159.5884119882217	1.1340771942900574
1130.2037503267184	1.14097126116269
1101.6677343274418	1.1463909147515778
1073.9441384384718	1.135504712995612
1047.0034104147428	1.1042783962791418
1020.8304404391267	1.0721423965936765
995.3991240322224	1.040608126567463
970.5987668464877	1.0425046132287434
946.4469419295585	1.0629322941629198
922.9692540915003	1.0840914133920023
900.146412054517	1.104827478308266
877.9585650093193	1.1230448185565365
856.3741472936101	1.117492130971641
835.3879473832648	1.1098975014296002
814.9818444213839	1.1009031707874328
795.1377175510696	1.0911227580788818
775.8374459154229	1.0811403711775256
757.0629086575468	1.0715097142257264
738.7190066368908	1.090724015657429
720.8555926096998	1.1144605344260867
703.4650042548154	1.125824898637461
686.5384001283021	1.1313198741046904
670.0657455909825	1.1354836537354913
654.0343193190231	1.1384354703383224
638.431399988589	1.1402739649796558
623.2442662758448	1.1410765273413972
608.4601968569557	1.1408986328896162
594.0664704080872	1.1397731766847983
580.0470241391329	1.1322167740747204
566.3341105300798	1.1384244974848912
552.970354211997	1.1464968485686313
539.9532801086482	1.153949737329981
527.2738427004094	1.160624319536737
514.922996467656	1.1663467563428753
502.89169589076295	1.1709277197278425
491.1708954501064	1.1741618945435448
479.74957482951254	1.1725688012595583
468.6182151850063	1.1651234401870738
457.77086953994126	1.1566815344818338
447.19893024230487	1.147693893518408
436.8593414239317	1.1505342118015847
426.7707471917465	1.1561097175859345
416.93544317273813	1.1610388381776602
407.34691974015203	1.1649877992128381
397.9969466470534	1.16476034825331
388.87939424947865	1.1606241526592385
379.9896109939777	1.155286969993881
371.32141056681695	1.1489033004446583
362.86860665426207	1.1416154533442864
354.6250129425788	1.1335531742842022
346.5844431180334	1.124833268947981
338.7224531581609	1.1217132986952834
331.0383148880611	1.1185786324381013
323.54079618347185	1.114012956393907
316.22574166058496	1.108595672202938
309.08864099557945	1.1023073894843662
302.1249838646337	1.0951198854271524
295.33025994392636	1.086995819783283
288.6999589096358	1.077888447053084
282.22892787599216	1.0666679742330416
275.9124483807384	1.0529182202405991
269.7471289360976	1.0384310696905459
263.7207944476039	1.025981499072742
257.8241898640635	1.0173522090107383
252.06712343213746	1.0081065013293369
246.4462633377217	0.998106035081122
240.95800501010058	0.9867480176774563
235.5984928147544	0.9729999869229289
230.365376069599	0.9583474126902445
225.2554601644965	0.9428539894288122
220.26555048930894	0.9265761510285131
215.39245243389797	0.9095628468440964
210.63297138812536	0.8918553151164019
205.98162521172213	0.8736238261737412
201.42461559266746	0.8579689890040072
196.97259671443186	0.8416676606227895
192.62317502273757	0.8246851983642784
188.37395696330708	0.8069816894530106
184.22254898186296	0.7885117774076491
180.16655752412737	0.7692244862026882
176.2031486956229	0.7483177255816713
172.33037104271753	0.7264760252992062
168.54598424843448	0.7038901905750947
164.8476731937672	0.6806185295791352
161.23312275970974	0.6567131970479778
157.69043708382833	0.6351089519209268
154.22655955595317	0.6125500491589548
150.84040875387146	0.5890499530866578
147.53033598880185	0.5647841874580308
144.29457983873996	0.5397325001130469
141.13137888168103	0.5138701966073995
138.03897169562035	0.4871679983870649
135.01540530080004	0.45926488545376287
132.0591278742468	0.4304793229210446
129.16844649572656	0.40088458969427165
126.34164266051148	0.3705053752117209
123.57099269099054	0.3410889016434737
120.8599391837569	0.3110165964417746
118.20822166045079	0.2799024742164562
