8007.816401650409	72.34636488252181
7841.88045458504	67.64578032348436
7680.226066232936	63.15037009454136
7522.727678288862	58.85171218875439
7369.259732447559	54.74169649373198
7219.696670403795	50.81252564747456
7073.912933852314	47.05671569121796
6931.782964487871	43.46709653425887
6792.977024868616	40.32132593756205
6655.67434703288	36.80555014226593
6521.692391525833	33.430515802896934
6390.956164572641	30.191943825670023
6263.390672398473	27.08572782762667
6138.920921228508	24.10793528543354
6017.471917287923	21.25480857698176
5898.968666801887	18.522765915323816
5783.336175995573	15.908402175224182
5670.499451094152	13.408489613221718
5560.383498322803	11.01997848297242
5452.913323906692	8.739997548441806
5348.013934071001	6.565854498554472
5245.610335040894	4.495036267780961
5145.627533041554	2.5252092683545015
5047.787748739355	0.9642967929098631
4952.173527150364	0.4302601342315029
4858.331860514321	1.9507054079253976
4765.967411746598	3.714748182454059
4675.699420451689	5.411127149365257
4587.482541327723	7.040990139650603
4501.271429072832	8.605384348590178
4417.020738385139	10.105255826417306
4334.685123962771	11.541449017540344
4254.219240503858	12.914706348312393
4175.577742706528	14.2256678630215
4098.715285268908	15.474870907482
4023.5865228891216	16.66274985916789
3950.1461102652997	17.789635902524424
3878.348702095576	18.855756847632165
3808.040040206983	19.693602421139076
3739.2311066282714	20.389713163639954
3671.9355571307356	21.034793184485807
3606.11222837031	21.635114188596162
3541.719957002916	22.196854868795526
3478.0284408199645	23.04143537361483
3415.679156482988	23.86158878316087
3354.6604365126104	24.649747113099465
3294.9444842713315	25.405674336179118
3236.503503121665	26.12907527810944
3179.309696426121	26.81959537391731
3123.335267547207	27.476820446608826
3068.55241984743	28.10027650798338
3014.933356689301	28.689429581360628
2962.450281435331	29.243685545719018
2911.061104827515	29.74025261736824
2860.6603339783082	30.05799827416422
2811.3148262523073	30.342699234059864
2762.999385149634	30.597557472708104
2715.688814170407	30.825720831237504
2669.357916814746	31.030282918863804
2623.981496582769	31.214283031192736
2579.5343569746	31.380706083047244
2535.6326910042344	31.69245853072198
2492.51882610941	32.032569366045436
2450.2709146664843	32.35771645862292
2408.8716818867197	32.66717247856491
2368.303852981372	32.96017500560151
2328.5501531617047	33.23592639045796
2289.593307638974	33.49359362668042
2251.416041624439	33.73230823280073
2213.981870407129	33.92122010899175
2177.2427800150717	34.011416229109045
2141.233392974263	34.082794807702385
2105.938069334864	34.13689991702904
2071.3411691470346	34.175243692080585
2037.4270524609378	34.19930624283484
2004.1800793267362	34.21053557499408
1971.5846097945905	34.21034751887987
1939.6250039146612	34.200125666040776
1908.285621737111	34.18122131308132
1877.5508233121022	34.15495341208589
1847.1482746548857	34.234118330045476
1817.2860946777305	34.32243745563528
1787.989424647091	34.40340730123057
1759.2473691682603	34.47617967346514
1731.049032846526	34.53988516588083
1703.3759851042605	34.581813224848474
1676.1870200011874	34.553474120716146
1649.5102432671385	34.51509102922796
1623.3358027544066	34.46734947563732
1597.6538463152854	34.41091589196219
1572.4545218020692	34.3464375437261
1547.7279770670505	34.27454246117122
1523.4643599625215	34.195839374899265
1499.653818340776	34.11091765584172
1476.2865000541085	34.02034725943463
1453.3525529548115	33.92467867383573
1430.8421248951768	33.82444287196222
1408.7453637274987	33.72015126711506
1387.0524173040715	33.61229567186888
1365.6976069534862	33.52496514970369
