2680.0993727477426	14.78885799636737
2615.9023763240593	14.220307517277206
2553.452613913842	13.687096945840494
2492.7043371281384	13.184431129579934
2433.611797577987	12.707474020716973
2376.129246874437	12.251347347345472
2320.1988224623383	11.791617416641884
2265.7458736864587	11.276737999507986
2212.769889676146	10.774544593881728
2161.2286093390107	10.285603106418193
2111.079771582665	9.810436665745101
2062.2811153147168	9.349524388345571
2014.7903794427734	8.903300147897426
1968.5653028744462	8.47215134791827
1923.5636245173464	8.056417696891003
1879.5182374115293	7.743051952070573
1836.5573036666128	7.425394640470813
1794.6971413296467	7.091214764654069
1753.9258084842058	6.767243641670575
1714.2146389389302	6.4531812965651625
1675.5349665024653	6.148698142011426
1637.8581249834513	5.853434099179367
1601.1554481905332	5.566997718842231
1565.3982699323515	5.288965303128975
1530.5579240175516	5.018880027955447
1496.605744254775	4.756251065847096
1463.4905777839076	4.464131610767367
1431.0736721732708	4.225519192073534
1399.4153377978566	4.01536422510992
1368.5472685988448	3.813419832272416
1338.4497682518818	3.6189634515338867
1309.1031404326154	3.431251196192761
1280.4876888166946	3.249517221079259
1252.5837170797683	3.0729730875141286
1225.371528897484	2.900807127333678
1198.8268733749908	2.7247865533803406
1172.9217325591903	2.530524608018368
1147.650786277136	2.340479800442722
1122.995504680636	2.155639648532542
1098.8939555888667	1.9931913182892913
1075.2906038074445	1.8678183195282827
1052.2535075626274	1.7480314090321372
1029.7689744075326	1.632926626344556
1007.8233118952817	1.5215840484435148
986.402827578992	1.4130673250338077
965.4849880534817	1.2920175952435784
945.0621468354093	1.1673044430689288
925.1248660892662	1.0448719352781382
905.660279285834	0.9250627693985507
886.6555198958933	0.8082027380452246
868.0977213902245	0.6946002821168804
849.9740172396091	0.5845460421850248
832.2058917024737	0.5023843029233603
814.8285878966401	0.4306427824952834
797.8495197702435	0.356581917095923
781.2562752481404	0.2747445062519773
765.0455365776885	0.19452947303852852
749.2082383386247	0.11593319301249494
733.735315110687	0.03894028791978599
718.617701473612	0.03647670521024793
703.8463320071387	0.11035766663309232
689.4121412910034	0.1827552281048952
675.306063904945	0.2537351088245714
661.5183946590905	0.32442558778865305
648.033650588733	0.40165167733010776
634.7934599361043	0.456506228408216
621.8482168355163	0.5096627089196772
609.1914528685397	0.5613244518248166
596.8166996167469	0.6117032817792278
584.7174886617092	0.6610197632635959
572.8873515849994	0.7095034505333615
561.3198199681893	0.7573931393138764
550.0079437496894	0.805729709598495
538.942211913226	0.8597810392352585
528.1200586459546	0.9133949262319447
517.5353289471491	0.9663325976512738
507.1818678160818	1.0183649563188624
497.0458676247566	1.0665862318546147
487.0962538067623	1.1020716057517461
477.36116575870244	1.1366824768804804
467.8359196830889	1.1707414298850836
458.51472190246477	1.2064110429519133
449.39241680214036	1.2448096854932942
440.46624733187366	1.2830992178287488
431.7317598802132	1.3212492547363581
423.1845008357092	1.3592363370228782
414.82001658691024	1.3970441207206363
406.6338535223658	1.434663567906
398.621558030625	1.4720931392039915
390.7786765002373	1.5093389880915424
383.09072180571684	1.5467546547506004
375.5439488078281	1.5771309618200462
368.1548968487434	1.6072763103916827
360.9202950329091	1.6372822461653982
353.8368724647715	1.667245352072996
346.9013582487762	1.697267393574009
340.11048148936914	1.7274554654694043
333.4609712909964	1.7579221402235135
326.9483656321375	1.790768058969718
320.5706130607828	1.8240894964294796
