1296.7491476903274	21.145596694918822
1265.0313885211642	20.60136945827594
1234.2066550637967	20.070852255096042
1204.24692688284	19.55400447262525
1175.1241835429046	19.05074678422659
1146.8104046086066	18.560960011910197
1119.277569644557	18.084483989214164
1092.3784591409883	17.651216727388714
1066.1442127215366	17.225844075189457
1040.6208686157893	16.81189934544898
1015.7893664590542	16.408900100731444
991.6306458866379	16.016339020059945
968.1256465338467	15.63368308418569
945.2553080359888	15.260372759096299
923.0005700283721	14.895821178295137
901.3423721463032	14.539413324120233
880.2566618363866	14.182358849378602
859.7200628230851	13.816929052487467
839.7189761195646	13.462056720916053
820.1368544144736	13.154920543462026
801.0644320600787	12.856626568076308
782.4885531320601	12.566448108420673
764.3960617061014	12.283640106663086
746.7738018578827	12.00743854059965
729.6086176630879	11.737059828292445
712.882889769174	11.46439063358656
696.5827611162518	11.187448758498078
680.7013997411166	10.91574285684203
665.22642479985	10.649678244632923
650.1454554485329	10.38963982504606
635.4297240952529	10.141873136810148
621.0254687737207	9.921510084939825
606.9817969329595	9.706765227590438
593.289504751115	9.496809194117077
579.9345724937538	9.28288153439388
566.9109862640993	9.06935989806152
554.2121486485053	8.859655883611765
541.8294104816214	8.65379579113926
529.7541225980942	8.451791616539367
517.9776358325736	8.25364062757177
506.49130101970746	8.059324937606618
495.28646899414514	7.868811076846953
484.3412773318701	7.685215575179711
473.6187170739087	7.51202426663491
463.15477118370984	7.342274434246292
452.9433012894378	7.175800509803139
442.97816901925376	7.012427059883123
433.2532360013218	6.851968471600628
423.7623638638054	6.694228635882723
414.499414234867	6.539000628380052
405.45824874266935	6.386066388061465
396.63004633094266	6.230751458383338
388.01111334628126	6.076860606371838
379.596111130369	5.925466128024198
371.3728721602678	5.7789378069900295
363.31390598838976	5.64481918671396
355.4429940521542	5.513189646375025
347.75571309472843	5.383751850175571
340.24763985928024	5.256200614690954
332.9125935470378	5.127298783443905
325.7476824916268	4.999269474670598
318.749118030722	4.872838694815755
311.91269032237824	4.748024055331541
305.2341895246493	4.62483485254009
298.70940579559004	4.503271826138445
292.3341292932542	4.3833269153580545
286.10204378769424	4.2653963952673735
279.98826825404126	4.153873467962342
274.01262213448643	4.0438205092734165
268.1720258213195	3.935145420088247
262.46339970683033	3.8277503266804445
256.88366418330907	3.721531398382922
251.42973964304522	3.616378663197679
246.0985464783284	3.5121758213626606
240.8862857677743	3.4075934767161016
235.7904277717643	3.3034228857053733
230.8082796407885	3.2001766180733853
225.9368786544872	3.0979081962673547
221.17317151315606	2.9966931897617712
216.4983900622043	2.901591293634425
211.92615621597866	2.8073355777198685
207.4536762271218	2.712903433132851
203.07906548621352	2.6187976877442054
198.80028235989724	2.5252530812802547
194.61511944024838	2.4322205549653404
190.52136931934305	2.3396461701047713
186.51682458925686	2.2474709611565515
182.59919520076713	2.15549106015672
178.76603451534208	2.0632319881750334
175.01554292888864	1.9713081269062798
171.3454855074142	1.8797758352257006
167.74291683273634	1.7919505239119928
164.21708030994714	1.7043543172794813
160.76628164326567	1.6168276815073028
157.3886446527367	1.5288982395274928
154.08276449055924	1.4408898883239658
150.84700822979414	1.3527357823521982
147.67974294350248	1.2643651038769121
144.57933570474532	1.1757029432637722
141.54411007613552	1.086596016608766
