10158.918344229263	107.218535560497
9951.822490813516	101.30313528194256
9750.006239052136	95.6493106684602
9553.318824043967	90.24342383519252
9361.609480887819	85.07219597225048
9174.727444682532	80.12270878474465
8992.521950526927	75.38240567393586
8814.842233519827	70.83909267478066
8641.537528760056	66.48093916831658
8470.777059519161	61.47473946955597
8303.337575897847	56.64174647562868
8139.588101233478	52.45642352842697
7979.745335129328	48.44994637223863
7823.720277114748	44.6155628835304
7671.423926719084	40.946719641217896
7522.767283471672	37.43706325858966
7377.661346901856	34.08044158537177
7236.017116538971	30.870904780190358
7097.7455919123695	27.802706254475652
6962.757772551382	24.870303489743947
6830.964657985362	22.068358731193257
6702.277247743642	19.391739561512622
6576.6065413555725	16.835519359994123
6453.863538350486	14.394977653148544
6333.959238257734	12.065600364363036
6216.757951140629	9.914128011323555
6101.150271707695	7.894208247182178
5987.492662272405	5.662354510931436
5876.368945543782	3.520660951026912
5767.725868114068	1.4666298134347926
5661.510176575498	0.5021225539571788
5557.668617520305	2.387865056005012
5456.147937540731	4.192751262638467
5356.894883229018	5.918818879038099
5259.8562011774	7.567989273445164
5164.978637978113	9.142067062100978
5072.208940223396	10.64273975038077
4981.493854505496	12.071577428872388
4892.780127416636	13.430032522624515
4806.014505549065	14.71943959135524
4721.143735495014	15.941015177938425
4638.023705147435	16.95665270689824
4556.5807620689075	17.735894044749784
4476.879252819291	18.45971539975335
4398.396606135138	19.35725179670817
4321.125573541763	20.416519815928496
4245.4708318389985	21.43409771676488
4171.40005813739	22.410417102156316
4098.88092954748	23.345843124706334
4027.881123179805	24.240674182430666
3958.3683161449017	25.09514164063694
3890.3101855533114	25.909409579970088
3823.674408515576	26.683574570451583
3758.4286621422325	27.41766547125735
3694.5406235438177	28.11164325572281
3631.9779698308726	28.765400860990212
3570.70837811394	29.378763061414247
3510.6546985262485	29.882359175402144
3451.7435265734507	30.212418842428633
3394.0321190936625	30.50665437904445
3337.4911370390987	30.76923123893789
3282.0912413619644	31.00425353967148
3227.8030930144746	31.215763993569453
3174.2067177567415	31.585198997768202
3121.477517931066	32.022886245106065
3069.7854195133577	32.442069451862835
3019.110509150731	32.842307093546424
2969.432873490294	33.22311847390165
2920.7325991791577	33.58398356913176
2872.98977286443	33.92434288419054
2826.184481193224	34.243597321099514
2780.296810812652	34.54110805915866
2735.3068483698225	34.816196446902495
2691.194680511844	35.0681439055013
2647.863575831272	35.176945673166074
2605.3638668960975	35.25075260250651
2563.6856033075737	35.304192036559016
2522.8107332865266	35.339284327739506
2482.7212050537864	35.35801389752032
2443.3989668301833	35.36232916913764
2404.8259668365445	35.35414250897429
2366.984153293698	35.33533017601326
2329.832013302342	35.31812539695352
2293.0278890402415	35.44745791137461
2256.9054318437225	35.56909746723295
2221.4521777446666	35.682319271085134
2186.6556627749505	35.78637512696423
2152.5034229664525	35.88049334371226
2118.982994351051	35.96387864798862
2086.081912960625	36.035712102922616
2053.775578433215	36.076198137744086
2022.0207219125377	36.036324823091036
1990.8491990389218	35.984390840657625
1960.2497281521028	35.92133286733565
1930.2110275918158	35.84806628942624
1900.7218156977942	35.76548513755233
1871.770810809772	35.67446202641372
1843.3467312674838	35.57584809925174
1815.438295410666	35.470472976873225
1788.034221579051	35.35914471102524
