2282.591164211372	39.813563019596586
2224.929251648061	39.130424334046666
2168.9303374244582	38.46068842744626
2114.541729039899	37.80647699290239
2061.674603058721	37.228243238125515
2010.3145314637193	36.66654825379828
1960.4130110397505	36.11693291068059
1911.9205517202913	35.57658744027344
1864.63648081583	34.98451529384488
1818.5886996068366	34.368028309454985
1773.8214890145528	33.76064761860334
1730.2980132979346	33.16464298629194
1687.9660719032433	32.60716578396955
1646.794391275771	32.08159766552649
1606.7595616374165	31.568632005052677
1567.8270236023543	31.067022811055494
1529.9622177847618	30.575565961668303
1493.1305847988142	30.09310046097164
1457.2917996959154	29.6163174380938
1422.2607330289798	29.08698219687585
1388.1633209634733	28.573495507053963
1354.9635723679323	28.09429720018568
1322.6516456643644	27.625467910547854
1291.20316037637	27.16667401029747
1260.5937360275536	26.717611273568423
1230.7989921415165	26.27800580754638
1201.7945482418609	25.84761498712828
1173.5560238521887	25.42622839313549
1146.0590384961033	25.01366875447036
1119.240253117439	24.619643223473645
1093.0280847626743	24.201619836039526
1067.4934996652137	23.79104686647736
1042.6191094781896	23.388125976881383
1018.3875258547355	22.993080309071843
994.7813604479821	22.60615518245652
971.7832249110609	22.227618796139154
949.3757308971049	21.857762935018627
927.5345200660981	21.508267900780083
906.2474107786938	21.170995010346132
885.5003210570428	20.840919515754763
865.2544008572823	20.508813813202664
845.4585330004654	20.161027344563877
826.1580368374637	19.819364133391787
807.3403675973292	19.48433110553765
788.9929805091111	19.15645211654396
771.0987940732538	18.843687985830684
753.6482185043101	18.541772237009127
736.6313863054465	18.24690394055949
720.0363796868384	17.95865141412264
703.8512808586596	17.676600948697455
688.064172031084	17.40035733635699
672.6516007263625	17.125384602704173
657.5687308800644	16.83950023898103
642.8475246552138	16.565854515028036
628.4821381986193	16.299675227739556
614.46479619526	16.039366304080147
600.7868105306765	15.784841320938824
587.4394930904086	15.536026875357834
574.4141557599971	15.292862987896115
561.7021104249814	15.055303509623457
549.2942337916272	14.824032679745187
537.1794902969531	14.602898935270844
525.35043096727	14.385935068552612
513.7629104521392	14.159973681152906
502.4483555362733	13.938527147228513
491.400353192465	13.721735668935366
480.6124903935088	13.509749307954962
470.07835411219776	13.302728299780881
459.7899171348721	13.103509357385235
449.74184972484045	12.910487762591686
439.9287435559781	12.722196541511835
430.3444521508199	12.538397906589864
420.98282903190005	12.358865009194972
411.8377277217527	12.183382259162613
402.87902259228764	12.003504513547398
394.12077555802	11.82770565934129
385.56243749039476	11.657412821124183
377.2002169573591	11.49125033840545
369.0295191631135	11.329180860352494
361.0457493118581	11.171174961311522
353.2443126077927	11.017211388335227
345.62061425511723	10.867277311785358
338.1693355035337	10.72257251424793
330.8862914091363	10.58242171795797
323.7674698704658	10.445869704037392
316.79523227358914	10.308268601455325
309.97227826044076	10.171809320111294
303.3018382853065	10.038843777251913
296.7803751194956	9.90957583677286
290.4037597091187	9.785203863248029
284.16935745128615	9.664439286272085
278.07380546438407	9.547214248301799
272.1137408667984	9.433467471085407
266.2858007769158	9.32314445724387
260.58662231312263	9.216197694805373
255.01239082939773	9.113343498281324
249.5529084104551	9.011408043874042
244.20586600573927	8.910396085217343
238.97546514757374	8.81256727606413
233.85911985198342	8.717979200267678
