2560.9316520896054	22.669861164625217
2463.556441371416	21.873228608306135
2370.484653751396	21.09916363155378
2281.5214376147487	20.35020044100827
2196.471941346684	19.628718760202787
2115.1413133324068	18.936936681540942
2037.3347019571256	18.27690359885321
1962.5447432040528	17.822791978968098
1890.6314591249316	17.25724983097882
1821.7523908551939	16.710013120687165
1755.778459166962	16.181383686158995
1692.5805848323575	15.671556281958203
1632.029688623506	15.180613655987827
1573.9966913125281	14.708521664435636
1518.343433223616	14.26188332229799
1464.5664045034973	13.868752101266864
1412.946221186356	13.474103452787404
1363.4099038441218	13.094044702581414
1315.8710525129818	12.727757012800907
1270.243267229121	12.374343644008832
1226.4401480287274	12.03282653516328
1184.375294947986	11.702142900878869
1143.8828398466444	11.339243784075279
1104.7642842407472	11.047080705773908
1067.1595726325813	10.76716584538417
1031.0101986867464	10.49829102779529
996.2576560678438	10.239193555154316
962.8434384404726	9.988553783477471
930.709039469235	9.744992703136916
899.7927301905197	9.50300350490511
869.9645950671071	9.198143659136889
841.1375707541014	8.986124792619847
813.3825791681264	8.783696155145748
786.6595464115909	8.589515854503532
760.9283985869013	8.402201845534819
736.1490617964657	8.220330190820306
712.2814621426912	8.04243331962087
689.2632886143753	7.8388614381786965
667.0563853571332	7.610451003386771
645.5701763242525	7.447211582694621
624.846195396882	7.296957719944999
604.8642043881797	7.152872949159871
585.5964297689866	7.013643599880055
567.0150980101447	6.877924928905742
549.0924355824947	6.744339846790325
531.7733280101778	6.57677639816194
515.0571449283389	6.4082113194287444
498.88704012138896	6.270912116107212
483.25330479004236	6.1565372357123636
468.1598239852216	6.046836944709838
453.587094380692	5.940619374693114
439.5156126502219	5.836669333937039
425.91959218069474	5.725749532358691
412.77161509823884	5.596506490830961
400.0692661044087	5.469395417800996
387.7867700515345	5.352085270021007
375.8842659126567	5.262413900445864
364.3796267163441	5.176324223439224
353.25899777796036	5.092777515026867
342.5085244128702	5.010717365098529
332.10399444338134	4.915838381702287
322.0389059818351	4.81642502809153
312.30507865607495	4.718613018833409
302.89019511381025	4.6232390851102
293.7607691043308	4.54636847488932
284.92107387869305	4.476824665397899
276.3674901857497	4.40912722056828
268.0880380438491	4.3398146116237655
260.0669508637966	4.260550521206454
252.30335465622247	4.18207521192781
244.78835027361046	4.1048359952787905
237.51303856844493	4.0292671931265005
230.46239061659293	3.9601730488626714
223.62122947903595	3.9024331571315543
216.9952121140585	3.846024981730949
210.571742875841	3.7833413598065704
204.34791870629095	3.719229712098354
198.31878799835135	3.6558987603452096
192.47783712985796	3.5935383285554536
186.818552478647	3.5323280785385336
181.33442042255382	3.4724371098626463
176.00725922638236	3.4222942056467858
170.83961089751952	3.3709720205885176
165.82754671841624	3.3170452562625528
160.96871183872688	3.2637737667075015
156.2582702560213	3.2112063302769656
151.69138596786811	3.1593839421422842
147.2632229718372	3.1083394990886077
142.96894526549724	3.058097479294098
138.79760397992388	3.0106017271723076
134.74486322121209	2.9639748638452232
130.81332577060667	2.9180196932175946
126.99935062587593	2.8726972194669216
123.29929678478848	2.827962378663649
119.7095232451127	2.7837637869471763
116.22638900461718	2.7400434842962085
112.84526512717201	2.6954493104825232
109.56049898161879	2.6509951179811537
106.36772700461009	2.610281154496498
103.26853157628517	2.5701780700980024
