10414.251686463647	42.54929956569367
10081.260775901232	44.617278616334715
9761.50346694341	46.64120649405913
9454.460598424688	48.5956385416639
9159.613009179599	50.454408649897914
8876.441538042654	52.19062355213464
8604.427023848384	53.77665827916917
8343.050305431298	55.18415273877258
8090.890914151531	55.29541937902354
7847.208997381133	53.812885876074006
7612.727245399403	52.205524934075584
7385.648601072757	51.64905027298914
7165.356448249465	52.383125467083346
6953.159712757253	53.12499181090607
6748.767497273201	53.85760733167103
6551.888904474373	54.56354657226029
6362.233037037846	55.2249976490898
6179.508997640685	55.823759791367365
6003.425888959968	56.341241353130954
5833.69281367276	56.75845827911962
5668.868105722805	55.66061965279164
5509.730483465855	54.324034654668594
5356.162341813601	52.93871625944212
5207.245865810382	52.085870407786615
5062.276506554565	52.17773816747399
4922.247681152655	52.29183645687908
4786.994332282804	52.41676630401025
4656.351402623153	52.54092198020794
4530.153834851855	52.65248942745143
4408.236571647045	52.73944488969573
4290.43455568688	52.789553745764465
4176.5827296495	52.790369537270294
4065.93275579253	52.01925637407237
3958.712264317767	50.940815599252346
3854.993578273679	49.83087031179434
3754.642147598636	48.71334416654099
3656.8882469049877	48.10824196004887
3561.736946219168	47.92940351405298
3469.6015430054376	47.77207553883011
3380.387125686112	47.62863748314521
3293.9987826835018	47.49135525920303
3210.3416024199228	47.35238036920498
3129.3206733176858	47.203749120793645
3050.841083799107	47.03738193029858
2974.8079222864967	46.84508271098525
2900.655515929711	46.0432370749071
2828.7514739715643	45.188297132856405
2759.0396686939994	44.319131735192514
2691.442515122416	43.44830225920873
2625.858091502391	42.60717311511121
2561.5471641750173	42.32159834506945
2499.1360837607126	42.05703695349996
2438.5695050775867	41.80845023109168
2379.7920829437544	41.57073627563125
2322.7484721773258	41.338729450061805
2267.3833275964153	41.10719988038409
2213.641304019133	40.87085299339799
2161.4670562635924	40.62432909353652
2110.622080662357	40.1375025165986
2061.1133178300483	39.481119307495305
2013.020385139533	38.815162696670484
1966.2979002013878	38.14625803885451
1920.900480626196	37.480978095300884
1876.7827440245337	36.82584269668553
1833.5300433653683	36.47203271931761
1791.3997508176935	36.19223915325375
1750.4334221976346	35.92578075597237
1710.5983062094251	35.66926001371121
1671.8616515573067	35.41924303295309
1634.1907069455144	35.17225922494475
1597.5527210782857	34.924801008723705
1561.9149426598597	34.67332353240499
1527.1106465935686	34.2492097426682
1493.1846313484598	33.744252754437866
1460.1694557847447	33.235232714516826
1428.0381770457948	32.725624310954856
1396.7638522749776	32.21887201140396
1366.3195386156635	31.718389833555875
1336.6782932112214	31.22756112853466
1307.5401362189505	30.95879142738943
1279.1527539296271	30.70493592708857
1251.5005796267637	30.46058463783129
1224.5639333294353	30.223457261941917
1198.323135056723	29.991252164460036
1172.7585048277015	29.76164617579161
1147.8503626614524	29.532294403246794
1123.542057881037	29.25510305961194
1099.766849753579	28.869420106321513
1076.5930724705956	28.481667207417672
1054.0044758533652	28.093661020828677
1031.9848097231636	27.70720052542316
1010.5178239012675	27.32406686321076
989.5872682089533	26.946023188361096
969.1768924674981	26.574814522797
949.1765086228336	26.28358876814886
929.5851308459876	26.06235360590759
910.470934706032	25.848585876935857
891.821904376371	25.640748108264177
873.6260240304081	25.43729006691524
855.8712778415465	25.23664863190217
