2198.2671192707116	20.20746231248711
2108.07456593441	19.592674468371797
2021.97897439527	19.00584303213759
1939.826911577416	18.419343666946588
1861.4365127813276	17.841302968119123
1786.625913307477	17.2800079324316
1715.213248456343	16.743914439604055
1646.9001601469063	16.38783558983664
1581.639445363504	16.050926868386455
1519.0565496401018	15.552927461812715
1459.2384046370885	15.06105295708511
1402.0570316282044	14.582494280980484
1347.377753694589	14.132987136700422
1295.003085006946	13.80738482442581
1244.896891190543	13.497851713396699
1196.855496914859	13.126604701865688
1150.804542554618	12.712008493106737
1106.7169476435258	12.307515457482111
1064.4936172651733	11.929485985008114
1024.0017965707043	11.636809157261041
985.2119923735484	11.358388476440041
948.0340331271618	11.08074423667341
912.2998507284054	10.732983879516098
878.0418912438181	10.392458677556249
845.1873241064458	10.073725883628953
813.6449966573875	9.81457371654571
783.3913584078516	9.567503911580616
754.3682890119205	9.328713194952599
726.4774816409367	9.064914164435152
699.6698080548761	8.779119306009534
673.9277464329755	8.511097221220439
649.1886381427892	8.284472109083424
625.4333979289862	8.067766249021616
602.6197622954371	7.858875752444192
580.7054677460109	7.655750338313311
559.5991694010361	7.420488222854004
539.3036782069435	7.197032601665029
519.7813448607608	7.001413377654075
501.01594623334324	6.813684735771375
482.9763981840107	6.632790109804034
465.6316165720814	6.457714339248184
448.939088329533	6.279165094677495
432.8475563458792	6.094525152833455
417.35699964818286	5.927369082829088
402.45289201148705	5.766315118611672
388.1120995056156	5.610961150202058
374.3114882003898	5.460937503014904
361.02792416563454	5.315908517374609
348.21303170818373	5.17089060806191
335.860280362402	5.029381602598164
323.9648403336548	4.8925258028572784
312.50931311454394	4.760310705995067
301.47630019767024	4.632749540399615
290.84840307563536	4.509882537167215
280.5992916989679	4.399246880388034
270.70471336176945	4.280257131147607
261.1689477479294	4.164808178810318
251.9787448808221	4.053135243627494
243.12085478382102	3.9454943171136563
234.58003601973462	3.8447212496475203
226.34201693611345	3.7524345914835777
218.39024111906338	3.657499103093869
210.71586696261272	3.561242249281449
203.31442002298462	3.468114264363436
196.17569565902167	3.3784870319844487
189.2860335741288	3.2972061149964063
182.63922741651862	3.219530107911119
176.22475441529954	3.143542063127178
170.02658678793608	3.0639570052717033
164.04502592814617	2.98707839162293
158.27030333308315	2.9157000091818546
152.69580544073028	2.8485524280325123
147.31510619543695	2.784134117647831
142.12086525731726	2.7221397915753798
137.10026466083372	2.658431628016608
132.2499334525951	2.597776407157994
127.56550771345417	2.5407383739337774
123.0419659810835	2.4861617626230768
118.67349084947915	2.433935162659388
114.45426491263765	2.383959290977579
110.3745074820425	2.3352650114869675
106.43090727758707	2.287873127065616
102.62107431553997	2.242611215411536
98.94034503977227	2.1995108346804173
95.38400054821025	2.1586860166719006
91.94659325726599	2.121215706855409
88.62262258186644	2.0842720713665486
85.40865165269153	2.0482190553642567
82.3023139199878	2.0141626906005428
79.29941397182415	1.9827558675977244
76.39647596090468	1.9537160524069286
73.59014647656265	1.926607460094722
70.87505070154594	1.9000871911409511
68.24889497744323	1.8753316852286162
65.7092682357821	1.8529116770647427
63.25342595721834	1.8325241704035697
60.878395394159995	1.8141743235270162
58.58089210154307	1.7979728740159437
56.356712008822015	1.7828901496603606
54.20502220862843	1.7699209483903466
