13025.45881761252	6.24257952963444
12608.538777251204	1.4196266103131165
12208.513949421515	3.1370819479393504
11824.60776686026	7.383743415624849
11456.043662304279	11.275457357302457
11099.517389935758	11.723831597844764
10756.6687183754	11.588031677267281
10427.081964456836	11.254390017821606
10107.216852257374	13.162213708859326
9798.416016927065	15.86456136003926
9501.270757648059	18.513638572595028
9215.340176722242	21.08223979953891
8940.183376451516	23.542573847236326
8675.35945913776	25.866259505967946
8420.427527082873	28.024321999341737
8174.946682588736	29.98719022298701
7936.825919331053	29.731288764184
7707.261349295917	29.20213720360175
7485.968613960319	28.557588794350295
7271.998790056035	28.331122596325713
7063.713163961664	29.60003129680331
6862.729056015603	30.86686112766256
6668.7933156036215	32.11370826605639
6481.652792111471	33.32234905299583
6301.054334924917	34.474237618674124
6126.744793429714	35.55050386157518
5958.471017011629	36.53195177361704
5795.56078445164	36.891022687868826
5637.521366143836	36.316861150448176
5484.813374460957	35.65437220171157
5337.230100785606	34.93946615446703
5194.479207793975	34.27511329066101
5054.97313720523	34.78171730914255
4920.021133317484	35.302044161765025
4789.476096514609	35.824215429511696
4663.190927180483	36.33617553906265
4541.018525698977	36.82569044386628
4422.811792453969	37.28034646050742
4308.423627829333	37.68754925802193
4197.5559198252095	37.85077639604515
4089.6788604450794	37.291097902762885
3985.2065341236844	36.67802889203256
3884.018528492035	36.03077896271475
3785.994431181147	35.36841222305975
3690.8207308154247	34.86073656810356
3597.7869332095447	34.987196497558216
3507.5888907347635	35.128318705175616
3420.140047237798	35.27619912998466
3335.353846565341	35.42283383053723
3253.143732564107	35.56011823093354
3173.4231490807906	35.67984643668831
3096.105539962102	35.77371061927454
3020.892974602408	35.57511217245451
2947.690257632308	35.06475593911466
2876.6510622473306	34.52739600787163
2807.7043347428425	33.97328703701089
2740.779021414205	33.41260129367197
2675.8040685567844	32.855428184615675
2612.2869073798593	32.639034988975595
2550.38883086821	32.59258659314389
2490.256527375171	32.55682264989048
2431.8383981992665	32.52644470626285
2375.0828446390296	32.49609680404808
2319.9382679929827	32.46036503603341
2266.353069559658	32.41377713439215
2214.217532000808	32.279543841394684
2163.3201829741683	31.8559393934828
2113.836913884052	31.41616648007664
2065.7252379887045	30.965708007322633
2018.942668546365	30.50999953978362
1973.4467188152748	30.054428969992557
1929.1949020536779	29.60433621093722
1885.936518172687	29.325642402893322
1843.6565280519546	29.202207278707647
1802.5082387091202	29.088124847288384
1762.4604646875005	28.979849934399283
1723.4820205304086	28.873803732279214
1685.5417207811606	28.76637351624248
1648.6083799830706	28.65391237659054
1612.5738852631262	28.43804286185582
1577.3854825917197	28.08841063725572
1543.1174444302555	27.73105210962609
1509.7440115043926	27.36887389587156
1477.2394245397988	27.004754783574185
1445.5779242621338	26.641545508781462
1414.7337513970656	26.28206854529344
1384.6811466702538	25.929117904958503
1355.1995621480232	25.73471373423007
1326.4070241644108	25.59126542746384
1298.3393685424521	25.454273740655424
1270.9774786264413	25.32134528614739
1244.3022377606749	25.190066491206267
1218.2945292894472	25.058003417497503
1192.9118981032389	24.893858781092206
1168.0692098579682	24.613522200607463
1143.8402110570173	24.329233909828417
1120.2090528328476	24.042522479462946
1097.1598863179227	23.754899842288467
1074.6768626447047	23.46786114093527
1052.7441329456558	23.182884581679787
