3587.449879462584	2.549117055269903
3461.8169953405677	3.8666730670407787
3341.460672694737	5.136053013201149
3226.1397656499635	6.330076372114036
3115.250479120028	6.978362537020985
3008.7871724306833	7.340063444899442
2906.7025172826598	7.623462377947249
2808.797015860797	7.850794829206279
2714.8711703499384	8.043971332650017
2624.3538193614663	8.51315689414605
2537.097747115655	9.238478487728344
2453.2931042790965	9.938222813150105
2372.7906523935603	10.594134163058015
2295.133198852203	10.81030939175082
2220.473876611296	10.938275130222905
2148.715368652128	11.022733573966775
2079.733808209244	11.075668940842206
2013.405328517184	11.108869945811534
1949.5557109611384	11.172798359313731
1887.7016567399369	11.556066817609576
1828.1592297185966	11.93007847311776
1770.8349245673742	12.28247488107354
1715.4483024851538	12.370823905405473
1662.072524135067	12.387282526024592
1610.6620302933577	12.378046919802046
1561.1389617008417	12.349482127934039
1513.4254590983373	12.307833886137018
1467.4436632266602	12.259227276181548
1423.0100069641173	12.290746287394313
1379.960708386266	12.473977111414342
1338.432538481008	12.649976674507286
1298.2892149309978	12.715296826772772
1259.4854170112924	12.678580319506523
1222.038919877133	12.626358402090375
1185.9001256519364	12.561953608456804
1151.0194364591225	12.488614574142673
1117.347254422109	12.409515068825556
1084.833981664315	12.327753078121646
1053.3757798952104	12.287685132722004
1022.836236139297	12.358290856124256
993.3202645872425	12.424629574540575
964.6959213400144	12.364634350623646
937.0240922519981	12.29508721342927
910.2731787867172	12.218190500537844
884.4111434717221	12.135556280913761
859.4059488345663	12.04874946964486
835.2255574027987	11.959287162968195
811.8379317039746	11.868638000567671
789.2110342656424	11.77822155383376
767.1940815487972	11.77924890004391
745.8512552602831	11.764720361726944
725.1422682105924	11.689787997716735
705.0909318445581	11.610912502197351
685.6762666556548	11.528831041489497
666.8772931373555	11.444250664013197
648.6730317831351	11.3578478217608
631.0425030864665	11.270267907694375
613.9647275408245	11.18212480923225
597.4187256396823	11.09400047746854
581.3561476907097	11.027013834677973
565.7086300727526	10.981107738334629
550.5133630300313	10.904683415656052
535.7796490574231	10.82704500576969
521.4935376646813	10.74844628332437
507.64107836156137	10.669121135197344
494.20832065781667	10.589283227356958
481.18131406320254	10.509125681636249
468.5461080874726	10.428820762801735
456.288752240382	10.348519576034448
444.39529603168467	10.268351774610835
432.8081397677296	10.193192132633143
421.51900811393443	10.121187157665275
410.55866368509453	10.049455313915644
399.9176953175963	9.978004986092614
389.58669184782525	9.906831208101664
379.55624211216764	9.835915430907349
369.81693494700903	9.765225297207493
360.35935918873565	9.694714423397713
351.17410367373316	9.624322189179239
342.25175723838794	9.553973535005355
333.5730283473619	9.47113596614021
325.10874794036204	9.394551936688856
316.86656056710115	9.330389956151365
308.8553441671568	9.267193218504431
301.06864844494726	9.204848727835483
293.50002310489333	9.143234208196588
286.1430178514135	9.082217948353119
278.99118238892834	9.021658652394635
272.03806642185657	8.96140529668466
265.2772196546183	8.90129699355603
258.69498926452263	8.832054517021703
252.28765964257053	8.756945265211229
246.04075321371033	8.693005410930056
239.9519123590342	8.638496296583227
234.02765168812994	8.585171493535128
228.26347967090453	8.532866235421992
222.65490477726453	8.4814092221268
217.19743547711693	8.430622521595424
211.8865802403684	8.380321477620598
206.7178475369257	8.330314624143952
