7222.364137914055	155.87693025179374
6958.68196225109	149.1393824841573
6706.116066108836	142.59822766965203
6463.90964773206	136.6334549109074
6231.428228504586	131.478186749918
6008.665587176856	126.60529134750573
5795.199577006827	121.99169040195102
5590.608051252439	117.61496908087429
5394.468863171649	113.45338287419327
5206.3598660224025	109.48586365942106
5025.117840368457	105.23000862830622
4850.526293584806	101.47427464150542
4682.90530825744	97.904784505625
4521.97242378624	94.51015498254333
4367.4451795710975	91.27943253874207
4219.041115011891	88.20209823995083
4076.4777695085127	85.26807221311083
3939.4726824608433	82.46771770702105
3806.9885327607662	79.67739332199778
3679.4155427220658	77.0234265177155
3556.716589280424	74.48630738680731
3438.700429871502	72.0614669852024
3325.1758219309677	69.74462138308456
3215.951522894483	67.53177501390303
3110.836290197716	65.41922379617188
3009.5652372853583	63.493516287602574
2911.5680805843194	61.561537902025975
2817.0857373227377	59.64458175645609
2726.0661898685953	57.80321347527229
2638.3780580298353	56.036407025467724
2553.8899616144126	54.343328732903046
2472.4705204302727	52.7233396859848
2393.9883542853636	51.17599801904805
2318.188144846976	49.85293371827174
2244.884291956584	48.46966981456046
2174.0668446494124	47.057881147143576
2105.7448256311636	45.69608129840822
2039.8267726709928	44.385077451249174
1976.2212235380498	43.12580880934007
1914.8367160014902	41.91934837950714
1855.5420290693705	40.81575970154228
1798.2334733854573	39.83147696089355
1742.8142573604027	38.83033023073892
1689.166808477303	37.77308924740106
1637.3412947058637	36.74975351495408
1587.273125926415	35.761966263350416
1538.8977120192799	34.81146306089238
1492.1504628647924	33.9000731662768
1446.904216600994	33.10685337165546
1403.162059974686	32.35045783159245
1360.8573808532933	31.61303556547864
1319.8299814410984	30.80921055940172
1280.1485447185364	30.029062425414907
1241.766779899731	29.27457358798779
1204.6383961988026	28.54779237132476
1168.6905404156673	27.883670201254517
1133.8883061752704	27.270351348937822
1100.2088020770434	26.681161471923645
1067.610788528157	26.112158651387972
1035.9854873839415	25.508011320549826
1005.3464691133368	24.906729007153103
975.6788593923545	24.324632577212924
946.9391977977493	23.77595445364844
919.084267085799	23.27469441187307
892.1046741633818	22.792953715997385
865.9703273886685	22.328526893214132
840.6511351198333	21.87925228069693
816.086758676782	21.420095346957766
792.2514579289098	20.95232647049707
769.145075984758	20.504647245522875
746.730492620107	20.094292245005988
725.0023366914091	19.69904893188985
703.9383121167268	19.317771515388614
683.5161228141241	18.949346417417587
663.7134727016634	18.592692871345946
644.49519868158	18.237069103654846
625.8221576764741	17.875673549810557
607.6964587457376	17.539666145314527
590.1122105569724	17.215000635914976
573.0526464848949	16.901211221629126
556.5009999042181	16.59785624303518
540.4405041896591	16.30451866440407
524.854392715931	16.02080655681641
509.7144654569219	15.747567275660003
494.991128343482	15.473291546250806
480.6973521212968	15.207482409301377
466.8203081077271	14.950089296525988
453.34716762013784	14.701080157279705
440.2651019758904	14.460441850614927
427.5611975961764	14.228287028985704
415.216351722144	14.012515333431281
403.2192245356315	13.799378702908442
391.55169966455696	13.583033977030155
380.2167630691615	13.373356763196895
369.2044426345183	13.170582727441698
358.50476624570155	12.974962358201267
348.1042012848453	12.79124210047216
337.9961218837646	12.615496254059224
328.1721885980217	12.445965460334435
318.61557139621186	12.276400082394801
