7960.236710913623	24.656375301326534
7693.138822764724	21.837893239460072
7436.18529925359	19.307034873467956
7189.325218666503	16.720168212766566
6952.1980802059725	14.108132800976819
6724.443383074493	11.502273033268011
6505.700626474569	8.93444456909856
6295.609309608693	6.437020064421631
6093.808931679376	4.042894207250583
5899.938991889112	1.7854880541754028
5713.336145855292	0.06594639702939276
5533.258810862167	0.6186254560236648
5360.104962986054	1.1526210695835744
5193.578044992881	1.578200545941172
5033.381499648585	1.9370943605999855
4878.447594253033	2.8762334971770542
4728.6508081968095	4.301236720330053
4584.404902765477	5.694535351247623
4445.492561900835	7.03414043535895
4311.696469544674	8.29775858008361
4182.544561647428	9.152808475401002
4057.695610429769	9.425225268347504
3937.35914682349	9.61106610656941
3821.355873673409	9.73317503284079
3709.506493824354	9.81414678953422
3601.6317101211453	9.876325208347112
3496.65909111584	10.639019331544091
3395.3363362609025	11.399678642107233
3297.536194615739	12.13934655716082
3203.1259838829083	12.843130508451509
3111.9287173550247	13.441860680898003
3023.486389023352	13.52285815191101
2938.058607307058	13.54955622436853
2855.5355799236095	13.534344058060924
2775.8075145904654	13.489464284555538
2698.764619025092	13.427011851855582
2624.29710094495	13.35893297768564
2551.724669958735	13.73975640851154
2481.5231727839905	14.126180484367751
2413.618802969542	14.501823083945851
2347.929484013157	14.856616722629155
2284.246438323091	15.025099799102463
2222.47677120284	14.983568346748825
2162.694935819686	14.913433396365235
2104.8327674694983	14.821283376510337
2048.82210144815	14.713618555975415
1994.5947730515056	14.596850262999965
1942.0826175754437	14.47730015891932
1891.009351517664	14.521764746485701
1841.3550159190945	14.698957050206275
1793.2351437848884	14.873156087317227
1746.598257231779	15.037494619451877
1701.3010841894486	15.07212034902102
1657.3043498965471	14.984937704091294
1614.6484857937412	14.88191954523245
1573.2905939486573	14.7665130852983
1533.187776428919	14.642111648386333
1494.2971353021542	14.512054125027873
1456.5757726359861	14.379624455825137
1419.9807904980419	14.248051142095164
1384.2908329408278	14.257309683518372
1349.5836969441548	14.317823834807939
1315.8906913115793	14.375757352578034
1283.1432373774378	14.382142572363819
1251.2676960688896	14.28166190343211
1220.3146652444784	14.172380395290247
1190.256739869264	14.056055754229305
1161.0665149083	13.934412170079838
1132.7165853266456	13.809139931658933
1105.1795460893559	13.681895057452778
1078.427992161488	13.554298941219997
1052.4345185080988	13.427938011732124
1027.0811915062131	13.373314218896837
1002.3669544724357	13.371773892765361
978.337815074368	13.368863212421104
954.9066158625494	13.279458510742444
932.1128488572931	13.175347010469153
909.9469386040348	13.06752544177013
888.3911147273379	12.956814348304675
867.4276068517685	12.84401280304553
847.0386446018888	12.729898144033058
827.206457602266	12.615225718470015
807.9132754774624	12.500728635065542
789.141327852045	12.387117524276391
770.8606818898818	12.284283224061198
752.9758185431506	12.251672828985676
735.5478946356852	12.200084410062857
718.545037108584	12.104768325413772
701.9891803375563	12.007918429699458
685.8686204005851	11.909877226310698
670.1716533756521	11.810973383155016
654.8865753407398	11.71152154381619
640.0016823738299	11.61182214344393
625.5052705529049	11.51216122948469
611.3856359559464	11.412810287283236
597.6310746609371	11.314026070444669
584.2298827458583	11.216050435729244
571.1418462501551	11.140526676972797
558.3261408829777	11.069318864697095
545.8210455570343	10.983189008364121
