8598.478215870426	112.00689763030505
8299.155581493866	105.48265017321864
8012.074933815435	99.63201951079623
7736.0246634346795	95.25004682263466
7471.3875987935535	91.20639841639513
7217.656487033128	87.44623671083446
6974.324075294486	83.91549684386382
6740.883110718701	80.56089248392982
6515.523637313683	76.30169259419586
6298.839804911304	71.95680495115198
6090.734835568	67.79918754017876
5890.180832870482	64.6548482178514
5697.352042936594	61.89391469975499
5512.060059339672	59.32596627226167
5333.984479385641	56.920979723361825
5162.804900380408	54.6494048981217
4998.200919629897	52.48216815478236
4839.001627449458	49.722836623070634
4685.586317828055	46.89354410052306
4537.832742917159	44.28401291170326
4395.145652326195	42.35219861143173
4257.754560745661	40.553656739969256
4125.4548531306045	38.87179501216917
3998.0419144360585	37.290311080788
3875.311129617069	35.79319511274309
3757.0578836286727	34.36473209858684
3642.747880677912	32.73194883599808
3532.153642015191	30.862308916129678
3425.4060064525966	29.165540863411366
3322.1693680820154	27.880520334689095
3222.574438353332	26.67750064945119
3126.488887086989	25.547619104197793
3033.7803841034324	24.48219452597675
2944.3165992231116	23.47272905071827
2857.96520226647	22.510909761637777
2774.5938630539567	21.588610196190302
2693.682930645986	20.397003116662404
2615.4081938812774	19.212156838527108
2539.5603575291984	18.337461713741845
2466.2607164042624	17.51400110643135
2395.422698720615	16.73722501884572
2326.959732692405	16.00269848906737
2260.7852465337774	15.306102860265469
2196.8126684588824	14.643236975213767
2134.9554266818645	14.010018298796126
2075.1269494168755	13.402483973864037
2016.9557922420763	12.59672804885679
1960.5111279772257	11.948389092410935
1905.8414830604468	11.375962029096286
1852.9253026533547	10.833265109800891
1801.7051983672673	10.318176303496443
1752.1237818135123	9.828648456397616
1704.1236646034126	9.362710170779508
1657.6474583482945	8.918466644076148
1612.63777465948	8.494100469856733
1569.0372251482959	8.08787240378507
1526.59830998246	7.614077401750421
1485.3409691490383	7.2123133972548885
1445.3495445800784	6.828956975229744
1406.5855126821757	6.463137532907069
1369.0103498619242	6.114033338091019
1332.5855325259172	5.78087217740341
1297.2725370807516	5.462931982812449
1263.0328399330187	5.159541436572283
1229.8279174893162	4.870080555381378
1197.6192461562355	4.59398125542242
1166.2618735148333	4.349325875729221
1135.725584097866	4.077022986210466
1106.0881070878904	3.8152421585035654
1077.3232225722345	3.5638135667101665
1049.4047106382277	3.3226002550276803
1022.3063513732013	3.0914986044755324
996.001924864484	2.870438787625176
970.4652111994062	2.6593852112937384
945.6699904652971	2.4583369475443817
921.5874675982656	2.2705218728526972
898.1491654568556	2.148439562314735
875.294623831075	1.9701675664948937
853.0754515366247	1.7888228280958742
831.4853329721406	1.613512770548681
810.5061878112691	1.4444337749331737
790.1199357276621	1.2818050452243313
770.3084963949655	1.125868942170456
751.0537894868309	0.9768913102438432
732.3377346769041	0.8351617977358501
714.130174627393	0.7160264596600996
696.4055650641859	0.6291337005646938
679.1539417133134	0.5361652254487694
662.325190613343	0.4092032878322982
645.9557421709799	0.2856231190941685
630.0329444125973	0.16576609472190285
614.5441453645695	0.04998951522688344
599.4766930532696	0.061333146759949386
584.8179355050719	0.16781200362001414
570.5552207463493	0.26904051416681796
556.6602999067729	0.3451101843896538
543.1307521820056	0.40834522277071983
529.9617683687233	0.4680854016922922
517.1207451556771	0.5416693896595461
504.59721667693054	0.6298032227658439
