4596.872466753122	102.68452443792194
4423.204404373334	97.48524926466621
4257.099328980263	92.39931070982425
4098.22375896843	87.47396999063983
3946.023891726251	83.02531643976351
3800.1789812761353	79.08657064525323
3660.6381784288665	75.36257023595135
3527.12115251482	71.8379184485201
3399.34757286438	68.49768755887305
3277.0371088079264	65.3274242121023
3159.9094296758376	62.31315419882958
3047.2165440377685	59.22125035959289
2938.7600242496233	56.426216896159076
2834.7802896865023	53.77367979020357
2735.0913743461806	51.25524190723729
2639.5073122264257	48.8628073395505
2547.842137325012	46.588585258164926
2459.909883639708	44.42509345562041
2375.5245851682866	42.365161598013174
2293.986500755714	40.331128208079576
2215.561428565893	38.417300354632175
2140.233068921242	36.594147173775696
2067.8771081175846	34.857444977206455
1998.3692324507385	33.20316765150085
1931.585128216527	31.627489309117266
1867.4004817107686	30.12678677045477
1805.6800746498525	28.711045891162996
1745.9452543053485	27.36202446195972
1688.4146514749514	26.03082340647103
1633.060457632022	24.758459464114424
1579.798920404639	23.542957142722514
1528.5462874208752	22.382471743471854
1479.2188063088047	21.275291245982828
1431.7327246965037	20.219838098642526
1385.9822904036173	19.241805440835037
1341.7264232206635	18.339687240561148
1298.979918858374	17.400427643576222
1257.785290013991	16.49945579271491
1218.08561787735	15.63606247735305
1179.8239836382897	14.809625983259764
1142.943468486646	14.019613457586672
1107.387153612257	13.265582219281441
1073.0850180446891	12.563396437287736
1039.9332380750084	11.97089323606599
1007.8114252873997	11.304272121246584
976.805022355707	10.658309542559664
946.8805837776886	10.03718946141825
917.999123432077	9.44093374357874
890.1216551975965	8.869624314171148
863.2091929529795	8.323404123544378
837.2227482963078	7.80248091351433
812.0717066001647	7.371266319350127
787.7519300834522	6.9444052338667746
764.1773898789834	6.477475109133479
741.3951958263276	6.026869695339087
719.3783794384246	5.592902178254747
698.0999722282131	5.175926805788578
677.5330057086323	4.776339601812538
657.650511392621	4.394579059967242
638.3997353141656	4.0632746764457295
619.770824793578	3.7616457200586524
601.7307689633144	3.457766934171076
584.230144111307	3.129055954443885
567.2970008534462	2.8112139416011246
550.9125212150143	2.50469184888658
535.0578872212902	2.2099694956660585
519.7142808975559	1.9275560819821465
504.8546869414114	1.6682467375682108
490.45173666162907	1.4433274898782997
476.506185887369	1.2289151639667182
462.991310894801	1.0153736972692684
449.864452595506	0.7812186864252055
437.14902208530816	0.5543441676583996
424.83175373550455	0.3352395472512484
412.89938191739134	0.12441477754343566
401.3386410022656	0.07759927254264198
390.12072233240514	0.2507255305447842
379.2468065645429	0.41251926217661605
368.7075343486255	0.5672942633161142
358.4911538010907	0.7163413517101276
348.5532214808969	0.8851745508814872
338.91684426894057	1.0491606187370053
329.5726446037454	1.2077776336004007
320.5111829679354	1.3605348858938129
311.7181688240255	1.5008107928029375
303.1815736430374	1.6248104805013526
294.90086338557364	1.7432222496186967
286.86766013488176	1.8568365122497852
279.0735859742069	1.966430125998528
271.4945985414524	2.0843015542413212
264.1316196644373	2.204329937040299
256.9852650442211	2.3206266541589713
250.04874450876534	2.4327503418783323
243.3073335638434	2.5302047733001842
236.76188456566615	2.6221919803438993
230.40732902339022	2.7104183751557542
224.23762845343106	2.7953533674861717
218.24674437220483	2.877456563881836
212.42392872633206	2.960621535698607
206.75665565186532	3.0500201257906525
