2818.726214492266	7.341796420619289
2707.590689078839	6.894655515718682
2601.4081773139883	6.4086418910945895
2499.7281649174674	6.2006715890973965
2402.5791208144865	5.988784786209862
2309.761437234995	5.7763327030346545
2221.075506408949	5.566821352200918
2136.3217205662995	5.363919343476482
2055.3004719370024	5.17146564633731
1977.718484885815	5.110848671957569
1903.1909075005199	4.991723136224209
1831.754733027189	4.792177378326869
1763.3759983809866	4.592462499618875
1697.9181669381965	4.396327210649076
1635.2447020751083	4.207639750757437
1575.2190671680069	4.03039341463699
1517.5955152811002	4.005844138405337
1462.217661793134	3.896149810371014
1409.035743426266	3.71815201269294
1358.0428757098948	3.5402797031886735
1309.144845315031	3.3660444195668333
1262.2474389126805	3.199045779685889
1217.2406276162678	3.0628724703597072
1173.9800298493856	3.0244674797521043
1132.391884222678	2.9453065699391345
1092.3615180623142	2.7921358407775188
1053.918970758412	2.638969389300371
1016.9985794766715	2.4889183913885518
981.5346813827969	2.3451592986346554
947.4394866414664	2.2388401261525246
914.6352386967403	2.188562381317695
883.0994437536712	2.1405667911727164
852.6697521528756	2.0117621298649055
823.4053271238693	1.8825997719463885
795.2599763772035	1.755772498675583
768.1875076234311	1.6340217319679766
742.1209075226652	1.5464631899767198
717.0166158061508	1.4926431234709128
692.8544971778049	1.442520335903879
669.5532042144846	1.3626588326781643
647.0809000086102	1.2560813711494632
625.4401772449933	1.1510912683155823
604.5982021914392	1.0499983291137198
584.5047821238027	0.9771571698063042
565.1346640283209	0.925368138860307
546.470681064863	0.8771982269141461
528.4837032416297	0.8304096959537048
511.0938979125479	0.7457802586866649
494.3260350052195	0.6605558026941196
478.15855905102137	0.5781313539004032
462.55403733648006	0.5180682011837519
447.4978407633902	0.47098180095770203
432.9756714014623	0.4270779367361399
418.96655185576253	0.3850781796281382
405.43726616959975	0.33484348883284554
392.3551148721135	0.2666670625897183
379.728139082637	0.20044120424769574
367.5279380178987	0.1521710129161704
355.7468671222423	0.11142483371405376
344.3729409740681	0.07331452422684492
333.3909005797936	0.03714587797614399
322.7854869458356	0.0022460151726164668
312.524291125868	0.044408296748585485
302.6017015918456	0.09645809418948659
293.00508237308145	0.13394808971375483
283.7316653813701	0.168041256259869
274.77101916482815	0.20008930114398993
266.1119156274595	0.23040901173359885
257.7431266732692	0.2593006369558424
249.6534242062615	0.2870471912110304
241.81286297669482	0.32526157287583146
234.2240921266698	0.354188001342294
226.88560217837835	0.38146624862167755
219.78903196805703	0.40720757814780484
212.926020331942	0.43151078690074485
206.28820610626988	0.454461659870546
199.8672281272768	0.4761324157651501
193.648409534425	0.4963676234307144
187.61850504755648	0.518496504119689
181.7832066347207	0.5395483995480177
176.13622176929772	0.5594920676842179
170.67125792466916	0.5782863364563511
165.3820225742149	0.595879664602279
160.2622231913165	0.6122096946112023
155.30233875198005	0.6230240750123812
150.49315501633615	0.6370241112846671
145.83331181624484	0.6523915839610126
141.3209404522587	0.6669494043617732
136.95124227493267	0.6805800211142028
132.7194186348226	0.6931574663797022
128.61939069269783	0.7028835541066769
124.64656896587664	0.7098829841377352
120.79685757298886	0.716864295289362
117.06139199393577	0.7272795245643948
113.44203181298877	0.7370801608425097
109.93507542901108	0.7461025399172527
106.53631459529682	0.7535149958689971
103.24133742269031	0.7582108115454318
100.04805543656929	0.7621089229716773
96.95306178069464	0.765402561745411
