4491.318840848194	27.098442644083434
4331.95884373175	25.399354154149933
4179.348849233527	23.869181706418544
4033.1833516207444	22.477093151961753
3893.1568451606267	21.19275328028732
3758.963824120394	19.986328126366402
3629.610377326617	18.290723689285187
3505.296957005229	16.473135437181327
3386.0221246026113	14.74274984207841
3271.1307962086107	13.646063779906967
3160.834045528938	12.673367610197943
3054.9539457748897	11.78953828436454
2953.297471485628	10.97817278025559
2855.6715972003067	10.223173475277804
2761.8832974580864	9.508750909618016
2671.1743972950685	8.380461836293762
2583.91973504473	7.264765522121593
2499.848653977003	6.403543688790364
2418.8504885084535	5.772099262111965
2340.9345624111083	5.198877112605828
2265.977293478416	4.67515490022447
2193.8550995038195	4.192398930025433
2124.444398280766	3.742266214533174
2057.6216076027004	3.316606380797964
1992.928991354855	2.6493912180079064
1930.5358081853065	1.9593719613386043
1870.2329155788807	1.525488692690601
1812.0983768456413	1.148904018441442
1756.0679232559046	0.8056048012345514
1702.0613965875232	0.49121103186587334
1649.9986386183573	0.20146229050368447
1599.7994911262606	0.06778080851722734
1551.3837958890895	0.3205352537377735
1504.5440412611047	0.6584915762043124
1459.183440166237	1.065613226609571
1415.280392991031	1.3123345611776926
1372.8932367927314	1.5376825772152642
1331.9692487085185	1.7437746208454428
1292.4557058755695	1.9326519893478462
1254.2998854310645	2.1062788518442517
1217.449064512181	2.2665412158532376
1181.8505202560987	2.41524593844764
1147.451529799995	2.5541197787872534
1114.025620688442	2.7818395618339196
1081.6201071144449	2.9273801713800935
1050.2840588530994	3.0611978805447393
1019.9823040972535	3.184119866098115
990.6796710397623	3.2969234624864043
962.3409878734723	3.400335389368479
934.931082791239	3.495031004285863
908.4147839859099	3.5816335803557138
882.7569196503381	3.660713607828484
857.8952271877055	3.7296747966296095
833.6788083641429	3.812440235550298
810.228111316741	3.889245631303538
787.5193346300334	3.9602575807500386
765.5286768885521	4.0256094394007675
744.2323366768305	4.085400763474496
723.6065125794009	4.139696766067857
703.6274031807968	4.188527787784125
684.2712070655508	4.231888781653566
665.5077147054794	4.261754421545135
647.2716852486044	4.260691632275979
629.5321101348414	4.30185251915384
612.3318327903669	4.3404166263377135
595.6544833171628	4.376188861506392
579.4836918172134	4.408951106163357
563.803088392501	4.4384618181696
548.5963031450098	4.464455643053782
533.8469661767225	4.486643034327784
519.5351349631011	4.500241962637631
505.6266035315496	4.48259285403455
492.117181226728	4.471380826703381
478.9648515610149	4.489155511380318
466.19778754707204	4.505932805149399
453.80456939506155	4.5213630873100215
441.7737773151446	4.5350804911017235
430.0939915174833	4.546702618462405
418.75379221223886	4.55583026096518
407.7388492149955	4.558393687250316
397.02695998778415	4.54041328423213
386.6219478243482	4.520566932693569
376.50754105933515	4.5045580708136015
366.6523669627714	4.509275319243159
357.0760585331458	4.513698155159275
347.77050681974725	4.517424430608131
338.72760287186196	4.520040279479531
329.9392377387787	4.521119913904826
321.393711333417	4.5157002132570625
313.079017502396	4.4984121815055715
304.9957563859133	4.479764749468245
297.1367112005091	4.460410136418091
289.491276896493	4.443489289702285
282.03645515348114	4.441261033114287
274.78580890410075	4.439005665185547
267.73349714892737	4.436320579824013
260.87367888853584	4.432794603386739
254.1958263114431	4.422079170996582
247.6963124362276	4.406539800516228
241.37281666041187	4.390191796142645
