2038.3248175317397	23.531833188589417
1960.7999722045784	22.874541940927656
1886.553503183839	22.14326922534093
1815.4243429315657	21.3092704518308
1747.3803997195355	20.50542177607167
1682.2837409541044	19.73184998875422
1619.996434041635	18.98856020649157
1560.3805463884833	18.275430228852713
1503.298145401011	17.59220493542938
1448.3526119466214	16.99513848676952
1395.54238887572	16.39650207974711
1344.9237776140556	15.821369768422642
1296.4042449923218	15.268604386803474
1249.8912578412087	14.736983005324078
1205.2922829914096	14.225192973672563
1162.514787273615	13.731827977385592
1121.4120410767382	13.215802921241902
1081.7320452198956	12.77761269635505
1043.6308386040275	12.358230205342863
1007.0455743494985	11.95604519446374
971.9134055766758	11.569386489913938
938.1714854059244	11.196519181555175
905.7569669576112	10.835641806084993
874.5876212021914	10.460421805595786
844.5398961955881	10.071693658600651
815.5613360141562	9.759622463606775
787.6914531364041	9.46135939738835
760.8869216914477	9.175140322100162
735.1044158084053	8.89915521187072
710.3006096163921	8.631546107998702
686.4249144635044	8.36121496810776
663.407384801872	8.0524943881926
641.2052705192957	7.78245833623194
619.779152862825	7.55614841689669
599.1427340637404	7.339636249711731
579.2657672355734	7.131224926396214
560.1180054918547	6.929182648500188
541.6678468211501	6.7300216753014865
523.8597633531899	6.499840992781003
506.69378202922064	6.2751993901784715
490.11177096916083	6.081389433075088
474.09650626578014	5.913780904498168
458.65119044631575	5.752848832399906
443.7543646514421	5.5970458193745
429.3845700218325	5.44479747827512
415.5016667785294	5.270714814962901
402.10480783285226	5.099390651701171
389.1753709115476	4.93278082980197
376.6704672179555	4.789486907951499
364.5828701711273	4.662194569703885
352.9114124819923	4.539203499415308
341.64066605667733	4.419139869614625
330.74231614390635	4.284146352903193
320.2154955261999	4.151391984492264
310.0464897292558	4.021630865596748
300.22153239740675	3.895531251387837
290.7086644332134	3.786839737306522
281.50668397305344	3.687109152906814
272.6104680017175	3.5881307636611552
264.0026449889606	3.4808892211467537
255.68074512413867	3.3754494375921382
247.63467351343132	3.272096790107753
239.85433526301904	3.1711015710806976
232.32963547908113	3.0727183454440876
225.03564742441188	2.9877837573125987
217.9733157121086	2.903058070127699
211.13673755150418	2.815553822066562
204.52171062501662	2.729579572605161
198.12071884526378	2.645172931004126
191.92624612486273	2.562359656731573
185.9307763764308	2.4811531446842565
180.1256170970382	2.4023884368841664
174.4900797135207	2.327574843902127
169.03290483990529	2.2539926949412603
163.74852490682267	2.1817012158109392
158.6312485682492	2.1105907496205063
153.67538447816085	2.0405420917877137
148.87524129053398	1.9714260682083165
144.22315081970953	1.9005406052191134
139.7110621119109	1.8324987312489895
135.33473418171295	1.7685788222722465
131.09395530766	1.7056562899546606
126.98434458866768	1.643533011456185
123.0015211236529	1.5820029653625767
119.13974933336453	1.5190887360671397
115.39578626180582	1.4560458090804502
111.7657765087346	1.3939275065763894
108.24090852708915	1.336239170178878
104.82289292315441	1.2791493507813883
101.50823220271465	1.222321665871874
98.29245353617551	1.1641377658937628
95.17351405794395	1.1061470187744078
92.14822501151691	1.0483967284471163
89.21339764039163	0.9909275366473977
86.36274088021554	0.9359097386894639
83.5954801756332	0.8806243414852268
80.90988165372517	0.8249676104689456
78.30362417426231	0.7691989887502793
75.77414390977341	0.7132542619493698
73.31887703278728	0.6570635393569226
