12499.037240447284	32.43546483689306
12092.057802162695	28.041952863177812
11700.952876888452	23.646041318292646
11325.16332510033	19.280885890555055
10964.130007274127	14.980383461824204
10617.293783885623	10.779181949030772
10284.095515410612	6.712688956877628
9963.976062324877	2.817079217426908
9656.376285104214	0.870699187324135
9360.73704422441	4.312919800335294
9075.909753939204	6.760044190565623
8800.560148532926	7.236737627158391
8535.607227417251	7.485498643816527
8280.595270364558	7.5904842468276
8033.520138181188	8.861753069029874
7794.277936798611	11.101800484788328
7563.786687147278	13.304413529533349
7341.723656669987	15.446279069501315
7127.766112809551	17.503659910411443
6921.591323008768	19.452391794354753
6722.8765547104485	21.26788091245976
6530.93337195131	22.482357395085728
6344.922800581364	22.444737182184554
6165.468640813947	22.27477369488588
5992.3073157445715	22.017907646339154
5825.17524846874	21.719234214068592
5662.05330861559	22.80581030321855
5504.47359795124	23.906797180022068
5352.265681195966	24.993033374979404
5205.241374112487	26.049104503050103
5063.212492463549	27.059359259448456
4925.9908520118715	28.007907892074172
4793.388268520186	28.8786208990241
4664.663973420245	28.98357956447512
4539.947836691021	28.692193888868132
4419.3371767281305	28.3345300156966
4302.677956499396	27.93508806009811
4189.816138972646	27.518174888875365
4079.7380402044073	27.780864811305605
3972.8995391608996	28.268877772894825
3869.4626735133716	28.758462083992868
3769.316530700472	29.2395108247498
3672.3501981608442	29.701783701779505
3578.4527633331363	30.13490612048281
3487.513313655992	30.528368359897172
3399.1625190073546	30.55631588258791
3313.297614305482	30.217622884225307
3230.0840951497485	29.838452271311326
3149.430963101573	29.432090189443215
3071.247219722399	29.011713551500407
2995.4418665736507	28.59038943557971
2921.297080403754	28.668768246190325
2849.2681986186853	28.834140416586592
2779.3857991106497	29.004651925294183
2711.5837767535913	29.17363127370072
2645.7960264214594	29.334330529471117
2581.9564429881966	29.47992476078707
2519.998921327752	29.603511517978404
2459.609232067516	29.39428139493748
2400.8932165481274	29.055518447067016
2343.8793459828485	28.695880603870023
2288.5132420315226	28.322543711325352
2234.7405263540027	27.942620743639054
2182.5068206101314	27.56316139719354
2131.606188522238	27.308357744865816
2081.826253644591	27.30709902812339
2033.4384095358027	27.314211575946274
1986.4027952512279	27.325295364293083
1940.6795498462282	27.33590602193709
1896.2288123761605	27.341554459069414
1853.0107218963826	27.33770651867087
1810.888055999043	27.200109491710123
1769.8046350811544	26.9039700161739
1729.8432469933384	26.595338486341518
1690.9710071507682	26.278089845747047
1653.1550309686193	25.9560623683048
1616.3624338620643	25.633057374534587
1580.560331246279	25.312838964672153
1545.6686499020052	25.035391097354193
1511.451791864456	24.960035159239396
1478.1349594954204	24.89203877057571
1445.693817037	24.828464405447733
1414.104028731286	24.766348221179612
1383.3412588203796	24.702699818860992
1353.3811715463721	24.634502015046962
1324.1096282539286	24.447881475407257
1295.546047594994	24.193685802460948
1267.7184194058414	23.933381440867095
1240.6066103814678	23.669039662222303
1214.1904872168764	23.402709880826592
1188.4499166070673	23.136419463286416
1163.3647652470418	22.872173546822808
1138.9148998318005	22.611954866003487
1115.0057001941805	22.414559199195878
1091.5753216442306	22.313657078429173
1068.7259226418757	22.217814199070062
1046.442455648422	22.125053470651835
1024.7098731251767	22.03338179617839
1003.5131275334464	21.94078991868213
982.8036941438783	21.803770592591093
