14949.192858139055	28.81914351763271
14478.110249693818	32.608296989694736
14025.590486823803	36.287114211652806
13590.917364245226	39.82846806469752
13173.374676674342	43.20428342515879
12772.246218827368	46.38552837450379
12386.815785420556	49.34220709759893
12016.367171170128	52.04335442742149
11660.18417079233	54.457031956837454
11314.800754425709	53.24124080006277
10982.016673006441	51.38752843962402
10660.340772007421	50.39712724075798
10347.197247704726	51.985757299174566
10045.422835162497	53.56194839457885
9754.622069549554	55.10731881394577
9474.399486034692	56.60298917508135
9204.359619786726	58.02957816347043
8944.107005974456	59.36719894987846
8693.246179766695	60.5954562831796
8451.381676332243	61.69344424074916
8218.11803083991	62.63974460465306
7991.337239487271	61.33167795946815
7772.240425135777	59.67408491523997
7560.6827472979385	57.94680437438865
7354.227775760456	57.89043510634542
7154.0677509470715	58.37334503192983
6960.633928098561	58.86706362095106
6773.705355747581	59.35895144791016
6593.061082426804	59.83610337307232
6418.480156668884	60.285346666754094
6249.741627006494	60.69323941284165
6086.624541972293	61.04606918796958
5928.907950098943	61.32985200796384
5776.139807736282	61.250169958263996
5627.388603443969	59.93055624522367
5483.414746429758	58.545645312713305
5344.0386974933745	57.130658142474886
5208.319768029038	56.31904741852895
5075.903236699712	56.28246776380206
4947.610076126704	56.26856507014736
4823.315295834348	56.26893567063166
4702.893905346986	56.27503336206814
4586.220914188951	56.278168381816386
4473.171331884583	56.26950650235017
4363.620167958219	56.240068243184396
4257.442431934202	56.180728197741814
4154.513133336858	56.08221447076846
4054.142163613612	55.2472156704531
3956.6164137763367	54.167089991526495
3861.999862091854	53.06212113677611
3770.190678725525	51.950702710406176
3680.7466001669445	51.11711726566136
3593.1916642430015	50.87138442454477
3508.1705280248134	50.64804043230072
3425.6115512204397	50.44148584764446
3345.443093537946	50.24604344160787
3267.59351468539	50.05595761834684
3191.9911743708367	49.86539388701226
3118.5644323023457	49.66843838473858
3047.241648187982	49.4590974499954
2977.951181735805	49.231297244759276
2910.3207907628403	48.61154262340767
2844.4300883308924	47.77818182465717
2780.3756704882167	46.93045024988385
2718.099018171285	46.07801797746538
2657.5416123165614	45.23049082208763
2598.377275384957	44.60519677564446
2540.4283610956923	44.303785322208
2484.0425631547114	44.02020489877259
2429.1782466057934	43.750731727644734
2375.7937764927196	43.49159868354957
2323.8475178592735	43.23899495572857
2273.2978357492348	42.98906573291492
2224.1030952063875	42.73791191120472
2176.221661274511	42.481589824546745
2129.6118989973884	42.21611099718723
2083.9796935625154	41.62764860847062
2039.5085550711087	40.988202692193454
1996.1968252988065	40.34270045923512
1954.0103949113059	39.69622638516768
1912.9151545742952	39.05382889542517
1872.8769949534749	38.42052015765387
1833.5645013715143	38.03050736117808
1795.1325105573242	37.74281644655218
1757.6694317612696	37.46785850457542
1721.1507210245588	37.20314747935868
1685.5518343883884	36.9461725817651
1650.848227893966	36.694398087552884
1617.0153575824895	36.44526314612153
1584.028679495164	36.196181599838326
1551.86364967319	35.94454181379331
1520.407291139878	35.57876471937823
1489.6345001653435	35.095411209817144
1459.6154252202814	34.608420108660596
1430.329892421663	34.1204699499487
1401.7577278864621	33.6342187046277
1373.8787577316505	33.1523036356931
1346.6728080742014	32.67734116087411
1320.040118614829	32.27287496137967
1293.864012195048	32.01527386635911
