6721.374610749797	25.70512614315885
6499.336365972322	26.77988714022763
6286.0402617534055	27.9106539015861
6081.172543142364	29.075091154577876
5884.419455188523	30.250420180836272
5695.4672429411985	31.413413552525526
5514.0021514497175	32.54039047220931
5339.710425763395	33.60721273082822
5172.278310931556	34.58928128568232
5011.392052003523	35.461533445686655
4855.859764736865	35.13175291057769
4706.135290489393	34.50555356219229
4562.112149821387	33.80829519584813
4423.533946496079	33.08292286253959
4288.869564883087	33.37080049020528
4158.993618917428	33.82677437982875
4033.9163760735278	34.28377279391498
3913.454800849266	34.72601464138006
3797.4258577425317	35.13746333894119
3685.646511251204	35.50182491795033
3577.7924874708897	35.63037229985673
3473.317506241812	35.06315229639006
3372.577956854288	34.44048428343331
3275.423871458377	33.785430208929824
3181.705282204146	33.12084350100395
3090.708422051339	32.90848832430072
3002.50212727552	32.99976267002387
2917.340865732089	33.10179727150319
2835.1164840735564	33.20416320568165
2755.720828952425	33.29628706689152
2679.0457470212086	33.36744976613238
2604.9421853714466	33.35673869339064
2532.9734194535176	32.8508969027439
2463.4190646614634	32.31311854387479
2396.1902351478884	31.755716748488908
2331.1980450654046	31.19088607955632
2268.3536085666174	30.630701673137537
2207.106328075396	30.44442338275917
2147.71960850991	30.3708331753636
2090.2528076660487	30.30691049772622
2034.641146014857	30.245669271678423
1980.8198440273834	30.180039755832297
1928.724122174673	30.102867798253385
1878.149147899946	29.834845230521637
1829.0525184307505	29.39597641358864
1781.5030297737737	28.94292609767274
1735.4472825011057	28.482211622284183
1690.8318771848474	28.020281329387615
1647.6034143970885	27.563513991366335
1605.5466978118102	27.24263225219687
1564.5648551321372	27.097087242552334
1524.8275863322174	26.961424720057266
1486.295537991718	26.83097891924797
1448.9293566903098	26.701034810563897
1412.6896890076603	26.566827607952575
1377.4437171074296	26.308254180907454
1343.1748772607011	25.948455036162215
1309.924261932284	25.58172261442661
1277.6593142987733	25.21149270881557
1246.3474775367667	24.84116024976771
1215.9561948228604	24.474078912604227
1186.4529093336496	24.113560746147755
1157.6669085662502	23.868379059299457
1129.609400405863	23.70818974489731
1102.354108836907	23.554987519646374
1075.8767731296412	23.40560395518048
1050.1531325543276	23.25684078537506
1025.1352934670558	23.076202922220773
1000.7401056075125	22.78745056801455
977.0304293343219	22.495153741435672
953.9861208918982	22.20110090408764
931.5870365246569	21.907055913327383
909.8130324770118	21.614757750918415
888.6439649933781	21.325920263029218
868.0596903181695	21.042231911296227
847.9979436674853	20.797297947356384
828.3733910200081	20.642113971371003
809.2788725740896	20.49257047261858
790.6991992933038	20.346507703483326
772.6191821412266	20.201747493798564
754.9844046998625	20.007305763271518
737.7907402433091	19.774681278261028
721.0549246281072	19.541336012638908
704.7642957710101	19.308166605076053
688.906191588766	19.076054438168143
673.4679499981279	18.84586545710934
658.4369089158442	18.618449994675387
643.8004062586681	18.394642602457793
629.5457799433484	18.17526188816049
615.605423881319	18.00246052349334
601.9816589931795	17.86568682027368
588.7061518896978	17.732336482332187
575.7692417617825	17.60091319037042
563.1316072637075	17.432860699639264
550.7996871754663	17.246738344076306
538.7799141102091	17.061112519804965
527.0642003013403	16.876409126425187
515.6444579822643	16.693044426135202
504.5125993863855	16.511424921575156
493.66053674710815	16.331947237433297
