986.8434913694146	2.568158647782525
945.8926800216279	2.5369644292755424
906.8318064228793	2.5158584020787202
869.5747813199864	2.5010724333519647
834.0355154597696	2.4887365218075104
800.1279195890463	2.474873146025203
767.735953389225	2.4175392294829408
736.7814807232485	2.3225300618393874
707.1447637948982	2.284380850912328
678.7942100080363	2.2784339747965987
651.7055665646972	2.2746346350730846
625.8184112323376	2.2694553841771494
601.0474766272614	2.227798071956869
577.3465134172731	2.163887637914087
554.6616495808266	2.1129058589914393
532.898179867746	2.1098389830240194
512.0717723044331	2.1088906908821343
492.13958372534114	2.1070394490155593
473.0390930867637	2.0761882921700305
454.74276880518624	2.0326204204004625
437.2204027463464	1.989183878760457
420.39881212387024	1.9742529193952123
404.2637999347995	1.9732067846384922
388.800775220374	1.9717094664462849
373.9632128930537	1.9470778923216017
359.7355490494017	1.9160371257214877
346.09376672183356	1.8845113008455172
333.00572454886446	1.8575092934629964
320.41858569462045	1.8549190794758772
308.3408386313024	1.8522764941577776
296.7373204404313	1.830997279899833
285.60056805250525	1.807885012302549
274.9109470840234	1.7841553614302086
264.64850479095156	1.7605822217314255
254.77918633336313	1.7480181683325782
245.28652096546364	1.740969152850809
236.15954059695108	1.7230246680752117
227.39104841647242	1.7041953346167276
218.96632084881327	1.6848113091261183
210.87063431875976	1.6651757242590435
203.0888924405902	1.6458288526464457
195.58676346237303	1.6343628507092518
188.3694612263473	1.6181663955156225
181.42926960397023	1.6015234933089246
174.75518954578703	1.5844702089678933
168.3362220023438	1.5670212045808753
162.16136792418527	1.5491686440906562
156.20918654056896	1.5299678021159764
150.47483645593923	1.5143974113586296
144.9561119327093	1.4986612528548306
139.6446767092202	1.4826189976989141
134.53219452381413	1.4661130181751787
129.60874070157575	1.4469039007332611
124.86549944436655	1.4258012620100473
120.28982804443802	1.4102028570476364
115.8829236437803	1.3945599977799077
111.63839163064392	1.3786311560630153
107.54932295508974	1.3614895037124128
103.60825713649692	1.3414710064861168
99.81103661951781	1.3212071325114607
96.14724643780235	1.3041985598166406
92.61491823592061	1.2880739027474988
89.21021524871203	1.2713012340427525
85.9271658151375	1.2522608206855885
82.76248671702149	1.2328445313510379
79.71158654708326	1.2132204591183147
76.76749757376916	1.195172260869736
73.92638881401865	1.1777261855876127
71.18567833026096	1.15883767315011
68.54252603843248	1.139602628676478
65.9932984418253	1.1200643601444824
63.53436204373162	1.1002565580883008
61.160067868390584	1.080667495377007
58.867633924112255	1.061359931820487
56.65575659478536	1.041769302195732
54.52151667473795	1.0218478529925825
52.46188842501664	1.0013983948496588
50.473707492388826	0.9800304625154155
48.553242500100104	0.9593542244247537
46.698771716528995	0.9388234753021898
44.90853591707365	0.9178799504530382
43.17988762587423	0.8960486344233694
41.510876915528534	0.8737794243837769
39.89919117046932	0.8511493200134517
38.341313660115546	0.8289520108439241
36.836471015232306	0.8060052252759711
35.38294945374504	0.7825028719648799
33.97886248563471	0.7584033877121836
32.62226216644186	0.7335783089988848
31.310703131184553	0.7084373481728807
30.04279165570737	0.6828213137260128
28.81727761273458	0.6563626377175211
27.632535256869637	0.6289324246714685
26.486987968085362	0.6004682805566013
25.378744409883257	0.5710873847926408
24.30624949867297	0.5407095369874018
23.268352162443698	0.5088112377117575
22.263638523705765	0.4752510499180609
21.29057592640988	0.4397388699147733
20.3472298218851	0.40196147057366716
