840.6514848624406	7.496290245961973
806.1023463386995	7.348579872855851
773.151005615144	7.209212533504484
741.7220904160729	7.075761670213808
711.7402284657871	6.94570299307307
683.1300474885855	6.816409331558702
655.7698876297087	6.626544176089226
629.57774809274	6.468940936324145
604.5017644142858	6.357582069799577
580.5421260499577	6.251773667621819
557.646689287841	6.149162220118768
535.7633104160217	6.047319720294865
514.813059945562	5.909729478037519
494.76376565558803	5.759122723574222
475.52220157217647	5.656993752120968
457.0946811759901	5.570018435538003
439.458070675557	5.486360069857426
422.57588111449627	5.403871975117966
406.39739548780994	5.302228132218602
390.8906193578275	5.184862964607177
376.0328034503883	5.071796529953403
361.7477909034628	4.997704956298946
348.05618897451467	4.92707383539566
334.93215437059996	4.858053993341187
322.3429693111586	4.779968639953026
310.25950254042317	4.6866623163941625
298.67009635166255	4.594279539897201
287.54407006271856	4.510082415977564
276.8408733241095	4.448363873101172
266.568277480947	4.388611917267497
256.7047271846917	4.32534900273626
247.22576990200804	4.249336537015608
238.1243904557562	4.173674431755813
229.38409498039528	4.099283303548816
220.97954841296723	4.033366667048071
212.88946179326598	3.9801793901936264
205.11375607534393	3.92602744835186
197.63337708069005	3.8623309603708265
190.4435744574953	3.798905411817884
183.53233697709814	3.736201332413195
176.88765341083663	3.6746455590536016
170.4889661021478	3.620691284980758
164.32511916800996	3.5721161220783486
158.39023439532855	3.5172863732128974
152.6804555888259	3.462846262652093
147.18692038261918	3.4089548480103247
141.90076641082456	3.355752918193218
136.81313130755962	3.303362092710252
131.90606696612036	3.2559016288730263
127.17470553418951	3.207409150552948
122.61883063288272	3.159451926682806
118.23181689602397	3.1120228724999137
114.0070389574367	3.0651005896661943
109.93787145094471	3.0186486496940006
106.01615470800573	2.9706127107234224
102.2284493271637	2.926653111008868
98.5779478885682	2.883648152230762
95.0600495866592	2.8411876861094285
91.66972768051707	2.7991461848369426
88.40195542922243	2.7573861075636543
85.24982524659715	2.713290205917499
82.20896737502362	2.670643151608246
79.2727637768036	2.6313578540267635
76.44123335083185	2.592593926597157
73.71051125233507	2.554174881644819
71.07595202729397	2.5148858195111004
68.53405799145322	2.475011619508006
66.08187143342064	2.4355411806597402
63.71302420998177	2.3985591881490897
61.42622190094845	2.362690189161537
59.219047903508994	2.3265635092992447
57.08838767284094	2.2898267045137537
55.0320420569157	2.253333037641333
53.047225959628975	2.2171531193060936
51.13020990229303	2.181982716530978
49.277368553735016	2.147845159668634
47.488000783069076	2.1134447190944243
45.7602479651027	2.0792611218400054
44.09189327921581	2.0452919544318853
42.480719904788515	2.011528719778479
40.92388064622732	1.97771371019709
39.41834871848448	1.9450333586393338
37.963955855652955	1.9125698109658718
36.55891242457762	1.8802693262759504
35.20132435428351	1.8479333688371806
33.88936152017489	1.8154443884026996
32.621299153674265	1.783266474357994
31.394700391425786	1.7519449762927017
30.209076566919585	1.720671113030198
29.062884347060933	1.6892611230653127
27.95485326350632	1.6578983253964257
26.88357891172339	1.626584315610513
25.847247271384532	1.5955055684516992
24.844414106368667	1.5646917334055317
23.87444328097766	1.533859115130035
22.93614125965276	1.5029689551538592
22.0282972408198	1.4719647015139596
21.149743601509396	1.44085666753565
20.29876564443436	1.4099909576198382
19.47483659344885	1.3790212896408143
