1943.2560132636647	12.65630980121523
1867.6240333167136	12.262600628762868
1795.4197182969142	11.883435211129495
1726.465640747505	11.51876101427365
1660.5843732117291	11.168352666042495
1597.189517828021	10.85739356618808
1536.4935874644648	10.562497244572683
1478.4438015772475	10.279617449055422
1422.9212576362745	10.007613111642002
1369.8070531114479	9.745230461624885
1318.98228547267	9.491097732751257
1270.3242390834816	9.23892459766148
1223.4806241520755	8.953046761585256
1178.5116746195301	8.74207659573267
1135.4224348168254	8.540963978511058
1094.1324372325964	8.348067072685467
1054.5612143554808	8.161663265324762
1016.6282986741143	7.979945425880885
980.2457279919938	7.791570140901058
945.2469421694839	7.536036342905561
911.5358626032496	7.380267092487941
879.1787119172577	7.232876448195498
848.1203903870437	7.0921248636884116
818.3057982881411	6.956214472234649
789.6798358960848	6.8232864022270405
762.1835189663261	6.686508423082216
735.7169613095691	6.48725824315207
710.221053730283	6.337356093656666
685.6701147830203	6.2259616696599664
662.0683117758574	6.1203052597595615
639.3775274746282	6.0186796082369085
617.5596446451635	5.919333160033574
596.5765460532953	5.820468104956916
576.3540414573706	5.674499576019599
556.8940115770404	5.530210770046978
538.1023504418434	5.436254959882859
520.0034383021372	5.353746736873632
502.57924935586095	5.274831302240273
485.80309351739777	5.197959450138427
469.64828070113185	5.1215480405273865
454.06596287026684	5.015798473456556
439.0510746050155	4.906531682855729
424.5796786496032	4.802546227142159
410.5876000714977	4.735438577217039
397.10019132312493	4.6716876518296715
384.0985406526722	4.609957088088734
371.5637363083248	4.54888536297635
359.46345952776335	4.469978631136414
347.78959718207386	4.385581727777847
336.52960526866184	4.302378475972944
325.6599403591838	4.226491290866491
315.1447679910815	4.172869430886593
304.996938611775	4.121287109783779
295.202889224283	4.070592894879368
285.7407679945589	4.009003044809873
276.6023779216415	3.942183315609199
267.7796094446261	3.875904173155618
259.2603889252548	3.810845104277476
251.02576013589498	3.752601180528714
243.0550842205235	3.7079339241717264
235.3546183107198	3.664314236703987
227.9089229864287	3.6135785970032543
220.7115279260626	3.559064847773186
213.75657473084766	3.50489135009353
207.03527022554405	3.4513930971090048
200.5388212349108	3.398890654127058
194.25213911612246	3.3521668932610282
188.1636818162643	3.3134503663050907
182.2715848503417	3.269498781067817
176.57187704159298	3.223695613595517
171.05966855270606	3.178234971601121
165.72847047449176	3.133238169090397
160.57179389776044	3.088815356308281
155.58314991332298	3.0450650476599037
150.75026382357035	3.006152070995526
146.06397694603413	2.966473379955602
141.52818459095636	2.9268069455966383
137.13832571469212	2.887534466088262
132.88954795436143	2.848651940827196
128.77699894708473	2.8101465861430555
124.79582632998178	2.771996458362416
120.94036052715637	2.7331067997654657
117.19914164642302	2.6958844877333235
113.57372647642197	2.660668867580469
110.06257873419254	2.6258898146586844
106.66202018144583	2.591467495909896
103.36837257989193	2.5573150436621006
100.17795769124186	2.5233382505540547
97.08547592961582	2.487315190790369
94.08864956289736	2.4512452643492963
91.17948846902964	2.4192792035104667
88.36030374909996	2.3877437784774713
85.62826757872531	2.3565184780907167
82.980552133523	2.3254770509299583
80.41353394269123	2.2934420883585958
77.9247503317761	2.260752660783652
75.51217232600558	2.228313440499196
73.17145020481993	2.1974567547311494
70.89995891586808	2.1683248698164412
68.69746779551144	2.1394228329594505
