1256.6098360192786	2.90905686851886
1205.3625431207954	2.796249240555369
1156.4546876546751	2.6971257679737732
1109.7790448587905	2.6076096149448063
1065.2283899710183	2.5235084835974817
1022.6954982292318	2.4405084680983578
982.0285185315007	2.2979115523122573
943.1373470997142	2.1220432507407168
905.8274783941154	2.0579440500638952
870.1588195032373	2.002270033132646
836.0565597900686	1.9512019409774837
803.4458886175989	1.9008314660850942
772.222720451244	1.8101612327756698
742.3242319735335	1.6901988954285798
713.6641337141949	1.6065489968994484
686.1683778040447	1.5713896383115298
659.8395633422931	1.5405235159393555
634.6248279641146	1.510492071046201
610.4521045751369	1.4534334190844618
587.2744746979788	1.3732481816410598
565.0615439379228	1.2947307834982098
543.7150219411379	1.259265146088154
523.2305133931028	1.2394482165951786
503.58599501254605	1.2207743888980076
484.73062679171767	1.183637522023247
466.6303258934949	1.129647930961653
449.2630929827628	1.07573736433244
432.5920443752557	1.0263978154199833
416.54472413177064	1.0119132518362335
401.13626147798686	0.9988171812548501
386.3295358644288	0.9721584278109816
372.10132502515467	0.9346419545982769
358.43450688826465	0.8967237451682166
345.30463561106046	0.8594925615802538
332.67539261312845	0.8325777409026358
320.5155511430801	0.8218577528547115
308.81716691749295	0.8001008105457714
297.56615805913214	0.7728006193884198
286.7481686094739	0.7450837784477216
276.3452006930644	0.7173933958622598
266.3392564344489	0.6901422886091808
256.69704917985473	0.674680175247957
247.40371239881438	0.6542150836015992
238.45943946246598	0.6325467982510844
229.85144334223907	0.6105878979450523
221.56629439117393	0.5884040669354818
213.5905629623094	0.5660371433116183
205.9080790074742	0.5422054388368309
198.4906423040976	0.5233919866953869
191.346183340569	0.5045638995985584
184.46452666236797	0.4855691374154816
177.8354968149752	0.46623740844229644
171.44891834387073	0.4463792282468546
165.29147916262082	0.4217301160036939
159.3503725605261	0.4001370325934701
153.61871873202654	0.3821395202963416
148.09360892778116	0.36398173153194335
142.76722685595175	0.34536375619490656
137.63033998505978	0.3241323239032283
132.675627530275	0.3005943608920276
127.89621204892029	0.27753123856737716
123.27963138484796	0.2590452693384009
118.82620827808464	0.2402711807837079
114.52901610776419	0.2197386237749015
110.3820282678922	0.19713376752878986
106.3806302748835	0.17397160360717834
102.5191902664865	0.1504303088216048
98.7877440423849	0.129676850355672
95.18429705890264	0.10781863838928984
91.705219441965	0.0846235990207731
88.34651448303954	0.0607456066863179
85.10369902512195	0.03619231867028816
81.97226452478381	0.01092710944688946
78.94425171343906	0.014152355838032094
76.01870702397747	0.039404354605920844
73.19277653225478	0.06546818005354993
70.46283413542206	0.09246142503741339
67.82488185922915	0.12100160288173001
65.27566696857374	0.15073372642009986
62.80973559655303	0.17989045816487348
60.4260339871392	0.2100039780383156
58.12157687163035	0.24172078626082438
55.893587156288234	0.27497969506613984
53.73929197781111	0.3097211588619828
51.65536599532593	0.34571230608774783
49.638202600837886	0.38275344699699687
47.68664362330605	0.4217543614142123
45.79821337950571	0.46295787962513657
43.97046065773117	0.5065812696520524
42.20088243569808	0.5529183059351404
40.485974446851536	0.6016533239161532
38.824448543113014	0.6536872697326572
37.214071841317974	0.7097082994516697
35.65231015197448	0.7705797209287297
34.13709229032695	0.8365501150397883
32.664786594452295	0.9087978248822051
31.23327688825316	0.98886631124833
29.839821602179082	1.0786058630402486
28.480349073766785	1.1813735968448658
27.150784637271926	1.3005319338201744
