2051.7514955554752	18.431536386874768
1972.969479688264	17.889405915287057
1897.4662506961604	17.17979834771063
1825.2274526016217	16.463215780468317
1756.1397890942176	15.776143673445745
1690.060003695245	15.117403007074074
1626.8448399260078	14.485686828756343
1566.3510413078034	13.8795542888912
1508.4241772053233	13.283392950250175
1452.5836565995319	12.734252184751881
1399.0510555471205	12.22953695054241
1347.7559715568627	11.747367257340215
1298.6013366297716	11.285621653724434
1251.4900827668566	10.842086732669657
1206.3251419691312	10.414452899199432
1162.986328944167	9.971215018709472
1121.2510586229737	9.52361175567762
1081.1041533676062	9.162288910206485
1042.568729262005	8.818421921012884
1005.5782070008805	8.489623975112636
970.0660072789449	8.173441610871862
935.9655507909084	7.867351665579633
903.1860700239779	7.538240902263624
871.6523048883686	7.172448228195094
841.2274650174909	6.906351833069806
811.9755272322463	6.656210715609632
783.8530968212569	6.417519209041103
756.8138134678215	6.187910905173965
730.8113168552414	5.964968147788966
705.7769549762595	5.718021357655175
681.6710549295104	5.452973323185631
658.4397095200328	5.220412696638675
636.0275807224051	5.034793211099526
614.4507458362666	4.858138125098861
593.6764854644116	4.6882769248074965
573.6720802096355	4.5230009187812925
554.3846778183535	4.334521983800158
535.7969206653638	4.140013172445663
517.8872608685135	3.9513166281325027
500.58506746701624	3.8010260625369483
483.8947047464557	3.6669125310241952
467.8052002157069	3.537956261779186
452.2931128423703	3.4122152719682504
437.3167122604433	3.264445665761741
422.87324630765505	3.118948903724913
408.9420303051493	2.977202723721618
395.49645323031825	2.844535795133453
382.49110167929166	2.7398698691457923
369.9398062689191	2.639106976144234
357.82091399053417	2.5346875002134084
346.1145152584677	2.421242754541936
334.8135517682958	2.309786468951927
323.90277047562245	2.2008601875601244
313.36691833605244	2.0949837280587076
303.176235697609	2.003111140801778
293.32109209479165	1.92163807169986
283.7918676394432	1.831886811952188
274.5836258630725	1.7421739796776166
265.68614407602684	1.6540414125832825
257.0881186614146	1.5676311404768057
248.77824600234365	1.4830680400732916
240.74367613099733	1.401566356908944
232.95619666604634	1.3285341876527212
225.42317825668184	1.2536659134916448
218.13858564616706	1.1800753464495557
211.0938979747979	1.1076722307722378
204.28059438287124	1.0363530220670896
197.690154010683	0.9660002815319331
191.31207429080047	0.8939273137027328
185.12992578618463	0.8263602411079418
179.14397747604798	0.7622287995179278
173.35089377974788	0.6990342212746725
167.74414307002183	0.6365390499483539
162.31719371960773	0.5744947713242894
157.06174267956447	0.5103490220943172
151.97253240092482	0.4454748912434354
147.04031533305425	0.3842570774760219
142.25993956739154	0.3264167769317723
137.63008351186826	0.2689753177804235
133.14543022961138	0.21131019050211108
128.7996810933739	0.15151304267576648
124.58962816469568	0.09167978435605306
120.51054597333078	0.031928304659828655
116.5549400088879	0.025700559258154954
112.71873503593528	0.08156940138486846
108.99945102327335	0.13907658430351688
105.39414271866832	0.19717348679661484
101.8991419167092	0.25575981489117794
98.51066164780758	0.31489779520052963
95.2249149423757	0.3746577864216647
92.03474499174942	0.43408263333309804
88.93953649987063	0.49375491845387387
85.93701639061996	0.5544385616399055
83.02407860572762	0.616331960885482
80.19747644571679	0.6798252988957998
77.45413435029961	0.745091757472462
74.79050435209103	0.8115146752379765
72.20274026862356	0.8786206099272
69.68989107954921	0.9479266283417722
67.24931193741527	1.0197947507863923
