2260.8341118539965	77.75682530567224
2166.725496555494	74.42935370948715
2076.849294403545	71.31091842350054
1991.0925832789073	68.31560187158402
1909.2693501709527	65.44741942293587
1831.1935820690496	62.71073402783554
1756.67926596257	60.11026303215817
1685.4385212787583	57.776410752307754
1617.40348360692	55.56938774395405
1552.3410868621947	53.40886132715468
1490.0454699784898	51.2436919113112
1430.5075491975529	49.174127678471336
1373.564657412824	47.24193737351442
1319.0727273610082	45.46626857044777
1266.960039247022	43.77722110918211
1217.0756971346755	42.13740200264698
1169.2352783669007	40.48412830577615
1123.4463399569006	38.90163991134824
1079.5696632163738	37.448093554103025
1037.550451675138	36.077416791734606
997.3130218797647	34.769492042554816
958.7653983105071	33.512146280005425
921.7392329666764	32.23536423387998
886.243696971034	31.024349841514095
852.192487979607	29.90352554200112
819.5507664161753	28.833564433685922
788.255683057536	27.809996053859237
758.244388680484	26.828471477222052
729.3952382792725	25.840335338295432
701.6843637199161	24.91109742296669
675.0865032694683	24.029965741361934
649.5616888507859	23.18616809425194
625.0633118399242	22.377284044234784
601.544763612939	21.600984109424985
578.9210291264521	20.83833285006054
557.1616381201666	20.11044581852761
536.2604504537082	19.411738597096246
516.1824727352162	18.74097277902945
496.8927115728285	18.096977470086756
478.35617357468436	17.478651012694257
460.50777087751226	16.88795043204101
443.33091625884714	16.30717052813978
426.8165670554505	15.7481354405232
410.9381701770602	15.21044218742118
395.66917253341296	14.693739853972303
380.9760858935604	14.206446068946107
366.82908919514347	13.733704961033169
353.202483498159	13.266587394408162
340.09068669504745	12.816188943415767
327.4732734631571	12.382611378154166
315.3255316492179	11.971400847131065
303.6299992263752	11.57901434008943
292.3643887422252	11.196147356379669
281.5056712673921	10.817902118679683
271.0492216092139	10.452986068250226
260.97584922056086	10.105978383830845
251.27244601217365	9.773805434851639
241.92579135041302	9.453560388770612
232.91630269386735	9.140583842043029
224.2279161776987	8.832839832975722
215.8523561554187	8.540050835190726
207.7808332406387	8.25806661507329
200.0019535513353	7.986058331153799
192.50411708510975	7.723481594515775
185.2698126429567	7.467250296606693
178.28967108811162	7.2190333124005335
171.55939135327384	6.979349191048534
165.06966470302112	6.747984551272552
158.81114145166362	6.524795850736858
152.7730705804618	6.311444968790518
146.94272758749915	6.101122103028452
141.31757131970124	5.897486366470183
135.890489712414	5.7008930297713505
130.65302074980406	5.512518155732664
125.59877946515164	5.330895501468667
120.71880826428665	5.15409706559592
116.00581237110895	4.981652181065847
111.45534810246882	4.81629208449737
107.06210535398952	4.657002375536223
102.82011548785187	4.503616456233239
98.72281996924832	4.355841565640496
94.76233658067895	4.212079180326363
90.93629538554276	4.0739899532286685
87.23957234536948	3.941683853579079
83.66695464251379	3.815379610805053
80.21338221602598	3.6947760796918274
76.87216045988636	3.578637999165423
73.64083054172221	3.468457327806629
70.51459647467547	3.364893430194126
67.48892692188706	3.2682370632724833
64.55892618988568	3.178497475309719
61.718621298692625	3.096498386869712
58.96508737299679	3.023330331793929
56.29247647096244	2.961546479051915
53.69575951117305	2.91254082737024
51.1669547009044	2.880112366611794
48.699332900880094	2.8684925786553386
46.28006656382895	2.8895495336304187
43.895350426274575	2.955243638373627
41.4931117568559	3.124462986408112
