14296.65884010485	32.376323007186784
13840.300539506083	25.092451917881135
13399.179655580527	20.15698039857034
12973.694695492115	16.45805167520166
12564.371691340266	12.729623964990878
12170.655407881295	9.004727121885026
11791.99060987155	5.317102299269209
11427.82206206735	1.7012114643871428
11077.59452922504	1.8077541865100102
10740.752776100953	5.173866933740555
10416.741567451412	8.36045636425115
10105.005668032749	11.33010430971126
9804.892020010197	13.926740070007327
9514.039440448145	13.933991081780277
9233.885559203249	13.71340684293682
8963.97719701131	13.347787121045712
8703.039368926646	13.571167736765574
8449.394253415734	15.435062773428172
8204.777366987044	17.283756963986207
7968.867137593006	19.093573545920663
7741.341993186063	20.840427157348586
7521.880361718646	22.499820779235733
7310.1606711432005	24.0468431550662
7105.861349412157	25.456166673236794
6907.520190934398	25.321984570894983
6715.883192784734	24.90890096507792
6530.803414463064	24.40167372116889
6352.01759934855	23.84403890797671
6178.374427239156	23.979707816004293
6009.601746146434	24.857756009111654
5846.429625934163	25.73733189136351
5688.66920879054	26.602351399746794
5536.131636903778	27.43650037454654
5388.628052462091	28.22323298053425
5245.969597653683	28.945770337139265
5107.75427710962	29.328344452364263
4973.434167355472	28.91742422075663
4843.430276298252	28.435738923808458
4717.587520664596	27.90665232337119
4595.750817181151	27.35333961034962
4477.638482871236	26.898058550385713
4362.219309255495	27.250153411836095
4250.380353198436	27.61470998158927
4142.009043372797	27.98089870166757
4036.9928084513067	28.33775887373315
3935.2190771067053	28.67419770594006
3836.5752780117127	28.97898945480449
3740.86438532963	29.137875637691536
3647.6463128737314	28.740111252813563
3557.240868171928	28.300743990447017
3469.5552849449355	27.83218447711647
3384.496796913485	27.346735314429566
3301.9726377983015	26.85659044544559
3221.761954828766	26.47367296909738
3143.318543050499	26.56309780069091
3067.155998309089	26.663906540554194
2993.2061759637772	26.76871597318177
2921.400931373811	26.870066395119125
2851.6721198984305	26.960421035237573
2783.9515968968826	27.03216551883702
2717.9644748226624	26.824756247379128
2653.746246687729	26.456991400428024
2591.3499563481255	26.069214209976394
2530.7192471295366	25.66794438454633
2471.7977623576558	25.259638300891197
2414.5291453581676	24.850688580601627
2358.857039456767	24.447423697758495
2304.3947107566864	24.31199149645647
2251.3055683351013	24.280108333857015
2199.666699291155	24.2545311480701
2149.4361848305225	24.23018561207732
2100.572106158883	24.201951592030355
2053.032544481911	24.16466278819547
2006.6193933634795	23.92137351592595
1961.407466808273	23.610000317348863
1917.4062462493105	23.28832916618478
1874.5809202580094	22.959750910684136
1832.896677405793	22.62761853869131
1792.3187062640789	22.2952468828002
1752.8121954042906	21.96591234121729
1714.342333397844	21.642852613467085
1676.6383802450453	21.51084516449538
1639.8589130664577	21.424032363352808
1604.0262387105918	21.341569721824328
1569.1141391764013	21.25994824929637
1535.0963964628509	21.175630942769942
1501.8690243737096	20.98923367517358
1469.4359467130298	20.734229951862858
1437.825243592478	20.47388665732376
1407.015046412582	20.20992297124735
1376.983486573867	19.944034991998706
1347.7086954768595	19.677895528427484
1319.1688045220844	19.413153899877898
1291.3419451100685	19.151435744136677
1264.2062486413374	18.89434283287801
1237.6450701254766	18.715933917079838
1211.6476749489461	18.609152552092098
1186.2831681859054	18.505930997604082
1161.5348625065076	18.403824492279853
1137.3686095902503	18.278777788172135
