7483.557761537373	113.65618887650453
7217.5650884166225	108.7495716325966
6962.8543971637	104.17861962945062
6718.908442794863	99.89483459348958
6485.209980326388	95.85053395676186
6261.241764774536	91.9988572655102
6045.173198010965	87.25847389322621
5837.817258561534	82.63401794362176
5638.39836342778	78.80499126790642
5446.789226914441	75.49664599611879
5262.891078280919	72.39973339028893
5086.372417001174	69.48761841624173
4916.901742549176	66.73417147200985
4754.14755439888	64.11377263085683
4597.383202715929	61.291316568605
4446.155542759922	58.147391349047666
4300.508353877289	55.43553385973598
4160.218996306439	53.15046609733986
4025.298884157483	51.00230583168104
3895.533136690264	48.97664882388915
3770.7068731646355	47.05940726209167
3650.605212840442	45.236812762066506
3535.0132749775366	43.49541907396315
3423.326529728647	41.51804727153183
3315.45736111736	39.49167874750049
3211.2663140581444	37.88240895787294
3110.8747616310075	36.362530712871035
3014.1417416223258	34.924495864876576
2920.9262918184822	33.56095668907767
2831.0874500058508	32.26476806775395
2744.484253970817	31.02898951429688
2660.975741499757	29.846887045765698
2580.182909361232	28.52716541535392
2501.9020060652383	27.279739362218265
2426.2678001830172	26.187993480359182
2353.2665974492493	25.150429985653204
2282.8048231114576	24.1634366167566
2214.7889024171686	23.223531157704656
2149.125260613906	22.327362956992715
2085.720322949198	21.47171436154406
2024.4805146705658	20.653502070154843
1965.2330232733566	19.80859896953058
1907.6302102536247	19.006773973983684
1851.937414159315	18.249814318015694
1798.0998214633364	17.526202435660196
1746.05450930267	16.83446279594193
1695.7385548142872	16.173205580728563
1647.0890351351727	15.541127774181462
1600.043027402297	14.93701420604873
1554.5376087526442	14.359738551015027
1510.495080193174	13.826468742634518
1467.6344861136631	13.301499736194103
1426.1044902210906	12.767556121149255
1385.9012711934638	12.254187702283787
1346.9819911120812	11.761036768075144
1309.3038120582441	11.28780297077833
1272.823896113251	10.834244122310565
1237.4994053584032	10.400176964769116
1203.2875018749992	9.985477916428636
1170.1265798550885	9.613284067657844
1137.9273364638211	9.3018791319343
1106.610641689562	8.91967437384318
1076.2557466332914	8.549969859306202
1046.833077496574	8.192980164375399
1018.3130604809805	7.848958938952137
990.6661217880758	7.5181994951621505
963.8626876194298	7.201035381600832
937.8731841766082	6.897840943671156
912.6508577933305	6.630341340514434
888.1568709991948	6.410513182940321
864.3592661412964	6.174742784893624
841.2133647396072	5.905328252866525
818.7525050583055	5.64375593117893
796.9560068315236	5.390530789789381
775.8031897933922	5.146185287369747
755.2733736780438	4.911279802010654
735.3458782196087	4.686403053856139
715.9851303465734	4.490708939356097
697.1707242048165	4.324523884944114
678.9001212750878	4.165947568724164
661.1235445528852	3.9890519363206636
643.8280955211217	3.795780437181719
627.027004896178	3.607765771230447
610.7056020159671	3.4256117552730245
594.8492162183965	3.2499419359458557
579.4431768413788	3.081399909523242
564.459533355561	2.9372365844387787
549.8903874252367	2.8096940208218086
535.7302829435866	2.68796917412908
521.9661724265969	2.5707552019367768
508.55921218486856	2.437442390644435
495.5090809985546	2.296324943472513
482.8198874941502	2.15900430316222
470.48107495658996	2.0261045672560556
458.4820866708078	1.8982642710312518
446.7998379774095	1.791840495212199
435.4356377155966	1.6926407662858338
424.38179517045046	1.5977539547005364
413.628898009033	1.5064391752680564
403.16753389840585	1.417968805572201
