3343.277921586387	29.94272104456536
3218.39704703072	29.144313432055128
3098.627687960131	28.01437486716486
2983.9756892059486	26.845940407563376
2874.2746724027484	25.716920585052094
2769.298445348247	24.63036467447796
2668.8208158401644	23.589156213623937
2572.6155916762173	22.596005801567912
2480.2994137110127	21.771156497677907
2391.341824189401	21.047189098580816
2305.957501592473	20.230294491710538
2224.0936820554034	19.442292592765284
2145.6005828104912	18.683520281792312
2070.32842109003	17.95420045822391
1998.127414126318	17.2544370647978
1928.8477791516493	16.584210150816716
1862.1448671139296	16.010740191692832
1797.782894522616	15.429887498669984
1735.958826958447	14.871734415806998
1676.572273553395	14.335312086567399
1619.5228434394376	13.819572773142113
1564.7101457485471	13.323386373018423
1512.0337896127007	12.84553695020287
1461.3933841638716	12.384719282821607
1412.5059466409662	11.90638942077561
1365.318570213502	11.50272442699162
1319.914888387728	11.116538285914089
1276.2268285883733	10.746304023819846
1234.1863182401705	10.39043727510824
1193.7252847678478	10.04729381692323
1154.7756555961387	9.715167107137859
1117.2553748267535	9.37468006251936
1081.0114189258297	8.99264346612415
1045.9752981443137	8.708271394159965
1012.211712097987	8.437315138876556
979.6738722844093	8.178092278803206
948.314990201138	7.9288782120297014
918.0882773457326	7.6879043788335935
888.9469452157505	7.453356481604715
860.8145867616274	7.185985772154737
833.6541611206028	6.89615215108654
807.3525580809142	6.687468390823028
781.9643978805096	6.494020086443243
757.4638027360556	6.309259057704651
733.8182208433357	6.131526585875406
710.9951003981355	5.959131366681447
688.9618895962369	5.790348201752039
667.6529369904979	5.5815202558090675
647.0698633043303	5.374075456978517
627.1498055721345	5.200708718392548
607.8706012672964	5.059338224651157
589.2420537578033	4.924448848991318
571.2411929556532	4.794550400758283
553.8450487728455	4.668128192610055
537.0227228568957	4.533580701436648
520.7435017818514	4.379499260242426
505.0035375342327	4.228552130709602
489.7794220241946	4.084582085097878
475.0100604707537	3.9788741258971356
460.7229579442958	3.8780636367764885
446.901685801251	3.7808384135935285
433.5298153980491	3.685867573622602
420.57805286831126	3.575422201836119
408.0404284090608	3.461432010204746
395.90616400165675	3.349701284137268
384.1606296041662	3.2411145457211887
372.77035191334846	3.1501947110165816
361.727680738028	3.0727026231159016
351.0341704503585	2.9977331924618795
340.67425158083256	2.919470945900443
330.632280785457	2.8319826775007044
320.9054547752917	2.7457210982696125
311.48312889970936	2.661117349942728
302.35465850808345	2.5785887650801698
293.5065566834026	2.500585303816038
284.9121803669403	2.4390022895935033
276.5818807486777	2.3790823786225985
268.4991511035254	2.3099249506484654
260.66388749965824	2.241630744906999
253.06825771780666	2.174395122991939
245.7044013103611	2.1083667856469646
238.56445782971414	2.0436835114584255
231.6405668282561	1.9804717277542778
224.91375804181408	1.9267847322939389
218.3797985777416	1.871067268836768
212.04040859489578	1.8151514325211195
205.89052590948688	1.760097855489434
199.92425844852613	1.7058922556547031
194.13571413902315	1.6525118709650854
188.51900090798864	1.5999251162308994
183.06822668243262	1.5480912333575674
177.76949827914802	1.496063779660183
172.6198654429923	1.4484955239252955
167.62084033956944	1.4017221168428975
162.76793596524584	1.3556312871905192
158.05666531638838	1.3101040264177541
153.48254138936355	1.265014308891466
149.04055412324462	1.2195512407981965
144.72484590138254	1.1717961394264478
140.53099294965943	1.1262586136406796
