8098.286265651339	10.44528458689615
7829.642942420807	7.0542490770653785
7572.069592379746	3.8996626081070644
7323.954929732607	2.3132696357365603
7085.415397776591	1.539736897308103
6856.4576762880615	0.9561961185358996
6636.633679896431	0.49010777422063256
6424.137163827237	1.002138568130249
6219.151644380133	3.091829308805245
6022.137626281574	5.1323617573027605
5832.771935260361	7.0954286446124115
5650.731397045303	8.952258911048602
5475.692837365215	10.673614468913456
5306.4971676469595	11.215405424704386
5143.561754944445	11.445341076293516
4986.757774620625	11.568660481500729
4835.819879728628	11.624614342469158
4690.1884561256265	11.883011500910243
4548.829431249947	12.984927652023998
4412.615701233532	14.074806428906868
4281.354067395483	15.13394292668363
4154.851331054904	16.143367304664366
4032.914293530902	17.083842750543795
3914.990336072573	17.498180262475216
3800.994807012579	17.49838143128909
3691.0343305406104	17.429446177014142
3584.9498338315952	17.312717401576947
3482.582244060455	17.16932022493893
3383.525868305537	17.21256567867613
3287.2461005577193	17.755656519007857
3194.253064938653	18.296755146272176
3104.4298447426845	18.82332836562034
3017.659523264163	19.32268864990317
2933.8251837974412	19.781992886494663
2852.4610335924117	19.761806029842433
2773.7612717026113	19.628949474390083
2697.6821413498847	19.45954596119202
2624.1270806868524	19.265069229334472
2552.9995278661318	19.05686557032891
2484.202921040342	18.846152927610888
2417.161432035738	19.01556523386239
2352.1919344775292	19.255134485750318
2289.3059106637716	19.491937882838897
2228.431676495979	19.7174690058157
2169.497547875662	19.923129421995895
2112.2309456078874	19.853770360833323
2056.710450892867	19.684768930460564
2002.9353754345668	19.49434018971766
1950.8463272336653	19.28863045660762
1900.3839142908562	19.073710346493044
1851.4887446068196	18.855574133437926
1804.101426182246	18.640139155492818
1757.8165714272977	18.699791485836386
1712.9173923645435	18.77607951133257
1669.374794086738	18.85136722422982
1627.1442232862464	18.919878355224512
1586.1259576262482	18.907854445172973
1546.2195644701656	18.74051690981497
1507.5007405641331	18.559940241309846
1469.9324449686555	18.369391952488456
1433.4776367442348	18.172093901131234
1398.099274951372	17.971221833635184
1363.760318650573	17.769904952187403
1330.4237269023372	17.571225504412382
1297.905107189245	17.491021477599418
1266.232735578801	17.482125906662645
1235.4650430555319	17.474368535331905
1205.573949620236	17.46380722567892
1176.4687829044249	17.369096326088368
1148.1397077897498	17.208708126378895
1120.6099018098657	17.04194220878378
1093.8559325521962	16.870475487691408
1067.8543676041625	16.695956607859102
1042.5817745531879	16.52000563200272
1018.0147209866939	16.344213740876455
994.1297744921035	16.17014294549432
970.9035026568383	15.999325810824644
948.1747212287827	15.937995740498366
926.0486849279092	15.889671645014175
904.520869346453	15.841425000130641
883.5335019100021	15.741112891678114
863.0786000462971	15.598312183203404
843.1723947738328	15.45266108569993
823.7998413577553	15.304981738106392
804.9458950632052	15.156078464945978
786.595511155328	15.006737559750036
768.7336448992644	14.857727075385498
751.3452515601599	14.709796621258164
734.415286403156	14.563677167218913
717.9287046933963	14.420080853789756
701.7869363005657	14.342761101024848
686.0463401572183	14.27840986650196
670.6939810410944	14.194158702306055
655.7042585817289	14.070698953979047
641.0978127441799	13.946330954391556
626.8648353363837	13.821422775243576
612.9955181662763	13.696331062575098
599.4800530417939	13.571400885777024
586.308631770873	13.446965590580533
573.4714461614493	13.32334665612413
