3501.012769101886	102.05846699832284
3362.339835838414	97.68426515970702
3229.9085126588925	93.5126074042737
3103.4366464113036	89.5391500629031
2982.642083943637	85.76004733215802
2867.2426721038746	82.17195859316189
2756.9135683937384	78.82425625904466
2651.237178214679	75.85893323412836
2549.7638006663806	72.73171215062621
2452.681928983065	69.74000104268237
2359.7964462946575	66.88340567580451
2270.9122357310825	64.16187219815504
2185.834180422271	61.575692286234016
2104.234223936306	59.28860558809606
2025.986839432854	57.08556890131973
1950.797267516665	54.81033351540668
1878.7414932321267	52.62842181560154
1809.6831025804727	50.5413730272287
1743.4856815629423	48.55096242177814
1679.9585970804642	46.7259127602922
1618.9747432617191	45.05711957397256
1560.4031974117322	43.4145606364998
1504.0607085969605	41.73359230164863
1449.9835102620477	40.11835150903619
1398.075324217631	38.5712256692006
1348.2335175906019	37.10260870160181
1300.3013936251934	35.789816368874824
1254.2612198757306	34.5388541672952
1209.9852289396338	33.30683849799448
1167.3410272450658	32.047603651861095
1126.3540704960553	30.83571967080303
1086.9556361283187	29.673828493255087
1049.0434063776179	28.606281095671022
1012.5681229005247	27.611910265249207
977.4877713814495	26.660648155108333
943.7198196500779	25.72977156534978
911.1527112210233	24.77467049774907
879.8112039277469	23.85442906833802
849.6382799774918	22.980904054481954
820.5632760811081	22.183006924384443
792.5717412740597	21.419925240511276
765.6195579999767	20.687738663651004
739.6568000639886	19.978213035391292
714.5847653286572	19.24636623045953
690.4283156941627	18.540684183403215
667.1309994400295	17.888852027195412
644.6744594520442	17.271181412331202
623.0320281942978	16.678368513208824
602.1714207268271	16.108160713439418
582.0603521096753	15.558362356967109
562.6231234604002	14.994235960692976
543.8645114939447	14.45749638659251
525.7600190403253	13.95472861042063
508.2963636361636	13.471377622101926
491.4496565480516	13.006177475156932
475.1960090425827	12.557904018289577
459.51153238634885	12.125375810331292
444.34469563280743	11.690806186735472
429.68391214731247	11.27953963653566
415.5301298368597	10.883030565555032
401.86547660066697	10.500661087048755
388.6720803379518	10.131844351983489
375.9320689479333	9.776025267362883
363.6275703298287	9.432681203724798
351.7167880196557	9.101309818747993
340.20060258453753	8.774907239475482
329.07403648368825	8.459296211345332
318.32353288357126	8.154271218337456
307.93553495065163	7.859650715766094
297.8964858513931	7.575277679465373
288.1867896480037	7.308643633413595
278.7900484612779	7.0439400465356385
269.6979936417778	6.782095387550967
260.9072875750485	6.528358909639294
252.40753139106914	6.282789420616979
244.1879908757913	6.04588888443952
236.23452052906202	5.822499695679852
228.5417429416629	5.606383165511517
221.09299394626294	5.391429515329989
213.88208723295156	5.179230100482783
206.90560587073378	4.973408591847104
200.1542223280051	4.7757611317362745
193.61936581570694	4.587140308356382
187.29559643247433	4.404434320816669
181.1754606544402	4.227100552749292
175.2453172382557	4.050109941848703
169.50269047254935	3.8765764368494544
163.94135304196413	3.71079041381752
158.5571201899976	3.550281143544929
153.34432891023795	3.3944685375575148
148.29708642508157	3.2430750226850193
143.40923190840783	3.0956391476136886
138.6686658938704	2.9494497052244526
134.07655939907292	2.807950841439734
129.6287701765011	2.670284515013172
125.32058308047965	2.536330997476014
121.147282965333	2.4059773231390835
117.103478667575	2.2799827793219904
113.18281348956646	2.1560927025251786
109.38171768146425	2.0337152348907424
