6568.840023970677	41.23119541092319
6353.721399882281	42.0520179987609
6147.136976490311	42.906018789469954
5948.770266370852	43.77337780554217
5758.304782100004	44.63382255967713
5575.424036253849	45.46662338331703
5399.811541408486	46.25058939899168
5231.150810140001	46.96406514157138
5069.12535502449	47.584927818593314
4913.018227610668	47.604198959215864
4762.189202405401	46.60495609238478
4617.114098247714	45.52572377185675
4477.535291992679	44.41415838785156
4341.869044452874	44.35683459078939
4210.920447457875	44.56654921949564
4084.817323241151	44.787752553861196
3963.378713768465	45.006773426990094
3846.4236610055696	45.20968968344255
3733.7712069182253	45.382326265064535
3625.240393472187	45.510253573732825
3520.448158586125	45.33236812779319
3418.9091965459447	44.46226646530465
3320.985430682593	43.54648448288265
3226.5292205597116	42.61027640310476
3135.228646491072	41.80667609780687
3046.2448118738844	41.69856914714592
2960.326129054717	41.61218869196421
2877.367869656586	41.538640493149046
2797.265305302514	41.46889230557815
2719.913707615515	41.39377265323901
2645.2083482186126	41.30396972840242
2573.0444987348214	41.19003041311737
2503.0266811810297	40.686411428111114
2435.191008264422	39.9554994532308
2369.6105894437233	39.20509232325605
2306.199751344248	38.44855085681252
2244.872820591309	37.699121692003814
2184.990414228647	37.39835167675051
2126.947157841607	37.187161426390276
2070.7708960765267	36.99062461973233
2016.4002440875793	36.802812208122816
1963.7738170289404	36.617716855871834
1912.830230054783	36.42925223828502
1863.5080983192831	36.23125239609453
1815.6130352770062	35.85399571036106
1769.0695505153064	35.273651397189326
1723.9776844464855	34.68217562305807
1680.2870779789814	34.086661693272845
1637.9473720212186	33.49413828917545
1596.9082074816342	32.91156897393796
1556.7422565456955	32.63553856037987
1517.7589084954902	32.396116086837424
1479.949078972428	32.16836209684794
1443.2762999816146	31.94834681683733
1407.704103528153	31.732095354995124
1373.1960216171487	31.51558726274874
1339.7155862537054	31.294756122910428
1307.0861769995968	30.892492258028597
1275.3761967890543	30.433957231031627
1244.594953486885	29.971442399425598
1214.7124387069073	29.50868781413817
1185.6986440629385	29.04939606871153
1157.5235611687992	28.597231970579685
1130.0546103636912	28.234110032736965
1103.213625761895	28.000232670156095
1077.1310744528323	27.776613951779893
1051.784985825177	27.560651286297627
1027.153389267599	27.34971565055315
1003.2143141687719	27.141151304384607
979.9457899173665	26.932275518628614
957.2547106524339	26.63220241076263
935.1493497822196	26.275610277002556
913.6543105717735	25.917452975000913
892.7514515060215	25.559695219758254
872.4226310698873	25.204279649230216
852.6497077482969	24.85312660226333
833.4145400261743	24.50813390671931
814.6497698075973	24.208465331712205
796.275011470779	24.00304782746639
778.3889073329378	23.805189561027532
760.9780249337496	23.613140704533805
744.0289318128941	23.425135502651244
727.5281955100469	23.239392091017265
711.4589867773911	23.049884100941597
695.7423170716481	22.773164156895746
680.4358376579817	22.495857932405556
665.5284184557022	22.21898876202883
651.0089293841252	21.943566763424343
636.8662403625615	21.670588687014458
623.0892213103252	21.40103777133237
609.6667421467287	21.135883604034063
596.5876727910854	20.876081988434095
583.7705708748733	20.675421605088815
571.2438912929097	20.505008973847424
559.0315015942543	20.339444580389
547.1250631093892	20.177538381495708
535.5162371687952	20.018090447450902
524.1917992109267	19.853781390683565
513.1070261512693	19.63787432939668
502.2962589821266	19.42249124472167
