4860.383056467025	10.619921904822377
4695.423437585826	11.904008981575998
4536.584417983355	12.800650890380666
4384.031123201907	13.762514962736077
4237.539612367942	14.76934278440524
4096.8859446079105	15.80055029098719
3961.846179048275	16.83522334636075
3832.196374815486	17.852113709951368
3707.7125910360023	18.829635408877493
3588.1708868362807	19.745861522641803
3473.2693593602644	20.483450121187275
3362.3248893752325	20.459513817413836
3255.6899689159236	20.353811410650792
3153.1804671388254	20.19168743921057
3054.6122532004306	19.9982075887807
2959.5231908440423	20.01450812820599
2867.428823789698	20.498290837489776
2778.780530748212	20.97899227566279
2693.443509611321	21.442306104598288
2611.282958270757	21.873728578084524
2532.067797446276	22.14070663623761
2455.4604979708506	21.979959798817276
2381.651506790565	21.774398758489042
2310.5296730759846	21.537734446531886
2241.98384599768	21.283515649181595
2175.9028747262164	21.02512764957146
2111.7305525590023	21.1199082160407
2049.7067124255195	21.309086206577376
1989.861992044578	21.49592054187775
1932.114262098638	21.670796942977688
1876.3813932701646	21.823984132815553
1822.3331666071383	21.64071442395283
1770.1379745080824	21.418704217427603
1719.7374322030898	21.177073803162102
1671.0636190836117	20.92313206033748
1624.0486145411023	20.664091357817767
1578.6244979670128	20.407066664637398
1534.4304996144424	20.384051403839067
1491.6363075174727	20.419136544266905
1450.2580240979416	20.45459231277556
1410.2449705295703	20.483952913312635
1371.4921550623726	20.43368342846378
1333.892088867037	20.226998637192025
1297.51570670228	20.00719747706563
1262.3209665085888	19.778208121933858
1228.265826226455	19.543901011737375
1195.3082437963635	19.30808821066728
1163.4061771588088	19.07452280110374
1132.4254168659904	18.91724853204596
1102.2785429507378	18.874390690966436
1073.0741220037817	18.83451447509958
1044.7804701144662	18.793256975892575
1017.326895892013	18.69790081511968
990.6523055789002	18.50750580386176
964.8001354263606	18.310590947995422
939.7440105486667	18.109209592752137
915.4575560600887	17.90537964307802
891.9143970748985	17.701083125312152
869.0881587073668	17.498265768265867
846.9524660717652	17.29883660311532
825.3943313004329	17.17030940296806
804.4125238871054	17.095356309252224
784.0512838788634	17.022237195468847
764.2829296671823	16.93850563196807
745.0320100997088	16.772251718054463
726.3448152101328	16.60293162254675
708.2045696131645	16.431587380086825
690.5944979235117	16.25923893217754
673.4978247558842	16.08688382557031
656.8977747249902	15.915496921583724
640.7775724455385	15.746030116407184
625.1204425322385	15.579412072142418
609.8713918540768	15.445303521523527
594.9931596230186	15.359937635024579
580.5326417138863	15.276242381086092
566.4482706195702	15.156352693008301
552.7391995877421	15.013210849178705
539.4123614148941	14.869487209613311
526.4569308201395	14.725667121072519
513.8620825225918	14.582221733725646
501.61699124136305	14.43960779965127
489.7108316955682	14.298267478004561
478.13277860431873	14.158628146998524
466.8720066867296	14.02110222268459
455.91769066191233	13.886086984357632
445.20230086234767	13.796289907453655
434.76649839589066	13.713591909307056
424.58047677461366	13.595419259132669
414.66371945929706	13.475293600918306
405.01096020729426	13.355705323361803
395.61510956791193	13.236849299225568
386.46907809045774	13.118911125427488
377.5657763242386	13.002066988136903
368.8981148185619	12.88648353238986
360.45900412273465	12.77231773642687
352.2413547860642	12.659716790875265
344.2380773578576	12.548817982825327
336.43695288483326	12.443548667294266
328.7969551870799	12.363881388673619
321.33440902739113	12.263310188578544
