2847.63535999434	0.0056498516151788514
2846.89410466026	0.005637708415751042
2846.1530437981532	0.00562554143878489
2845.4121772609387	0.0056133506040882955
2844.671504901525	0.005601135831397806
2843.9310265728327	0.00558889704037002
2843.1907421277765	0.00557663415058352
2842.4506514192753	0.005564347081542225
2841.710754300239	0.005552035752673246
2840.9710506235865	0.005539700083322522
2840.2315402422337	0.005527339992761505
2839.4922230090992	0.005514955400183478
2838.753098777093	0.005502546224705002
2838.0141673991334	0.005490112385362381
2837.275428728137	0.005477653801119646
2836.536882617022	0.005465170390855877
2835.7985289186986	0.0054526620733813865
2835.060367486085	0.005440128767418607
2834.3223981720976	0.005427570391618126
2833.5846208296516	0.005414986864554036
2832.847035311664	0.005402378104718443
2832.109641471053	0.005389744030527985
2831.3724391607275	0.005377084560318361
2830.6354282336074	0.005364399612351472
2829.898608542608	0.005351689104807168
2829.161979940646	0.005338952955788929
2828.4255422806386	0.005326191083319859
2827.689295415497	0.005313403405348896
2826.9532391981393	0.005300589839740515
2826.2173734814814	0.005287750304288677
2825.481698118442	0.005274884716699976
2824.746212961931	0.005261992994607917
2824.010917864868	0.0052490750555657375
2823.2758126801677	0.005236130817048513
2822.54089726075	0.0052231601964511125
2821.8061714595233	0.005210163111091285
2821.0716351294077	0.00519713947820841
2820.3372881233176	0.005184089214958848
2819.6031302941733	0.005171012238422454
2818.8691614948843	0.005157908465603537
2818.135381578368	0.005144777813418718
2817.4017903975423	0.005131620198715536
2816.6683878053213	0.00511843553825373
2815.935173654622	0.005105223748716899
2815.202147798363	0.005091984746712101
2814.469310089453	0.005078718448760404
2813.7366603808114	0.005065424771308513
2813.004198525355	0.005052103630724605
2812.2719243759984	0.005038754943292969
2811.5398377856613	0.005025378625219226
2810.8079386072527	0.005011974592627806
2810.0762266936918	0.004998542761568476
2809.3447018978945	0.004985083048008186
2808.6133640727794	0.004971595367830502
2807.882213071256	0.004958079636845159
2807.1512487462437	0.004944535770776216
2806.4204709506585	0.004930963685270289
2805.689879537418	0.004917363295893337
2804.959474359434	0.004903734518132931
2804.229255269623	0.004890077267392364
2803.4992221209022	0.004876391458997065
2802.7693747661874	0.0048626770081933845
2802.039713058397	0.004848933830141039
2801.310236850441	0.0048351618399265295
2800.5809459952375	0.00482136095255274
2799.8518403457037	0.004807531082938068
2799.122919754754	0.004793672145925493
2798.3941840753087	0.004779784056277184
2797.6656331602762	0.004765866728668979
2796.937266862576	0.00475192007770042
2796.209085035124	0.004737944017888399
2795.481087530836	0.004723938463667245
2794.75327420263	0.004709903329394484
2794.0256449034164	0.00469583852934164
2793.2981994861148	0.004681743977702458
2792.5709378036395	0.004667619588585704
2791.84385970891	0.004653465276020413
2791.1169650548363	0.004639280953957851
2790.390253694337	0.004625066536257907
2789.663725480331	0.004610821936709227
2788.937380265728	0.004596547069015313
2788.2112179034466	0.004582241846795603
2787.4852382464032	0.004567906183587918
2786.7594411475134	0.0045535399928518985
2786.0338264596926	0.004539143187959259
2785.30839403586	0.004524715682207404
2784.5831437289257	0.004510257388803349
2783.8580753918077	0.004495768220877324
2783.1331888774216	0.004481248091475036
2782.4084840386845	0.0044666969135634515
2781.6839607285115	0.004452114600020694
2780.9596187998213	0.004437501063648351
2780.2354581055242	0.004422856217163058
2779.5114784985385	0.004408179973198077
2778.7876798317798	0.004393472244303245
2778.0640619581673	0.004378732942949922
2777.340624730611	0.004363961981523912
2776.6173680020297	0.004349159272329048
2775.894291625342	0.004334324727583782
2775.1713954534566	0.004319458259425331

