811.1618050311338	0.0023588902212015885
810.9519905094345	0.00236801330413456
810.7422331012228	0.002377145911720288
810.5325327805296	0.0023862880741528205
810.3228895213826	0.0023954398216544303
810.1133032978133	0.0024046011844711802
809.9037740838511	0.002413772192885678
809.6943018535271	0.002422952877205225
809.4848865808692	0.002432143267768424
809.2755282399086	0.0024413433949370274
809.0662268046748	0.0024505532891092733
808.856982249199	0.0024597729807104575
808.6477945475089	0.0024690025001919596
808.4386636736356	0.002478241878035971
808.2295896016091	0.0024874911447599684
808.0205723054601	0.0024967503308973844
807.8116117592166	0.002506019467019705
807.6027079369097	0.0025152985837285907
807.3938608125692	0.0025245877116516096
807.1850703602248	0.0025338868814461218
806.9763365539068	0.0025431961237993
806.7676593676458	0.0025525154694268555
806.5590387754702	0.002561844949074792
806.3504747514104	0.0025711845935182595
806.1419672694966	0.002580534433558856
805.9335163037587	0.0025898945000335507
805.7251218282273	0.0025992648238030644
805.5167838169309	0.002608645435760521
805.3085022439002	0.002618036366826421
805.1002770831649	0.0026274376479522676
804.8921083087561	0.002636849310119571
804.6839958947016	0.0026462713843359983
804.4759398150327	0.0026557039016445877
804.2679604306728	0.002665095762653732
804.0600707148109	0.0026744143473563385
803.8522370564973	0.0026837438963363365
803.6444594112326	0.002693084487627563
803.4367377345158	0.002702436199344371
803.2290719818475	0.002711799109682844
803.021462108725	0.0027211732969106115
802.8139080706487	0.002730558839384778
802.6064098231178	0.002739955815531792
802.3989673216317	0.002749364303863798
802.19158052169	0.002758784382968882
801.9842493787926	0.002768216131514297
801.7769738484371	0.002777659628251729
801.5697538861241	0.0027871149520059236
801.3625894473525	0.0027965821816812522
801.1554804876218	0.00280606139626957
800.9484269624324	0.0028155526748307536
800.7414288272818	0.0028250560965140223
800.53448603767	0.002834571740541053
800.3275985490966	0.0028440996862213836
800.1207663170619	0.0028536400129343755
799.9139892970633	0.0028631928001459236
799.707267444601	0.0028727581274022706
799.5006007151744	0.002882336074327035
799.2939890642839	0.002891926720622851
799.0874324474269	0.002901530146074915
798.8809308201037	0.0029111464305468233
798.6744841378136	0.0029207756539838237
798.4680923560561	0.002930417896410847
798.2617554303313	0.0029400732379328428
798.0554733161367	0.002949741758733547
797.8492459689727	0.002959423539081466
797.6430733443385	0.0029691186593222606
797.4369553977336	0.002978827199879657
797.2308920846582	0.002988549241266116
797.0248833606098	0.002998284864065609
796.8189291810887	0.003008034148946005
796.6130295015944	0.0030177971766605994
796.4071842776259	0.0030275740280371172
796.2013934646836	0.003037364783983431
795.9956570182653	0.003047169525498265
795.7899748938709	0.0030569883336508522
795.5843470469998	0.0030668212895911913
795.3787734331526	0.0030766684745627704
795.1732540078262	0.0030865299698751144
794.9677887265216	0.0030964058569284353
794.7623775447385	0.0031062962171970908
794.5570204179746	0.003116201132244375
794.3517173017302	0.003126120683712209
794.1464681515048	0.0031360549533209123
793.9412729227975	0.0031460040228758297
793.7361315711078	0.0031559679742609653
793.5310440519357	0.0031659468894458974
793.326010320779	0.0031759408504765108
793.1210303331379	0.0031859499394870064
792.9161040445117	0.0031959742386850755
792.7112314103999	0.0032060138303700737
792.5064123863018	0.003216068796912324
792.3016469277173	0.003226139220774959
792.0969349901445	0.0032362251844946896
791.8922765290833	0.0032463267706947137
791.687671500033	0.003256444062078061
791.4831198584943	0.0032665771414323273
791.2786215599642	0.0032767260916256543
791.0741765599432	0.003286890995609397
790.8697848139316	0.0032970719364148293
790.6654462774269	0.0033072689971579017
