1477.275895301534	0.003233494637599048
1476.9091091153357	0.0032279057228524317
1476.5424255159132	0.003222314014502182
1476.1758444727684	0.0032167195097942826
1475.8093659553974	0.0032111222059733368
1475.4429899333027	0.0032055221002833343
1475.0767163759833	0.003199919189960303
1474.710545252941	0.0031943134722402806
1474.344476533673	0.0031887049443585515
1473.9785101876805	0.00318309360354774
1473.6126461844633	0.0031774794470313997
1473.2468844935233	0.0031718624720395174
1472.881225084357	0.0031662426757908114
1472.515667926466	0.003160620055507922
1472.1502129893502	0.003154994608409264
1471.7848602425115	0.0031493663317054103
1471.4196096554463	0.0031437352226129124
1471.0544611976559	0.0031381012783389
1470.689414838641	0.003132464496091606
1470.3244705479008	0.0031268248730729805
1469.9596282949358	0.0031211824064845037
1469.5948880492472	0.0031155370935251367
1469.230249780332	0.0031098889313910198
1468.8657134576915	0.0031042379172751327
1468.501279050826	0.0030985840483669955
1468.136946529235	0.0030929273218548614
1467.7727158624205	0.003087267734924297
1467.4085870198787	0.0030816052847556794
1467.0445599711115	0.003075939968532195
1466.6806346856192	0.0030702717834253717
1466.3168111329028	0.0030646007266127047
1465.9530892824591	0.0030589267952636488
1465.58946910379	0.003053249986550156
1465.225950566395	0.0030475702976342335
1464.8625336397758	0.0030418877256800734
1464.4992182934295	0.003036202267848703
1464.1360044968571	0.0030305139212981227
1463.772892219559	0.003024822683184421
1463.4098814310366	0.00301912855065545
1463.0469721007867	0.0030134315208612565
1462.6841641983106	0.0030077315909537443
1462.3214576931082	0.0030020287580708968
1461.95885255468	0.0029963230193585655
1461.5963487525257	0.0029906143719505597
1461.2339462561465	0.0029849028129852384
1460.8716450350396	0.002979188339597302
1460.5094450587062	0.0029734709489130234
1460.1473462966464	0.002967750638061963
1459.7853487183604	0.002962027404168424
1459.4234522933496	0.0029563012443516003
1459.0616569911106	0.002950572155736041
1458.699962781145	0.0029448401354346845
1458.3383696329524	0.0029391051805609013
1457.976877516035	0.0029333672882251643
1457.6154863998893	0.002927626455537753
1457.2541962540167	0.00292188267960239
1456.8930070479175	0.002916135957524181
1456.531918751093	0.0029103862863967605
1456.1709313330396	0.002904633663322283
1455.8100447632594	0.0028988780853938024
1455.4492590112523	0.002893119549700509
1455.088574046518	0.0028873580533350313
1454.7279898385582	0.0028815935933778716
1454.3675063568696	0.0028758261669177415
1454.0071235709536	0.0028700557710280307
1453.6468414503106	0.0028642824027954213
1453.28665996444	0.0028585060592850775
1452.926579082844	0.0028527267375749684
1452.5665987750185	0.002846944434731724
1452.2067190104658	0.00284115914782237
1451.8469397586855	0.0028353708739089372
1451.4872609891777	0.0028295796100513194
1451.1276826714436	0.002823785353311242
1450.7682047749806	0.002817988100742734
1450.4088272692895	0.002812187849394797
1450.0495501238709	0.0028063845963198692
1449.6903733082258	0.0028005783385624985
1449.3312967918514	0.002794769073166689
1448.9723205442488	0.002788956797174921
1448.6134445349203	0.0027831415076256076
1448.2546687333615	0.002777323201549594
1447.895993109075	0.0027715018759860858
1447.5374176315604	0.002765677527958252
1447.1789422703177	0.002759850154498591
1446.8205669948463	0.002754019752626424
1446.4622917746485	0.00274818631936497
1446.1041165792208	0.0027423498517338543
1445.7460413780648	0.002736510346746211
1445.38806614068	0.002730667801415241
1445.030190836567	0.0027248222127519745
1444.6724154352255	0.0027189735777646295
1444.3147399061568	0.002713121893453005
1443.957164218858	0.0027072671568193667
1443.5996883428304	0.0027014093648661955
1443.242312247574	0.0026955485145840276
1442.8850359025905	0.002689684602971619
1442.5278592773768	0.002683817627011778
1442.1707823414338	0.002677947583696162
1441.8138050642638	0.002672074470007197
1441.456927415363	0.002666198282928967
