1179.5723758548097	0.0067733019525645435
1179.2721780606744	0.006777507712720344
1178.972066238197	0.006781713066737968
1178.6720403627617	0.0067859180165928765
1178.3721004097479	0.006790122564259108
1178.0722463545399	0.006794326711716013
1177.7724781725208	0.006798530460937507
1177.4727958390743	0.006802733813906226
1177.1731993295807	0.006806936772601192
1176.8736886194235	0.006811139338998341
1176.574263683986	0.006815341515084554
1176.274924498652	0.006819543302838861
1175.9756710388015	0.006823744704247848
1175.6765032798185	0.006827945721294424
1175.3774211970858	0.006832146355961649
1175.0784247659876	0.006836346610242123
1174.7795139619036	0.0068405464861186
1174.480688760218	0.006844745985582364
1174.1819491363137	0.0068489451106210405
1173.883295065573	0.006853143863226803
1173.5847265233792	0.006857342245391963
1173.2862434851156	0.006861540259105356
1172.987845926163	0.006865737906362996
1172.6895338219047	0.006869935189161612
1172.3913071477236	0.006874132109496074
1172.0931658790032	0.006878328669359585
1171.7951099911263	0.006882524870753298
1171.4971394594738	0.006886720715674715
1171.1992542594298	0.006890916206122652
1170.9014543663764	0.006895111344100891
1170.6037397556977	0.006899306131610726
1170.3061104027745	0.006903500570649793
1170.00856628299	0.006907694663228295
1169.7111073717272	0.0069118884113495435
1169.4137336443705	0.0069160818170181815
1169.1164450762994	0.006920274882241214
1168.819241642898	0.00692446760902616
1168.5221233195493	0.0069286599993841
1168.2250900816373	0.006932852055322207
1167.9281419045417	0.0069370437788542514
1167.631278763647	0.0069412351719900815
1167.3345006343357	0.006945426236744115
1167.0378074919904	0.0069496169751321075
1166.7411993119938	0.006953807389164498
1166.4446760697301	0.006957997480861723
1166.1482377405796	0.006962187252238727
1165.8518842999258	0.006966376705314384
1165.5556157231515	0.006970565842109521
1165.2594319856396	0.006974754664642466
1164.9633330627742	0.006978943174936506
1164.6673189299352	0.006983131375012256
1164.3713895625067	0.006987319266894865
1164.0755449358712	0.006991506852605782
1163.779785025413	0.0069956941341748485
1163.4841098065122	0.006999881113626603
1163.1885192545524	0.007004067792987295
1162.8930133449169	0.007008254174288356
1162.5975920529893	0.0070124402595576904
1162.3022553541496	0.007016626050827401
1162.0070032237822	0.0070208115501296745
1161.7118356372698	0.007024996759492182
1161.4167525699945	0.00702918168095687
1161.1217539973413	0.007033366316555682
1160.8268398946896	0.007037550668322322
1160.5320102374233	0.0070417347382964604
1160.2372650009254	0.0070459185285160686
1159.9426041605786	0.007050102041018425
1159.648027691767	0.007054285277847404
1159.3535355698707	0.007058468241041948
1159.0591277702736	0.007062650932645151
1158.764804268358	0.007066833354700834
1158.4705650395074	0.007071015509251105
1158.1764100591051	0.0070751973983448815
1157.8823393025318	0.007079379024027152
1157.5883527451713	0.007083560388348481
1157.294450362406	0.007087741493351629
1157.0006321296203	0.007091922341095511
1156.706898022194	0.007096102933621704
1156.4132480155113	0.007100283272987314
1156.1196820849564	0.007104463361247122
1155.826200205909	0.007108643200451568
1155.5328023537534	0.007112822792657893
1155.2394885038718	0.00711700213991958
1154.9462586316477	0.00712118124429939
1154.6531127124633	0.007125360107853061
1154.3600507217027	0.007129538732638058
1154.0670726347462	0.007133717120720132
1153.7741784269774	0.007137895274155128
1153.4813680737793	0.007142073195010007
1153.1886415505344	0.007146250885347763
1152.8959988326258	0.007150428347233536
1152.603439895437	0.007154605582734189
1152.3109647143488	0.00715878259391529
1152.0185743476607	0.007162957479884988
1151.7262692933205	0.00716712932276569
1151.4340479186708	0.007171300949656216
1151.141910198862	0.007175472363039944
1150.8498561090478	0.007179643565393585
1150.5578856243826	0.007183814559196616
1150.2659987200166	0.0071879853469366045

