1304.8558521876328	0.018354308859876385
1304.5466332254732	0.01834985699262663
1304.2374972784326	0.018345403986154005
1303.9284443260779	0.01834094984014011
1303.6194743479725	0.018336494554270128
1303.3105873236839	0.018332038128229585
1303.0017832327776	0.018327580561697414
1302.6930620548205	0.01832312185435573
1302.3844237693768	0.01831866200588621
1302.0758683560127	0.018314201015969988
1301.7673957942945	0.018309738884283708
1301.4590060637897	0.01830527561051033
1301.1506991440608	0.018300811194325913
1300.8424750146755	0.018296345635409637
1300.5343336551994	0.018291878933438293
1300.2262750451998	0.018287411088087457
1299.9182991642401	0.018282942099035953
1299.6104059918873	0.0182784719659575
1299.302595507707	0.01827400068852762
1298.9948676912657	0.018269528266418186
1298.6872225221286	0.018265054699307944
1298.3796599798636	0.018260579986864964
1298.0721800440333	0.018256104128763873
1297.7647826942052	0.018251627124677882
1297.4574679099453	0.01824714897427482
1297.150235670819	0.018242669677226382
1296.843085956394	0.0182381892332057
1296.5360187462327	0.01823370764187703
1296.2290340199033	0.01822922490291214
1295.922131756971	0.018224741015978995
1295.6153119370035	0.01822025598074432
1295.3085745395636	0.01821576979687495
1295.0019195442185	0.018211282464038893
1294.6953469305342	0.01820679398190087
1294.3888566780781	0.01820230435012421
1294.082448766413	0.01819781356837319
1293.7761231751065	0.01819332163631433
1293.469879883724	0.018188828553609475
1293.1637188718332	0.01818433431992096
1292.8576401189969	0.018179838934908783
1292.5516436047824	0.018175342398239182
1292.245729308756	0.018170844709569336
1291.9398972104827	0.018166345868557296
1291.6341472895292	0.01816184587486694
1291.3284795254622	0.018157344728154758
1291.022893897845	0.01815284242807697
1290.7173903862451	0.01814833897429449
1290.411968970228	0.018143834366462646
1290.1066296293595	0.018139328604237663
1289.8013723432073	0.018134821687273817
1289.496197091334	0.018130313615230573
1289.1911038533071	0.018125804387757117
1288.8860926086925	0.018121294004509562
1288.5811633370577	0.01811678246514135
1288.2763160179652	0.01811226976930301
1287.9715506309826	0.018107755916649076
1287.6668671556758	0.01810324090682776
1287.3622655716117	0.018098724739492023
1287.057745858354	0.018094207414291026
1286.7533079954694	0.018089688930872816
1286.4489519625242	0.01808516928888758
1286.144677739084	0.01808064848798162
1285.840485304716	0.018076126527804444
1285.5363746389837	0.018071603408001694
1285.2323457214538	0.018067079128220396
1284.9283985316924	0.018062553688102473
1284.6245330492654	0.01805802708729604
1284.3207492537401	0.018053499325444942
1284.0170471246795	0.01804897040219222
1283.713426641651	0.018044440317180676
1283.4098877842202	0.01803990907005243
1283.106430531953	0.018035376660448174
1282.803054864417	0.018030843088012314
1282.4997607611751	0.01802630835238046
1282.1965482017945	0.018021772453194532
1281.8934171658411	0.018017235390093825
1281.590367632882	0.018012697162717427
1281.2873995824805	0.01800815777069988
1280.9845129942037	0.018003617213680267
1280.681707847619	0.01799907549129786
1280.3789841222895	0.01799453260318187
1280.0763417977823	0.01798998854897225
1279.7737808536635	0.017985443328304398
1279.4713012694988	0.01798089694080585
1279.168903024854	0.017976349386116596
1278.8665860992965	0.017971800663865226
1278.5643504723892	0.01796725077368357
1278.2621961236996	0.01796269971520501
1277.9601230327935	0.01795814748806026
1277.6581311792368	0.017953594091876836
1277.3562205425949	0.01794903952628544
1277.0543911024358	0.017944483790915147
1276.7526428383221	0.017939926885391165
1276.450975729821	0.01793536880934184
1276.149389756499	0.017930809562396236
1275.8478848979228	0.01792624914417822
1275.5464611336552	0.017921687554312244
1275.2451184432641	0.0179171247924259
1274.9438568063167	0.017912560858138207
1274.6426762023755	0.017907995751078033
