1571.7304250033046	0.004234279177505465
1571.3472313314098	0.004229100808160173
1570.9641418221154	0.0042239243861605024
1570.5811564505982	0.004218749910199162
1570.19827519203	0.00421357737896909
1569.8154980215877	0.004208406791157643
1569.4328249144469	0.004203238145459818
1569.0502558457838	0.004198071440560431
1568.667790790771	0.004192906675156117
1568.2854297245854	0.004187743847934956
1567.9031726224018	0.004182582957588371
1567.5210194593972	0.004177424002807266
1567.1389702107438	0.00417226698228471
1566.757024851618	0.004167111894708941
1566.3751833571957	0.004161958738773324
1565.9934457026534	0.004156807513169674
1565.6118118631628	0.0041516582165863295
1565.2302818139015	0.004146510847718689
1564.8488555300437	0.004141365405258823
1564.4675329867657	0.004136221887893378
1564.0863141592424	0.004131080294317426
1563.7051990226505	0.004125940623225678
1563.3241875521617	0.0041208028733037165
1562.9432797229535	0.004115667043247774
1562.562475510201	0.0041105331317506134
1562.181774889079	0.00410540113750002
1561.8011778347648	0.004100271059191024
1561.4206843224301	0.004095142895516388
1561.0402943272522	0.00409001664516851
1560.6600078244057	0.004084892306834966
1560.2798247890685	0.004079769879216717
1559.8997451964112	0.004074649360998568
1559.5197690216116	0.0040695307508766135
1559.1398962398448	0.00406441404754153
1558.7601268262877	0.0040592992496893306
1558.380460756112	0.0040541863560092746
1558.0008980044947	0.004049075365195802
1557.6214385466112	0.004043966275940324
1557.242082357638	0.004038859086936759
1556.8628294127475	0.004033753796878701
1556.4836796871166	0.004028650404456408
1556.10463315592	0.0040235489083680406
1555.7256897943334	0.004018449307302001
1555.3468495775319	0.004013351599951447
1554.9681124806925	0.0040082557850107045
1554.5894784789873	0.004003161861175437
1554.2109475475925	0.003998069827132726
1553.8325196616838	0.00399297968158342
1553.4541947964365	0.003987891423216655
1553.0759729270276	0.003982805050724536
1552.6978540286286	0.003977720562802015
1552.319838076417	0.003972637958146407
1551.9419250455674	0.0039675572354452675
1551.564114911257	0.003962478393391526
1551.1864076486577	0.003957401430686224
1550.8088032329463	0.003952326346016406
1550.4313016392985	0.003947253138080379
1550.0539028428905	0.0039421818055650135
1549.6766068188947	0.003937112347170706
1549.2994135424879	0.003932044761587463
1548.9223229888453	0.003926979047512809
1548.5453351331419	0.003921915203638995
1548.1684499505552	0.003916853228656761
1547.7916674162564	0.003911793121263323
1547.414987505423	0.003906734880154086
1547.03841019323	0.003901678504017976
1546.6619354548525	0.0038966239915541627
1546.2855632654678	0.0038915713414524778
1545.9092936002473	0.003886520552409999
1545.5331264343683	0.0038814716231212352
1545.157061743006	0.003876424552275733
1544.7810995013353	0.0038713793385734448
1544.4052396845334	0.003866335980703476
1544.0294822677722	0.0038612944773650597
1543.6538272262285	0.0038562548272509404
1543.2782745350778	0.003851217029051613
1542.9028241694969	0.0038461810814661916
1542.5274761046571	0.0038411469831856606
1542.1522303157365	0.0038361147329079603
1541.7770867779109	0.00383108432932168
1541.4020454663525	0.0038260557711278322
1541.0271063562386	0.0038210290570168622
1540.6522694227442	0.003816004185684074
1540.2775346410444	0.0038109811558235855
1539.9029019863149	0.003805959966130755
1539.5283714337318	0.003800940615299294
1539.1539429584677	0.003795923102025831
1538.7796165356995	0.0037909074250006536
1538.405392140602	0.0037858935829213495
1538.0312697483505	0.003780881574481905
1537.6572493341205	0.0037758713983734576
1537.283330873089	0.0037708630533008192
1536.9095143404277	0.0037658565379465646
1536.5357997113133	0.0037608518510117883
1536.1621869609216	0.0037558489911908048
1535.788676064429	0.003750847957175081
1535.4152669970076	0.003745848747663116
1535.0419597338341	0.0037408513613453945
1534.668754250086	0.003735855796921555
1534.2956505209345	0.0037308620530824843

