3622.317042134605	0.03715341188313808
3621.5323248248897	0.03715404596090781
3620.7478159716024	0.0371546788147219
3619.96351551492	0.037155310444735946
3619.1794233950077	0.037155940851101486
3618.395539552043	0.03715657003396915
3617.6118639261995	0.03715719799349488
3616.828396457654	0.037157824729825935
3616.045137086572	0.037158450243117244
3615.2620857531315	0.03715907453351892
3614.479242397505	0.037159697601186065
3613.6966069598693	0.03716031944626719
3612.9141793803915	0.037160940068919235
3612.1319595992477	0.03716155946928755
3611.3499475566114	0.0371621776475309
3610.568143192659	0.037162794603798927
3609.7865464475576	0.03716341033824303
3609.005157261484	0.037164024851017254
3608.223975574611	0.03716463814227082
3607.443001327112	0.03716525021216002
3606.6622344591606	0.03716586106083474
3605.8816749109337	0.0371664706884466
3605.1013226225973	0.037167079095150775
3604.321177534328	0.03716768628109328
3603.5412395862995	0.03716829224643574
3602.761508718685	0.03716889699132557
3601.981984871662	0.0371695005159108
3601.202667985396	0.037170102820350714
3600.4235580000636	0.037170703904796994
3599.6446548558392	0.03717130376939715
3598.8659584928982	0.03717190241430801
3598.0874688514086	0.03717249983967992
3597.3091858715457	0.03717309604566681
3596.5311094934837	0.03717369103242034
3595.7532396573993	0.03717428480009216
3594.9755763034586	0.03717487734883548
3594.198119371838	0.037175468678803364
3593.420868802712	0.03717605879014642
3592.6438245362565	0.03717664768302006
3591.8669865126385	0.03717723535757309
3591.090354672034	0.03717782181396142
3590.313928954617	0.03717840705233489
3589.5377093005604	0.03717899107284794
3588.761695650038	0.037179573875654674
3587.985887943226	0.03718015546090293
3587.210286120291	0.03718073582874789
3586.4348901214103	0.037181314979341885
3585.6596998867562	0.03718189291283827
3584.884715356503	0.037182469629386636
3584.109936470827	0.03718304512914302
3583.3353631698947	0.03718361941226013
3582.560995393883	0.037184192478886685
3581.7868330829647	0.037184764329178666
3581.012876177317	0.03718533496328744
3580.2391246171064	0.03718590438136654
3579.46557834251	0.03718647258356767
3578.6922372937	0.03718703957004314
3577.9191014108546	0.03718760534094615
3577.1461706341393	0.03718816989643009
3576.3734449037306	0.03718873323664648
3575.600924159803	0.037189295361747844
3574.8286083425287	0.03718985627188576
3574.0564973920846	0.03719041596721556
3573.2845912486378	0.03719097444788787
3572.5128898523644	0.03719153171405764
3571.741393143438	0.03719208776587563
3570.9701010620324	0.03719264260349201
3570.199013548324	0.03719319622706493
3569.4281305424784	0.03719374863674296
3568.657451984673	0.03719429983267996
3567.886977815082	0.037194849815029296
3567.1167079738775	0.0371953985839428
3566.346642401237	0.037195946139571924
3565.5767810373263	0.03719649248207193
3564.807123822323	0.03719703761159324
3564.0376706963993	0.0371975815282895
3563.268421599733	0.037198124232314125
3562.49937647249	0.03719866572381814
3561.730535254847	0.037199206002956495
3560.961897886981	0.037199745069878394
3560.193464309059	0.03720028292473858
3559.4252344612564	0.0372008195676897
3558.657208283748	0.037201354998883183
3557.889385716706	0.037201889218475774
3557.121766700304	0.0372024222266148
3556.354351174719	0.03720295402345322
3555.5871390801176	0.03720348460914898
3554.8201303566766	0.03720401398385004
3554.0533249445684	0.03720454214770989
3553.286722783967	0.037205069100881984
3552.520323815046	0.03720559484351658
3551.7541279779816	0.03720611937576935
3550.9881352129405	0.03720664269779265
3550.2223454601	0.0372071648097357
3549.456758659632	0.037207685711753966
3548.6913747517146	0.0372082054040021
3547.926193676514	0.037208723886626396
3547.161215374206	0.03720924115978609
3546.3964397849686	0.037209757223630235
3545.6318668489675	0.037210272078309986

