1719.6559171409842	0.018797133714179994
1719.2395823706117	0.01879677766025681
1718.8233579441526	0.01879642090798221
1718.407243834976	0.01879606345726445
1717.9912400164455	0.01879570530800749
1717.5753464619304	0.01879534646012241
1717.1595631447976	0.018794986913510642
1716.7438900384168	0.018794626668080516
1716.328327116151	0.01879426572373871
1715.91287435137	0.018793904080387624
1715.4975317174408	0.018793541737932067
1715.082299187732	0.01879317869627831
1714.6671767356079	0.018792814955331114
1714.2521643344376	0.018792450514988672
1713.8372619575882	0.018792085375158658
1713.4224695784287	0.018791719535742345
1713.007787170323	0.01879135299664162
1712.5932147066399	0.0187909857577578
1712.178752160747	0.01879061781899687
1711.7643995060114	0.018790249180254206
1711.3501567158007	0.018789879841433824
1710.9360237634837	0.018789509802435354
1710.5220006224238	0.018789139063158225
1710.108087265991	0.018788767623503153
1709.6942836675516	0.018788395483368484
1709.2805898004738	0.018788022642652964
1708.867005638126	0.018787649101256274
1708.453531153872	0.018787274859074297
1708.0401663210812	0.018786899916007127
1707.6269111131205	0.018786524271947148
1707.2137655033596	0.01878614792679901
1706.8007294651616	0.018785770880451552
1706.3878029718958	0.018785393132805434
1705.9749859969295	0.01878501468375428
1705.5622785136318	0.018784635533196613
1705.1496804953663	0.018784255681022502
1704.7371919155023	0.01878387512712783
1704.3248127474071	0.01878349387140903
1703.9125429644496	0.01878311191375719
1703.5003825399933	0.018782729254067723
1703.0883314474077	0.018782345892232922
1702.6763896600598	0.018781961828141493
1702.2645571513174	0.018781577061692027
1701.852833894547	0.0187811915927719
1701.4412198631185	0.018780805421272338
1701.029715030395	0.018780418547085297
1700.6183193697457	0.018780030970102547
1700.2070328545385	0.01877964269021173
1699.7958554581398	0.018779253707303285
1699.384787153919	0.018778864021267643
1698.9738279152402	0.018778473631993284
1698.562977715472	0.018778082539368492
1698.152236527982	0.018777690743279427
1697.7416043261392	0.018777298243616233
1697.331081083307	0.018776905040266453
1696.920666772855	0.018776511133112322
1696.5103613681501	0.018776116522046558
1696.1001648425615	0.018775721206953002
1695.690077169453	0.018775325187713535
1695.2800983221937	0.0187749284642191
1694.8702282741508	0.01877453103634992
1694.4604669986916	0.0187741329039948
1694.0508144691853	0.018773734067033792
1693.6412706589952	0.01877333452535251
1693.2318355414911	0.01877293427883274
1692.8225090900396	0.018772533327359096
1692.4132912780083	0.018772131670812972
1692.0041820787665	0.018771729309077865
1691.5951814656776	0.018771326242031556
1691.1862894121105	0.018770922469557003
1690.777505891433	0.018770517991537977
1690.3688308770122	0.018770112807849626
1689.9602643422172	0.01876970691837648
1689.5518062604112	0.018769300322994665
1689.1434566049643	0.018768893021584788
1688.7352153492427	0.018768485014024103
1688.3270824666165	0.01876807630019469
1687.9190579304486	0.018767666879970987
1687.5111417141086	0.018767256753231817
1687.1033337909653	0.018766845919851387
1686.6956341343825	0.018766434379709776
1686.2880427177292	0.018766022132681436
1685.880559514373	0.018765609178642038
1685.473184497681	0.01876519551746807
1685.0659176410202	0.01876478114903355
1684.6587589177602	0.01876436607321437
1684.2517083012642	0.01876395028988159
1683.844765764902	0.01876353379891187
1683.43793128204	0.01876311660017688
1683.0312048260462	0.01876269869354934
1682.6245863702875	0.018762280078903053
1682.2180758881332	0.018761860756108924
1681.8116733529466	0.01876144072504035
1681.4053787380974	0.01876101998556496
1680.9991920169527	0.018760598537556468
1680.5931131628815	0.018760176380883002
1680.1871421492474	0.01875975351541449
1679.7812789494194	0.01875932994102579
1679.3755235367669	0.018758905657577925
1678.9698758846537	0.01875848066494618

