816.1908082034255	0.002444764650124996
815.9889982467673	0.00244164151426634
815.7872431611046	0.0024385179878197165
815.5855429328075	0.002435394068788998
815.3838975482429	0.002432269755181901
815.1823069937808	0.0024291450450024295
814.9807712557906	0.0024260199362469053
814.7792903206418	0.0024228944269196035
814.5778641747021	0.0024197685150175474
814.3764928043411	0.002416642198537459
814.175176195928	0.0024135154754761985
813.9739143358325	0.002410388343828766
813.7727072104223	0.0024072608015846073
813.571554806067	0.0024041328467381373
813.3704571091358	0.0024010044772812046
813.1694141059986	0.002397875691195952
812.9684257830227	0.002394746486474361
812.767492126578	0.002391616861099411
812.5666131230336	0.0023884868130557902
812.3657887587584	0.002385356340326179
812.1650190201216	0.0023822254408923937
811.9643038934931	0.002379094112732815
811.7636433652402	0.002375962353825675
811.5630374217328	0.0023728301621496247
811.36248604934	0.0023696975356767313
811.1619892344307	0.0023665644723826263
810.9615469633751	0.0023634309702399298
810.7611592225402	0.0023602970272178286
810.5608259982961	0.0023571626412857744
810.3605472770118	0.002354027810413359
810.1603230450573	0.002350892532566583
809.9601532887998	0.0023477568057090133
809.7600379946093	0.0023446206278027646
809.5599771488547	0.002341483996813237
809.3599707379061	0.002338346910698804
809.1600187481308	0.002335209367418547
808.9601211658986	0.0023320713649300994
808.7602779775787	0.0023289329011899383
808.5604891695408	0.002325793974151373
808.3607547281523	0.0023226545817674232
808.1610746397832	0.002319514721991805
807.9614488908027	0.0023163743927720583
807.7618774675794	0.002313233592057575
807.5623603564828	0.0023100923177961567
807.3628975438826	0.002306950567931714
807.1634890161461	0.0023038083404094455
806.9641347596432	0.002300665633171655
806.7648347607432	0.0022975224441590587
806.5655890058147	0.0022943787713125
806.366397481228	0.0022912346125686426
806.1672601733504	0.0022880899658648595
805.9681770685517	0.0022849448291353412
805.7691481532007	0.002281799200313689
805.5701734136678	0.0022786530773334914
805.3712528363201	0.0022755064581224276
805.1723864075274	0.0022723593406133377
804.9735741136589	0.002269211722731708
804.7748159410845	0.002266063602402142
804.5761118761716	0.0022629149775518303
804.3774619052898	0.002259765846102753
804.1788660148085	0.002256616205977168
803.9803241910964	0.0022534660550942885
803.7818364205239	0.0022503153913704258
803.583402689458	0.0022471642127269314
803.3850229842685	0.0022440125170773463
803.1866972913247	0.002240860302336638
802.9884255969956	0.002237707566414563
802.790207887651	0.002234554307223024
802.5920441496584	0.0022314005226733357
802.3939343693875	0.0022282462106710155
802.1958785332075	0.002225091369124885
801.9978766274875	0.0022219359959382598
801.7999286385971	0.0022187800890141472
801.602034552904	0.0022156236462558326
801.4041943567779	0.0022124666655622374
801.206408036588	0.0022093091448340063
801.008675578704	0.0022061510819671322
800.8109969694935	0.0022029924748560043
800.6133721953262	0.0021998333213962902
800.415801242572	0.0021966736194816115
800.2182840975984	0.0021935133670012348
800.020820746775	0.002190352561845994
799.8234111764713	0.002187191201903662
799.626055373056	0.0021840292850614147
799.4287533228983	0.002180866809202639
799.231505012368	0.0021777037722130197
799.0343104278327	0.002174540171972864
798.8371695556618	0.0021713760063634658
798.6400823822248	0.002168211273262619
798.4430488938906	0.0021650459705483886
798.2460690770283	0.0021618800960967856
798.0491429180078	0.002158713647783218
797.8522704031963	0.0021555466234787243
797.6554515189639	0.0021523790210535845
797.4586862516794	0.0021492108383802423
797.2619745877131	0.002146042073323704
797.065316513432	0.002142872723754195
796.868712015206	0.0021397027875344984
796.6721610794052	0.00213653226252708
796.4756636923968	0.0021333611465952644

