1492.768918362121	0.001286933524505939
1492.3946893251652	0.0012829618085085767
1492.0205686714028	0.001278992033925006
1491.6465563686897	0.0012750241995919918
1491.272652384877	0.0012710583043482784
1490.89885668782	0.0012670943470328593
1490.5251692453733	0.001263132326488749
1490.1515900253928	0.0012591722415515383
1489.778118995729	0.0012552140910616271
1489.404756124238	0.001251257873864692
1489.0315013787742	0.0012473035887963246
1488.658354727193	0.0012433512346983386
1488.2853161373457	0.0012394008104158025
1487.9123855770877	0.0012354523147863595
1487.5395630142737	0.001231505746654045
1487.1668484167592	0.0012275611048604973
1486.7942417523952	0.0012236183882488893
1486.4217429890373	0.001219677595661409
1486.0493520945402	0.0012157387259394213
1485.6770690367575	0.0012118017779319597
1485.304893783544	0.0012078667504785928
1484.932826302755	0.001203933642422312
1484.5608665622417	0.001200002452610961
1484.1890145298596	0.0011960731798862142
1483.8172701734634	0.001192145823093654
1483.445633460907	0.0011882203810791542
1483.0741043600462	0.0011842968526888779
1482.702682838732	0.0011803752367678683
1482.3313688648202	0.0011764555321608287
1481.960162406165	0.001172537737713862
1481.5890634306222	0.0011686218522777834
1481.2180719060427	0.001164707874693464
1480.8471878002824	0.001160795803812637
1480.4764110811955	0.0011568856384807172
1480.1057417166378	0.0011529773775464196
1479.7351796744601	0.001149071019856246
1479.3647249225185	0.0011451665642620548
1478.994377428667	0.0011412640096071724
1478.6241371607612	0.0011373633547423422
1478.2540040866525	0.0011334645985194172
1477.8839781741963	0.0011295677397831342
1477.5140593912472	0.0011256727773874
1477.1442477056587	0.0011217797101786932
1476.774543085286	0.0011178885370096642
1476.404945497984	0.0011139992567294886
1476.0354549116041	0.0011101118681879853
1475.6660712940022	0.001106226370240836
1475.2967946130323	0.0011023427617312266
1474.9276248365484	0.0010984610415172402
1474.5585619324067	0.0010945812084465194
1474.189605868458	0.001090703261376233
1473.820756612558	0.001086827199154214
1473.452014132561	0.0010829530206348133
1473.0833783963226	0.0010790807246709741
1472.7148493716943	0.00107521031011297
1472.346427026531	0.0010713417758177561
1471.978111328688	0.0010674751206388258
1471.6099022460203	0.0010636103434285863
1471.2417997463792	0.001059747443038206
1470.8738037976202	0.0010558864183284069
1470.5059143675976	0.0010520272681507356
1470.138131424166	0.0010481699913570865
1469.770454935181	0.0010443145868082881
1469.402884868493	0.0010404610533556724
1469.0354211919587	0.001036609389856966
1468.6680638734315	0.0010327595951681876
1468.300812880766	0.0010289116681422147
1467.9336681818181	0.001025065607640083
1467.5666297444384	0.001021221412515714
1467.1996975364832	0.0010173790816275306
1466.832871525806	0.0010135386138319343
1466.4661516802616	0.0010097000079856942
1466.0995379677056	0.001005863262945948
1465.733030355989	0.0010020283775719614
1465.3666288129675	0.0009981953507246471
1465.0003333064953	0.0009943641812571618
1464.6341438044283	0.000990534868030531
1464.2680602746175	0.0009867074099028138
1463.9020826849185	0.0009828818057343598
1463.5362110031876	0.0009790580543836665
1463.1704451972748	0.0009752361547150479
1462.804785235037	0.0009714161055799448
1462.4392310843275	0.0009675979058437595
1462.0737827130008	0.0009637815543657352
1461.7084400889114	0.0009599670500072632
1461.343203179915	0.0009561543916261275
1460.9780719538624	0.0009523435780893043
1460.6130463786092	0.0009485346082540875
1460.2481264220098	0.0009447274809813655
1459.8833120519187	0.0009409221951329055
1459.5186032361894	0.0009371187495739163
1459.1539999426786	0.0009333171431655269
1458.7895021392367	0.0009295173747667085
1458.4251097937192	0.000925719443244202
1458.060822873981	0.0009219233474605115
1457.6966413478774	0.0009181290862748626
1457.3325651832597	0.000914336658557632
1456.9685943479833	0.0009105460631669431
1456.6047288099044	0.0009067572989693468
1456.2409685368737	0.0009029703648263611

