3201.5660286345937	0.013934712790570434
3200.7425985722825	0.013932252857493443
3199.9194145488264	0.013929786449906162
3199.096476492194	0.013927313561274576
3198.273784330348	0.013924834185057593
3197.4513379912582	0.013922348314708092
3196.6291374028933	0.013919855943679916
3195.8071824932235	0.013917357065417442
3194.98547319021	0.013914851673361277
3194.1640094218237	0.013912339760947716
3193.342791116032	0.013909821321605781
3192.5218182008066	0.013907296348764843
3191.7010906041073	0.013904764835842092
3190.8806082539054	0.013902226776258228
3190.0603710781693	0.013899682163419996
3189.240379004869	0.013897130990737814
3188.4206319619657	0.013894573251610198
3187.60112987743	0.013892008939438297
3186.781872679231	0.013889438047609138
3185.962860295335	0.01388686056951126
3185.1440926537093	0.013884276498526466
3184.325569682326	0.013881685828035
3183.5072913091453	0.013879088551405034
3182.689257462138	0.013876484662007225
3181.871468069272	0.013873874153199519
3181.053923058515	0.013871257018345013
3180.2366223578383	0.013868633250793634
3179.4195658952017	0.013866002843892203
3178.602753598577	0.013863365790983342
3177.7861853959316	0.013860722085408141
3176.9698612152365	0.013858071720495371
3176.1537809844526	0.01385541468957695
3175.337944631551	0.01385275098597302
3174.522352084499	0.013850080603003634
3173.707003271268	0.013847403533980585
3172.8918981198176	0.01384471977221168
3172.0770365581207	0.013842029311002538
3171.2624185141435	0.013839332143650091
3170.4480439158583	0.013836628263449415
3169.6339126912244	0.013833917663684293
3168.8200247682134	0.013831200337644478
3168.0063800747935	0.013828476278604755
3167.1929785389307	0.013825745479840243
3166.379820088595	0.013823007934618355
3165.5669046517555	0.013820263636204332
3164.7542321563737	0.01381751257785547
3163.9418025304203	0.01381475475282524
3163.1296157018637	0.013811990154364103
3162.3176715986706	0.013809218775715964
3161.5059701488126	0.01380644061011845
3160.69451128025	0.013803655650804311
3159.883294920954	0.013800863891004924
3159.0723209988923	0.013798065323944859
3158.261589442036	0.013795259942837987
3157.4511001783458	0.013792447740904702
3156.640853135793	0.013789628711351892
3155.830848242344	0.013786802847378866
3155.0210854259717	0.013783970142189758
3154.2115646146353	0.01378113058897793
3153.4022857363066	0.013778284180930406
3152.593248718953	0.01377543091123262
3151.784453490542	0.013772570773063418
3150.975899979045	0.01376970375959607
3150.1675881124224	0.013766829863998468
3149.3595178186456	0.013763949079437279
3148.5516890256818	0.01376106139906834
3147.7441016614985	0.013758166816046464
3146.9367556540674	0.013755265323523495
3146.1296509313484	0.013752356914638412
3145.3227874213135	0.013749441582532492
3144.5161650519294	0.013746519320339672
3143.7097837511647	0.013743590121187414
3142.9036434469895	0.013740653978200958
3142.0977440673646	0.01373771088449646
3141.2920855402613	0.013734760833190607
3140.486667793647	0.013731803817389051
3139.681490755494	0.013728839830197568
3138.876554353761	0.013725868864712103
3138.0718585164204	0.013722890914026469
3137.2674031714437	0.013719905971234462
3136.4631882467897	0.013716914029409439
3135.6592136704307	0.013713915081637195
3134.8554793703347	0.013710909120987618
3134.0519852744687	0.01370789614053115
3133.2487313108	0.013704876133325675
3132.4457174073004	0.013701849092434784
3131.64294349193	0.013698815010907486
3130.84040949266	0.013695773881792998
3130.0381153374583	0.01369272569813463
3129.2360609542925	0.013689670452968853
3128.4342462711297	0.01368660813932797
3127.632671215942	0.013683538750241435
3126.8313357166885	0.013680462278728505
3126.0302397013415	0.013677378717805836
3125.2293830978683	0.013674288060490512
3124.42876583424	0.013671190299783425
3123.6283878384174	0.013668085428690076
3122.828249038371	0.013664973440206828
3122.0283493620723	0.013661854327322902
3121.228688737482	0.013658728083028997

