2768.3669638831143	0.036878922938127154
2767.7162448686763	0.03687990413586152
2767.0657194867595	0.03688088321817331
2766.415387677641	0.03688186018472992
2765.765249381588	0.03688283503519166
2765.115304538878	0.03688380776922892
2764.465553089783	0.03688477838649895
2763.815994974581	0.036885746886669304
2763.1666301335395	0.036886713269402585
2762.5174585069353	0.03688767753436304
2761.868480035041	0.03688863968121278
2761.2196946581334	0.03688959970961354
2760.5711023164813	0.03689055761923067
2759.9227029503604	0.03689151340972633
2759.2744965000443	0.03689246708076133
2758.6264829058096	0.03689341863200002
2757.9786621079243	0.03689436806310254
2757.3310340466646	0.036895315373730225
2756.6835986623046	0.03689626056354977
2756.036355895118	0.03689720363221461
2755.3893056853776	0.03689814457939268
2754.7424479733613	0.03689908340474201
2754.0957826993354	0.036900020107923516
2753.449309803577	0.036900954688599386
2752.80302922636	0.036901887146427746
2752.1569409079575	0.03690281748106995
2751.511044788647	0.03690374569218938
2750.8653408086952	0.03690467177943999
2750.2198289083794	0.036905595742485114
2749.5745090279725	0.0369065175809836
2748.929381107752	0.03690743729459391
2748.2844450879847	0.03690835488297738
2747.639700908948	0.03690927034579057
2746.9951485109145	0.036910183682692665
2746.3507878341616	0.036911094893343085
2745.7066188189574	0.036912003977400666
2745.062641405578	0.03691291093452131
2744.4188555342957	0.036913815764363
2743.775261145389	0.03691471846658581
2743.1318581791247	0.036915619040846906
2742.48864657578	0.03691651748680148
2741.845626275627	0.03691741380410849
2741.202797218942	0.03691830799242373
2740.5601593459965	0.03691920005140509
2739.917712597067	0.03692008998070754
2739.2754569124227	0.036920977779987645
2738.6333922323383	0.036921863448904045
2737.991518497089	0.0369227469871082
2737.349835646948	0.03692362839425983
2736.7083436221915	0.036924507670012055
2736.067042363088	0.03692538481402328
2735.425931809913	0.03692625982594368
2734.785011902941	0.03692713270543132
2734.144282582448	0.03692800345214056
2733.5037437887017	0.03692887206572664
2732.863395461979	0.036929738545840994
2732.2232375425538	0.03693060289214115
2731.583269970702	0.03693146510427942
2730.9434926866916	0.03693232518190935
2730.3039056308	0.03693318312468296
2729.664508743299	0.036934038932256066
2729.025301964464	0.03693489260428065
2728.38628523457	0.03693574414041021
2727.7474584938864	0.03693659354029651
2727.1088216826884	0.036937440803590973
2726.4703747412505	0.036938285929947134
2725.8321176098457	0.03693912891901584
2725.1940421761415	0.03693996393950334
2724.5560975185185	0.036940754148937736
2723.918342505317	0.036941542207224815
2723.2807770774393	0.03694232811447276
2722.643401175789	0.03694311187078696
2722.0062147412723	0.03694389347628141
2721.369217714786	0.03694467293105997
2720.732410037236	0.03694545023523537
2720.0957916495267	0.03694622538891575
2719.459362492563	0.036946998392207116
2718.823122507242	0.036947769245227004
2718.1870716344697	0.03694853794807748
2717.551209815153	0.036949304500870576
2716.9155369901882	0.03695006890371863
2716.2800531004823	0.036950831156733546
2715.6447580869376	0.03695159126002184
2715.0096518904575	0.03695234921369752
2714.374734451945	0.036953105017871274
2713.7400057123064	0.036953858672653786
2713.1054656124384	0.03695461017815523
2712.4711140932477	0.036955359534491
2711.836951095637	0.036956106741770044
2711.2029765605093	0.03695685180010668
2710.5691904287683	0.03695759470961426
2709.935592641319	0.03695833547040242
2709.3021831390597	0.03695907408258498
2708.668961862896	0.03695981054627761
2708.0359287537312	0.036960544861590255
2707.4030837524706	0.03696127702863815
2706.770426800012	0.03696200704753517
2706.1379578372616	0.036962734918394434
2705.5056768051254	0.036963460641331235
2704.8735836445	0.03696418421645936

