2167.9795241359334	0.04363898048166509
2114.2764405024095	0.04360174119835932
2062.0663657050923	0.043568664227590044
2011.3098049694731	0.043537228549766945
1961.9672635210359	0.043504553845000245
1913.9583830709882	0.04341647877642123
1867.284547097265	0.04331777599471364
1821.912169669214	0.04321198886091167
1777.804857862423	0.04309918924401722
1734.926218752481	0.04297938337785499
1693.2398594149795	0.04285250421523162
1652.7093869255043	0.0427184033096184
1613.2984083596432	0.042576842202250935
1574.9705307929862	0.042427483287337656
1537.6688599854356	0.04223828009021776
1501.368520843681	0.04202460812293106
1465.8685303057837	0.04187003385980415
1431.3008423809886	0.04171936944957798
1397.658847523452	0.04156560957898126
1364.9175215722216	0.04140827181001993
1333.0518403663482	0.04124676231363204
1302.0367797448785	0.04108036663985137
1271.8473155468644	0.040908240025273386
1242.4508674612628	0.04071506763645623
1213.8162602723485	0.040486795749047635
1185.9342016202995	0.040251499179868235
1158.7811759157476	0.04001098520209345
1132.2707852610117	0.03979608578380469
1106.370729607942	0.03961468539897753
1081.1376031276213	0.039432602403014265
1056.5540331577608	0.03924886545402754
1032.6026470360716	0.03906235671547096
1009.2658346754163	0.038871250629453874
986.5115540264194	0.03863926554198954
964.3384232670907	0.03840119865176419
942.7301291230269	0.03815799481428662
921.6703583198268	0.037910634298222716
901.1427975830896	0.03766013090113553
881.1311336384097	0.037407529818032303
861.5466518404677	0.03719609246527471
842.425122702234	0.036998445636359484
823.7774884942604	0.03679995144098441
805.583883523078	0.03657687110888742
787.8371599472472	0.036340868847532286
770.5290622932869	0.03610131211699115
753.6481563911769	0.03585857964094897
737.1830080708919	0.03561303943192706
721.1221831624109	0.03536504532498153
705.4542474957119	0.035114933247071344
690.1677669007718	0.03486301721493909
675.2513072075676	0.03460958505359467
660.6339299623958	0.03438357273498163
646.3510018166864	0.034150432971667075
632.4095587727445	0.03391632625876741
618.8015031263677	0.033681232004659445
605.518737173355	0.03344508776755409
592.5531632095051	0.033207784866878344
579.896683530616	0.03296916374150949
567.5412004324858	0.0327290090446587
555.4786162109124	0.032487044463547
543.699142836462	0.03223579383748401
532.1927878530855	0.031966234601203174
520.9555749587666	0.031695027210678815
509.94564883742856	0.031454623305774504
499.1779419645987	0.03122708357695555
488.659464669001	0.03100054723232233
478.38441780651954	0.03077455041206384
468.34700223303685	0.030548551835915524
458.54141880443615	0.0303219270940592
448.9607347422006	0.030088212243092376
439.59770053904464	0.029838738980843993
430.4494915052049	0.029587482753818138
421.51059703036833	0.02933508344195786
412.77550650422205	0.029082194859861445
404.23870931645376	0.028829482853176644
395.87912353599097	0.02859517596981679
387.6899642708062	0.028382341816290953
379.6844460582209	0.02817084239260777
371.8571439826803	0.027952299730147387
364.2037059326553	0.027724277536230753
356.7216273399783	0.0274958104462362
349.4069194844793	0.02726707796927457
342.2555936459879	0.027038240924351944
335.2636611043348	0.02680943854714924
328.42713313934917	0.026580785412097904
321.74202103086174	0.026352368163419498
315.204336058702	0.02612424204804266
308.8060002901632	0.02588875669252705
302.52639641133703	0.025680541165391667
296.3835427376521	0.02547399169150169
290.3745171924244	0.025268967434536303
284.49639769896913	0.025065284830328733
278.7462621806018	0.024862713951429482
273.12118856063813	0.024660974687478122
267.61825476239403	0.024459732733839553
262.23396843737703	0.024253765288837437
256.96524987347874	0.024040974731788088
251.81008635426065	0.023828471718387687
246.765675855669	0.023616819159160127
241.82921635364963	0.023406588446213086
