3541.462341476372	0.08628063921447253
3460.8794828915925	0.0864205763817226
3382.495707903584	0.08654263444847018
3306.244454142665	0.08664738787258772
3232.0591592391406	0.08673541541590203
3159.8732608233295	0.08680729701891234
3089.62019652554	0.0868636103915424
3021.233403976086	0.08690492730997879
2954.286167714562	0.08699134131292303
2888.7741539280046	0.08704807221285747
2824.9611198561624	0.08709121412695074
2762.8042768285486	0.08712081580941974
2702.260836174679	0.08713689645910731
2643.2880092240716	0.08713944220797824
2585.843007306246	0.08712840238529253
2529.883041750717	0.0871036855457179
2475.365323887001	0.08706515524781298
2422.2470650446135	0.08701262556741114
2370.485476553074	0.08694585632778676
2320.037769741896	0.08686454802525602
2270.8092999098517	0.08671458374331716
2222.79976141305	0.0865370990951261
2175.6070132410596	0.08645116322220624
2129.5631197840044	0.08636002498693897
2084.6522893406536	0.08626002940010731
2040.8467664250434	0.08615072939996811
1998.1187955512107	0.08603160765358331
1956.4406212331928	0.0859020715715396
1915.7844879850284	0.08576144809298776
1876.122640320757	0.08560897822575106
1837.4273227544145	0.08544381132281895
1799.651667816917	0.08524014972520322
1762.7653237503287	0.08499197637403914
1726.7651501698874	0.0847296676631107
1691.6253513370182	0.0844548327946804
1657.3201315131455	0.08416918093027653
1623.6055659702115	0.0839531225743801
1590.639790280558	0.08374533958556558
1558.4441386430221	0.08353098537430402
1527.0003659573044	0.08330912489807234
1496.2902271230992	0.08307871960768219
1466.2954770401052	0.08283862138653664
1436.9930365426158	0.08257973869883652
1408.3473812427142	0.08227168571476824
1380.3639842346374	0.08195071528188429
1353.0259074995995	0.08161753566038364
1326.3162130188066	0.0812728917576688
1300.2179627734718	0.08091756453569215
1274.7142187448057	0.0805523702588164
1249.788042914019	0.08017815958246298
1225.3673777532904	0.07982117491756333
1201.3760290610153	0.0795113639850192
1177.9172437969266	0.07919523161159381
1154.9779669353316	0.0788696043834709
1132.5300708789575	0.07850025550853175
1110.579201570297	0.07812061894161201
1089.1140673526666	0.07773082896298641
1068.1233765693794	0.0773310140848151
1047.5958375637508	0.07692129519682661
1027.5201586790952	0.07650178355289605
1007.8850482587284	0.07607257859157257
988.6792146459644	0.07563376558335816
969.8913661841193	0.0751854130969363
951.5102112165068	0.07472757027598585
933.522729692234	0.07425600141204287
915.8544474357255	0.07378251427771304
898.5041932979889	0.07333476100011424
881.5211249465256	0.07287952995950668
864.8975751487089	0.07241657092223887
848.6258766719121	0.0719455978462099
832.6983622835091	0.07146628603186055
817.1073647508739	0.070978269116692
801.8452168413793	0.07048113590531982
786.9042513223983	0.0699744270260058
772.2768009613051	0.06945763140348578
757.9510681869504	0.06891770350834459
743.9202494501443	0.06835598704826328
730.1806484971963	0.06778367083433418
716.7250228197721	0.06720145359411345
703.5461299095371	0.06661006381651545
690.6034547311557	0.06603512358946108
677.8837844766904	0.06548309775860264
665.4218634351405	0.06492383349964646
653.2123833090068	0.06435658773810163
641.2500358007878	0.06378054756093146
629.5280468793746	0.06318951984567178
618.0390996401615	0.06257484843175413
606.7817918372612	0.06194944364423642
595.7511175508196	0.06131339680085256
584.9420708609834	0.0606667923356703
574.3496458478994	0.06000970598781469
563.9688365917136	0.05934220284403454
553.7946371725719	0.058664335228352404
543.8220416706208	0.0579761404315623
534.0460441660073	0.05727763827281333
524.4452525589966	0.05657625057537115
514.9967785453384	0.05588825440372885
505.7318762170869	0.05519066559210933
496.6470099743704	0.054483188305186184
487.7386442173166	0.05376549460080146

