2242.3826682006134	0.003278576878109816
2185.641748208489	0.004553683780365932
2130.523619565021	0.005743115848905772
2076.9736819956097	0.0068632464951207854
2024.9599821611505	0.007900709643565023
1974.4306384279057	0.008863359734432042
1925.2675760152406	0.00973925058742407
1877.3134468171743	0.010502020864335463
1830.7040333146324	0.011206635586557432
1785.4007819401825	0.011860552514663768
1741.361450366418	0.012476102226224788
1698.527866926186	0.0130891637784843
1656.8875115704236	0.013669721259974408
1616.4042125438796	0.014220333113223679
1577.0417980913028	0.01474315883061509
1538.764096457439	0.015240008361682617
1501.5349358870358	0.015712385158839486
1465.1948273425871	0.01611670394135002
1429.7920512446672	0.016482261314656528
1395.3285883052276	0.016856972615832272
1361.7906662457685	0.017222875159970074
1329.1563849201036	0.017575023433133656
1297.40021920271	0.017914635364277943
1266.4966439680602	0.018242848713264398
1236.4201340906316	0.018560738580742787
1207.145164444897	0.01886933411613357
1178.6462099053317	0.01916963463391368
1150.889681156532	0.019478863696663497
1123.7347763596265	0.019739529058279602
1097.2870986980913	0.01999223937605032
1071.52847969169	0.020238036373290857
1046.4407508601869	0.020477992049301685
1022.005743723347	0.020713220247799813
998.2052898009363	0.020944888355166603
975.0212206127183	0.021174229202113898
952.4313974451628	0.021412670640029233
930.41632595089	0.021665754065892277
908.9644326615667	0.021918356592218042
888.0488719883872	0.02216403915081915
867.5890269943256	0.022364722124912223
847.6450107342903	0.022562353231322805
828.2037176845562	0.02275827090401189
809.2520423213957	0.022953930458171217
790.7741525758984	0.02315921359336217
772.7558327347039	0.023379851152033365
755.1887710291934	0.023603279943429433
738.0605198531779	0.023829228607409533
721.3586316004724	0.024057409314565112
705.0706586648912	0.024287522721199127
689.1780045702105	0.024514949361732798
673.6222025495748	0.02470624006720001
658.4433832311126	0.024909049494935886
643.6328365771316	0.02512285133262648
629.1836680196449	0.025340184765683577
615.0868147143738	0.025561309349913817
601.3332138170407	0.02578652196876103
587.9138024833678	0.02601616296797674
574.8195178690764	0.02625062271201467
562.0412971298886	0.026490348590645404
549.5669963417291	0.026749112968845308
537.3903113467633	0.027014016512476292
525.462498445177	0.027247654416798123
513.8175903858457	0.02748503333398298
502.4489004945036	0.02772690001372638
491.34974209688596	0.027974085993936436
480.5134285187269	0.028227515305277683
469.9320069247565	0.0284945358132962
459.59908906619137	0.028775164095561283
449.5094017074597	0.029063613220776243
439.6565334959994	0.02935966566295276
430.0340730792489	0.029663112888967395
420.63560910464696	0.02997376015554163
411.4293584805112	0.030264585267691588
402.4311101688437	0.03056266410457203
393.63937356970445	0.030874859291009887
385.0503685525555	0.03119579436909798
376.65930854017057	0.03152584066984743
368.4614069553234	0.031865420617255814
360.45187722078845	0.03221501367507431
352.62593275934	0.03257516273754856
344.97811323501435	0.03295099219047947
337.5039341593222	0.03334141169536907
330.1992482402075	0.03374290132107588
323.0442874074283	0.03413589470179161
316.0448355344689	0.034532528663360255
309.2027486505931	0.03494064602512221
302.51432751882055	0.035361919572780835
295.9753504559349	0.0358022222009597
289.583009783041	0.03625675627887519
283.333799479953	0.03672595838976347
277.2242135264851	0.03721031822122119
271.2507459024509	0.03771038478554808
265.40989058766434	0.038226773146109345
259.6976326688046	0.03876463058802231
254.1017359803513	0.039305706458478466
248.62338404187042	0.03985613703430361
243.26510674309367	0.0404247864989087
238.02420826905936	0.04101287262724674
232.8979290337807	0.04162233906945002
227.8834166064385	0.04225621658276601

