2384.6770543462853	0.0019305739004164557
2324.4887447270376	0.003730619478043489
2265.999360053268	0.005378262098196411
2209.161496900191	0.006894236557851212
2153.9277518430117	0.008296521634637176
2100.250721456943	0.009600923537162647
2048.0574965091373	0.01085283015010453
1997.323291389322	0.012038843321917223
1948.0089629488648	0.013160354330195674
1900.0700048337958	0.01422401102631311
1853.461910690145	0.015235477816466022
1808.1401741639393	0.016199587681561215
1763.9471754917797	0.01708644533751805
1720.8677759387401	0.0179061051670034
1678.9397410151287	0.01871807995787715
1638.1457082256466	0.01950618615550247
1598.4578917428316	0.020268169898576317
1559.8448450431738	0.021006809851173796
1522.2751216031688	0.021724657684652225
1485.7172748993062	0.022424079606724132
1450.139858408081	0.023107293860226596
1415.511425605983	0.023776404998713484
1381.7862465396156	0.02445900390075786
1348.8148041757902	0.02507968848817289
1316.7006245165287	0.02568534169006871
1285.4283822131242	0.026280525929898154
1254.975580495815	0.026867092696734967
1225.3197225948381	0.027446918778404775
1196.4383117404336	0.028021925745836306
1168.306421772283	0.028599209837926052
1140.8960239189837	0.029193100247875158
1114.1940128314857	0.02978628125571417
1088.1790017610929	0.030378360518292485
1062.807749652486	0.030958439708232716
1038.0060017379528	0.03149962286765545
1013.8331717734973	0.03203912032519386
990.2729486652737	0.03257891746883122
967.3039338807913	0.03313397843791669
944.9131661221809	0.03369883146830456
923.0875080930949	0.034267899346670704
901.8114647746747	0.034841417008651565
881.0695411480656	0.0354196251495118
860.8462421944087	0.03600277876698181
841.1260728948491	0.03659115618704125
821.862794962952	0.03717368769741666
803.0303928976944	0.03774777124857927
784.6604757161208	0.038327634547336606
766.7416737422236	0.038914023153276425
749.2626172999942	0.039507749827113185
732.2119367134227	0.04010970371177915
715.578262306499	0.040720860076051905
699.3491041484673	0.04134614916667827
683.5118686742791	0.041991316692754556
668.0581758453523	0.04264745621946462
652.97711621386	0.04331416731628996
638.2299939705315	0.04397103460384379
623.8153313687392	0.044623490952340104
609.7444478908889	0.04528697515051831
596.0075653363215	0.04596831972291343
582.5965830656091	0.046668086643568606
569.5045274179017	0.047382154585455874
556.7232685967253	0.0481109930856866
544.2446768056083	0.04885512804670983
532.0606222480764	0.0496151499581023
520.1628427431692	0.05039232855082851
508.541833243119	0.05119388151385282
497.1659078440677	0.0519903912236533
486.04586259300527	0.05279682946174967
475.18361224538546	0.05362126220881803
464.57301570263434	0.054464985712771516
454.2079318661789	0.05532941756185231
444.08117523992695	0.05622166950462823
434.18782165406054	0.05713717704777867
424.52195848273266	0.05807646510473221
415.07763642543557	0.05904032284355695
405.84890618166116	0.06002962170892429
396.82966175328454	0.06104625513213511
387.9906153798989	0.06206953634338384
379.3506123011622	0.06312095314407598
370.905202868964	0.0642023895798756
362.64979520825256	0.06531572716957348
354.5797974439765	0.06646300130496313
346.6903065934339	0.06764851568760906
338.97708298441466	0.06887235847299784
331.4356630207546	0.07013618528555261
324.06153878924897	0.07144210144204571
316.85020237669227	0.07279238294724875
309.7916011934969	0.07418347982437223
302.87621957680096	0.07561100718450726
296.1113645257015	0.0770915709839812
289.49342898396293	0.07862926048553244
283.0189095062403	0.08022761552842214
276.68418619617967	0.08189140175135926
270.48543545470005	0.08362748654941571
264.4189706795284	0.08544206875348935
258.4813177299757	0.087339904508378
252.66882810759537	0.0893276754967085
246.97719816810428	0.09141870232119319
241.39310694002842	0.09361103353599112
235.9214531347175	0.09591873386590478

