4799.771068997303	0.0743078341003472
4688.939572269553	0.07551151705550321
4581.286853606371	0.07669863044651773
4476.553083688086	0.07778194474888417
4374.628968619236	0.07874915425190554
4275.587984723972	0.07968978410819544
4179.337581628046	0.08060632730143244
4085.785208957216	0.08150151291447502
3994.8383163372364	0.08237831613263977
3905.86779069176	0.08332900379780249
3818.9805182493806	0.08432889096763721
3734.4562295475816	0.08532104027920018
3652.231730358728	0.08630411167777535
3572.24382645519	0.08727662752752723
3494.429323609339	0.08823696737703718
3418.725027593539	0.08918336279278488
3345.067744180158	0.09011389223987433
3273.3419642143317	0.09098854935123522
3203.381505686411	0.09172649202542993
3135.284677196528	0.09244012022868331
3068.994207768535	0.09313155771430617
3004.452826426274	0.0938031306345058
2941.603262193597	0.09445737570171193
2880.000892570022	0.09518244077078408
2819.6873206092455	0.09596415603847196
2760.9149469968165	0.09673866339595848
2703.6453570231765	0.09750487137986356
2647.840135978764	0.09826159212485684
2593.4608691540225	0.09900753808236062
2540.469141839395	0.09974131875875263
2488.826539325322	0.10046143745952738
2438.4946469022416	0.10116628802086709
2389.3822438428724	0.10180237596503984
2341.427072571415	0.1023409802969747
2294.6717470347003	0.10285820035819847
2249.081310810493	0.10335570111231028
2204.620807476559	0.10383530402936218
2161.2552806106673	0.10429899283238868
2118.8518141075447	0.10477769088902775
2077.064973381053	0.1053682186123352
2036.277056588875	0.10595275193138115
1996.464919652003	0.10653028633205977
1957.6054184914208	0.10709973819842315
1919.67540902812	0.10765994214550575
1882.6517471830862	0.10820964834155061
1846.511288877311	0.10874751981032428
1811.2308900317776	0.10927212970113308
1776.7758653571373	0.10976691715780292
1743.0666183053827	0.11015449133882682
1710.1501963313076	0.1105230224776896
1678.0054898944459	0.11087357942419762
1646.6113894543332	0.11120733472647885
1615.9467854705067	0.111525568153502
1585.9905684024989	0.11182967018069595
1556.7216287098443	0.1121211454492797
1527.9470636042429	0.11247002713923962
1499.629723027116	0.11288812060061247
1471.9440398075599	0.11330069692790844
1444.8761168810088	0.1137066626657926
1418.412057182894	0.11410484655189126
1392.5379636486514	0.11449399686003915
1367.2399392137122	0.11487277870752369
1342.504086813512	0.11523977131732013
1318.2833149084447	0.11553582386650338
1294.5829827374894	0.1157903217503643
1271.4051989946613	0.11602901227843167
1248.7372779128507	0.11625245375182934
1226.5665337249443	0.11646126194037033
1204.8802806638303	0.11665611181893715
1183.665832962396	0.11683773925624175
1162.910504853531	0.11700694265719909
1142.6016105701233	0.1171645845618005
1122.7264643450603	0.11731159320520924
1103.1419410983378	0.11751911088032005
1083.8544515391227	0.11778117015430484
1064.9677436197596	0.11803723350640895
1046.4734089710387	0.1182860337727238
1028.3630392237505	0.1185262207527101
1010.620115291958	0.11873817119092882
993.2242161082434	0.11889205324242053
976.1880711539288	0.1190329350422012
959.504007208544	0.11916091283847256
943.1643510516178	0.11927610277140001
927.1614294626813	0.11937864137257598
911.4875692212631	0.11946868602115099
896.1350971068939	0.11954641535367706
881.0963398991026	0.11961202962495283
866.3636243774193	0.11966575101742202
851.9292773213731	0.11970782389693496
837.7856255104939	0.11973851501309664
823.9249957243121	0.11975811364269658
810.3397147423569	0.11976693167518244
796.9348302493611	0.11982835750137513
783.7188220360226	0.11992397138990595
770.744589562818	0.11997060311479074
758.021329926718	0.12000727039906549
745.5443214377902	0.12003375899637915
733.3088424061036	0.12004984860373391
721.3101711417263	0.12005531249138726
709.543585954726	0.12004991709606638

