3685.7112343122117	0.07099915691510914
3598.498655658791	0.07186894308991751
3513.6977927775342	0.07273604844887128
3431.2496356561082	0.07359882379593455
3351.09517428217	0.07445541542134287
3273.175398643388	0.07530375462161602
3197.4312987274197	0.07614154720322354
3123.8038645219276	0.07696626297343892
3052.234086014572	0.07777512521250632
2982.6629531930166	0.07856510010944122
2914.9583832547396	0.07927330102837454
2849.0704908740186	0.07989978530343146
2785.0120662113904	0.08049825276485381
2722.7294633785223	0.08106951615122777
2662.16903648708	0.08161449720053032
2603.277139648727	0.08213423156265053
2546.0001269751256	0.08262987360321868
2490.284352577939	0.08310270109391289
2436.0761705688356	0.08355411979125692
2383.321935059475	0.08398566791425738
2331.4358961005546	0.08453811330880462
2280.8596445934368	0.08508965120135577
2231.6042602426023	0.08562535699501328
2183.553843525331	0.08605629439281426
2136.7491444050484	0.08645832509030199
2091.1630984759395	0.08683783100102523
2046.762793854949	0.08719507326121137
2003.5153186590187	0.08753036196259174
1961.3877610050934	0.08784405805696957
1920.3472090101188	0.08813657513456523
1880.3607507910367	0.0884083810636403
1841.3954744647892	0.08865999948075755
1803.4184681483216	0.08889201112280083
1766.3968199585788	0.08910505499426412
1730.1690507739945	0.0893439889843388
1694.5448720330105	0.08963679719935531
1659.7548067586463	0.08986608089276717
1625.8129560831144	0.09007799355930149
1592.6990245700067	0.09027230001378948
1560.392716782925	0.09044876300722574
1528.8737372854646	0.09060714289795062
1498.1217906412257	0.09074719721299435
1468.1165814138035	0.09086868008665124
1438.8378141667981	0.09097134156232466
1410.2651934638047	0.09105492674289821
1382.378423868425	0.09111917477372145
1355.1572099442517	0.09116381764126544
1328.581256254885	0.09118857876913056
1302.601619155196	0.09114233302234515
1277.2255226396637	0.0910716220519256
1252.2021081272912	0.09109047006945438
1227.7229244079754	0.09110829189998985
1203.803204518859	0.091111840037904
1180.4302494114	0.09110044523550119
1157.5913600370563	0.09107339557474647
1135.2738373472878	0.09102993423358419
1113.4649822935537	0.09096925711957074
1092.152095827312	0.09089051035712838
1071.322478900022	0.09079278761275694
1050.963432463141	0.09067512724037924
1031.0464239367125	0.09050127178502598
1011.5728103988159	0.09030003269420707
992.5332959033201	0.0900778663484637
973.9159814608523	0.0898356129648805
955.7089680820422	0.0895741843629764
937.9003567775173	0.08929456498756444
920.3436789455891	0.08907899622987238
903.1313434166099	0.08886865132468998
886.2879422015694	0.08864295146095758
869.8053494239139	0.08840065668449348
853.675439207091	0.08814044470751277
837.886685218734	0.08785165193334188
822.4271834606475	0.08752180278396492
807.2967814145344	0.08717070933471886
792.4878717071023	0.08679826582063929
777.992846965059	0.08640437368598741
763.8040998151112	0.08598894078075393
749.9140228839656	0.08555188040111364
736.3150087983303	0.08509311016302092
722.9994501849128	0.08461255069763611
709.9597396704199	0.08411012415691656
697.1882698815589	0.08358575251697632
684.6480683266298	0.08305127609876482
672.2800143434855	0.08254467071938987
660.1606146122836	0.08201747518042066
648.2848674842801	0.08146897459534992
636.6477713107298	0.08089841777868367
625.2443244428879	0.08030501506861507
614.069525232009	0.07968793599862903
603.1183720293491	0.07904630680563864
592.3858631861634	0.07837920776101623
581.866997053707	0.07768567030947383
571.5556851268286	0.07696038202362422
561.4456702643777	0.07619699606387467
551.5346553960699	0.07540493776011148
541.8178668714066	0.0745840249382749
532.2905310398896	0.07373407729117679
522.9478742510208	0.07285491468276216
513.7851228543028	0.07194635522945247
504.7674576753455	0.07103806447741486

