4891.221767458699	0.06621059017143234
4777.579300199641	0.06721869576747297
4667.007492900382	0.06814563698885714
4559.40189096321	0.06897933382802783
4454.8111491003665	0.06978975040666444
4353.14766300792	0.0705779321621361
4254.3238283819255	0.07134501330463326
4158.252040918442	0.07209221992818667
4064.8446963135266	0.07282087312436587
3974.014190263243	0.0735323921061625
3885.6729184636533	0.07422829735579806
3799.4785457294065	0.07495297621797382
3715.1138507471596	0.07575015815623141
3633.001706228254	0.07653759140511958
3553.0804480994548	0.07731245473407788
3475.1868556105874	0.07800184050577501
3399.295844823337	0.07862358025953939
3325.419696196619	0.07922405505427096
3253.502739753406	0.07980398101719101
3183.489305516661	0.08036414270212208
3115.3237235093547	0.08090539568672782
3048.95032375445	0.08142866911910156
2984.3134362749192	0.08193496821265125
2921.357391093725	0.08242537669195645
2860.0265182338376	0.0829010591963633
2799.8548763468775	0.08345434856348855
2741.051338609699	0.0840320480072775
2683.7292416719733	0.08459858895573759
2627.8062287422485	0.0851120909919647
2573.2257292127947	0.08555092844353887
2520.0153380094257	0.08597069743373048
2468.1399202409643	0.08637171391821973
2417.5643410162374	0.08675433257132988
2368.253465444071	0.08711894817711599
2320.1721586332887	0.08746599694447552
2273.2852856927134	0.08779595773908282
2227.557711731171	0.08810935322633752
2182.9543018574905	0.08840675092073187
2139.43992118049	0.08868876413872188
2096.953698781091	0.08896349700258474
2055.098511917398	0.08933871290333248
2014.227681334099	0.08969452702626712
1974.2662199581528	0.08996785530707616
1935.2501019579718	0.09022489451006527
1897.1572231919786	0.09046558269774314
1859.965479518603	0.09068986525612509
1823.6527667962641	0.09089769497961558
1788.1969808833908	0.09108903207696331
1753.5760176384092	0.09126384408963824
1719.767772919744	0.09142210571358247
1686.7501425858184	0.0915637985150747
1654.50102249506	0.09168891053109002
1622.9983085058948	0.09179743574427986
1592.219896476747	0.09188937342224508
1562.1436822660407	0.09196472731044145
1532.5980556554416	0.09201359249100344
1503.530722125346	0.09211127282333499
1475.1095579854987	0.09219555922859529
1447.3206281589628	0.09226605564040997
1420.1499975687998	0.09232234411991472
1393.5837311380747	0.092363983685637
1367.607893789848	0.09239050906010354
1342.2085504471854	0.092401429324948
1317.3717660331467	0.09239622647541101
1293.0836054707977	0.09237435386406487
1269.330133683199	0.09233523452238183
1246.097415593415	0.0922782593475013
1223.371126570361	0.09220205085212711
1201.1150917204004	0.0920632160523688
1179.3390467607492	0.09190493670216272
1158.0299315845673	0.09172826726662923
1137.174686085014	0.0915343446385354
1116.590177627893	0.09141107105249849
1096.4091696428961	0.09128841250056992
1076.649715164093	0.09115204229370227
1057.302921527974	0.09100109738676809
1038.3598960710267	0.09083466050026645
1019.8117461297402	0.09065175760705156
1001.6495790406036	0.09045135530132209
983.8645021401073	0.09023235803849733
966.4390042480563	0.08997318323549677
949.3685776154027	0.08968210413739268
932.6496138447067	0.0893702335465343
916.2737776522639	0.08903769797694945
900.2327337543679	0.08868464536346539
884.5181468673145	0.08831124479366012
869.1216817073973	0.08791768611373245
854.0350029909114	0.08750417940189895
839.2497754341504	0.08707095430299305
824.6700540728489	0.08667630157079914
810.3369088122894	0.08628986101287202
796.2841324038895	0.08588433639111644
782.4986537081369	0.08543705260554359
768.9823191983018	0.0849679494284298
755.7297458407232	0.08447662292741648
742.735482544941	0.08396245011562507
729.9940782204944	0.08342478212046049
717.5000817769243	0.08286294252069969
705.248042123771	0.08227622554714367
693.2325081705742	0.08166389413533134

