1074.3685838510526	0.005381233888866242
1046.389693990436	0.005520811443123612
1019.2378227004727	0.005669020066574192
992.8774905429285	0.005800909355291513
967.2830631088425	0.005913569256235806
942.4387515787914	0.006029048680701019
918.3197240456891	0.0061481612274992825
894.9011486024506	0.00627185899932677
872.1448137730777	0.006409348126561371
849.9414035931325	0.0066148563628478365
828.37060064864	0.006827527035628004
807.4104773764827	0.007034320887904496
787.0369923937457	0.007214550165460277
767.2421398421217	0.0073951946487145
748.0085832166214	0.007576414852661001
729.318986012254	0.0077584014951387215
711.1560117240293	0.007941369748059339
693.5023238469566	0.008125553085587081
676.3405858760472	0.008311196701893526
659.597297338248	0.008539083414805203
643.2825635674077	0.008757058116903915
627.415720216607	0.00897595265515429
611.9845397072806	0.009195448154178646
596.9767944608611	0.009415186626876149
582.3802568987832	0.00963476381982892
568.1826994424798	0.009853721593589436
554.3718945133845	0.010071539806599814
540.9356145329303	0.010287627667120405
527.8556218567851	0.010474834756052938
515.1201824180495	0.010664531577029452
502.6746119887579	0.010902622316668971
490.5594996393489	0.011142196865031958
478.76613033636085	0.011382443437209063
467.28578904633144	0.011622449697111376
456.10976073579803	0.011861193486673745
445.22933037129775	0.012097533032638755
434.63158876903407	0.012308011089963945
424.31217028389096	0.012513227480518339
414.2630612663047	0.012715525122302408
404.475977724793	0.012915905975249
394.92888866143284	0.01313184221513923
385.60272555183593	0.013378555789456134
376.51636843147094	0.013625258622224079
367.6633244998345	0.013869152975647215
359.03463585948	0.014091561095348823
350.6272660009957	0.014310420832674687
342.43524903004396	0.014525936246646495
334.45261905228926	0.014738303960685886
326.67341017339567	0.014947708793168727
319.0916564990266	0.01515431898736108
311.70139213484555	0.015358281021101613
304.4825676793066	0.015573202845531084
297.428513678072	0.015796503206726396
290.55040504086514	0.016017723344540373
283.84389324988535	0.01623655616318696
277.3046297873327	0.016452641160809932
270.928266135407	0.016665558478852188
264.7104537763078	0.01687482254050562
258.64684419223477	0.01707987525298132
252.73171696938607	0.01726802474242196
246.96206461128105	0.017449797786198314
241.33391388892872	0.01762778194343353
235.83267000342576	0.017821758213365367
230.45615835054923	0.018030026828514397
225.21010935630594	0.018235848155362253
220.09131892488145	0.018438262945683206
215.0959048404639	0.01862927834299583
210.22101646747274	0.01881094537161537
205.46399783018762	0.018987560802409625
200.8217754703516	0.01915923341654546
196.29127592970798	0.019326052155221474
191.86942574999995	0.019488081530125646
187.5531514729705	0.01964535663629498
183.33132455649383	0.01980862494204571
179.20306548878347	0.019977474549221472
175.1723946231487	0.02014187541226575
171.23701785643274	0.020301421866911976
167.3946410854788	0.02045565002589924
163.64297020713047	0.02060403198938332
159.97971111823125	0.020745969651546802
156.40207409004822	0.020873986972086728
152.90831033334032	0.020994535023257654
149.49623197630507	0.021108318958185292
146.1636209419415	0.02121563264581969
142.90267119221087	0.021331572203337514
139.71301187926917	0.021452169082795836
136.59672467705656	0.021562525115731947
133.55216658304516	0.02166269788236265
130.5778203307858	0.021754778689274643
127.67200886111779	0.021838377031718946
124.83305511488032	0.02191304926975388
122.0592820329125	0.021978292934863523
119.34887445254974	0.02203110770993778
116.7002070273214	0.02207163201523244
114.11176427820254	0.022102014426381638
111.57747707052356	0.02213641710935816
109.09806780613268	0.02216803733592713
106.67456821947516	0.022188577355942395
104.30555305796378	0.022194129136186565
101.98988458109821	0.02218630069060423

