2674.666173176751	0.03474614487108788
2609.9550492284507	0.033767306958611173
2546.934037487066	0.032791031454569325
2485.5625837676776	0.03181690209617598
2425.80013388536	0.03084430730323143
2367.6061336551957	0.02987242157023255
2310.9400288922593	0.028900185884979206
2255.761265411629	0.02792628713915818
2202.007207945302	0.02692497989822625
2149.6575363833426	0.025915300598205095
2098.67832077678	0.024902452489127
2049.0315867363875	0.023887261155998596
2000.6793598729405	0.02287048368415612
1953.5836657972163	0.02185279676726177
1907.706530119993	0.020834784026464923
1863.0095874984331	0.01981641788019757
1819.3186434277175	0.018807351141735484
1776.6978378925487	0.017812641416201046
1735.1623612988471	0.01682037366361841
1694.6845981273996	0.015830768890687564
1655.2369328589994	0.014843932446796944
1616.7917499744335	0.013859840899208626
1579.321433954495	0.012878328149786147
1542.795365419151	0.01189439920481084
1507.1774767364866	0.010893779637702066
1472.4533705780873	0.009896029987757649
1438.592222648512	0.008904504830405485
1405.4695335980525	0.007956253704779719
1373.168264494598	0.0070152471858592295
1341.6680057402948	0.0060809771667872095
1310.9483477372871	0.005152758605070902
1280.9844461339217	0.004221428676932396
1251.7539311872204	0.003281583517082324
1223.2443496841188	0.002346613990937705
1195.4364087946183	0.0014173785068116835
1168.3108156887204	0.0004946851405744099
1141.8482775364287	0.00042071735057597166
1115.9988975869476	0.001314963640112238
1090.7312538525873	0.002181401268418866
1066.0693483792138	0.0030516671584933236
1042.0001341542763	0.0039229570349476675
1018.5126389569512	0.004787429720023757
995.5924402028672	0.005644880225249423
973.2251153076561	0.006495197871146811
951.396241686946	0.00733837653466288
930.0913967563699	0.008174525465755384
909.2961579315543	0.009003880695951828
888.990655498176	0.009841388826038609
869.1225096791301	0.010652127821807092
849.7152791221099	0.011450548985833413
830.7670520041355	0.012241685405909919
812.2668804580261	0.013026033082334087
794.2038166166016	0.01380422994612215
776.5669126126795	0.014577067732698252
759.3443004328908	0.015348376425355782
742.5221943687427	0.01612853754376655
726.09403666347	0.01690536514223828
710.0493859263412	0.017678593607982972
694.3666568780848	0.018441022176061025
679.0208953149864	0.019182874025929338
664.0299914339444	0.019921683860396406
649.3855441470231	0.02065894088890332
635.0765990877226	0.021405825885250293
621.0965480328683	0.022158066616588958
607.438484630245	0.022912210746770374
594.0944162982001	0.023668863252848765
581.0563504550842	0.02442874631636822
568.3162945192449	0.025192709273395578
555.8662559090316	0.02596173916448695
543.6751240447451	0.02672567690064778
531.7529745723805	0.027498401180089546
520.1000731850638	0.028279729084621914
508.71022324850713	0.029071059452154317
497.57722812842223	0.029873948294993867
486.6948911905218	0.030690120033168594
476.05701580051857	0.03152147938652101
465.65646397412706	0.032374854092699516
455.48769142361454	0.033249506722686714
445.5451515835225	0.03414465507715053
435.8158782616936	0.0350556180837404
426.28845493667586	0.03597887574107072
416.97074209874137	0.03692868801594529
407.85768875622773	0.037909036810998505
398.9442914235709	0.03892395893224442
390.2259707599773	0.039975289286525204
381.69788144961086	0.04106661305460919
373.3551781766341	0.04220179468852362
365.1930156252103	0.043384995895217764
357.2068889099611	0.04461848152052469
349.391767623065	0.0459081520875259
341.7288259396935	0.04724708265687812
334.22620774480936	0.04865537362785396
326.8810259407399	0.0501422830934139
319.69011108311395	0.051709276365716816
312.64912611201555	0.05336645446002807
305.7521816572975	0.055136419571207664
298.9945624362789	0.057034534297927465
292.3717411398964	0.05907582914941331
285.88323726584827	0.0612437163686074
279.5174546364398	0.06361172717563925

