1151.5219555975586	0.026656689995956006
1121.4138005895365	0.026220310371544358
1092.1666352459767	0.025786033315509823
1063.757148839314	0.02535181035534707
1036.1620306419784	0.024915261481323434
1009.3505457293677	0.024456321406370173
983.3013318302951	0.023975192933528615
957.9988314070706	0.023486338916758092
933.4211798167169	0.022989798823479592
909.5465124162585	0.02248552718777783
886.3529645627201	0.02197338163383793
863.8186716131245	0.02145310997101398
841.9215148872324	0.020923628905122945
820.6305724224899	0.02035851277244568
799.9011386471227	0.019805668703408517
779.6925812261114	0.019281103785858886
760.0441302357809	0.018751933313203725
740.9401523234648	0.018217429325261835
722.3650141364984	0.0176767063417738
704.303082322215	0.01712870624224441
686.7343657692314	0.016557390678666482
669.6456927700375	0.015968770659608788
653.0246339997508	0.015372076631611947
636.8563261118046	0.014768509173627242
621.1140318737479	0.014168100610870185
605.7460785388332	0.013600507931527407
590.7904093628273	0.013028481316222177
576.233651590089	0.012442138876585575
562.0640434721938	0.011837200189821644
548.2735728030409	0.01122476196624468
534.8514772293697	0.01060507896645983
521.7869943979197	0.009978357815444386
509.0693619554313	0.009344747988717355
496.68781754864517	0.00870433203859354
484.6302342265776	0.008050622157161489
472.8454698765861	0.007417892380908601
461.3645132750871	0.006782551213347759
450.18235933699106	0.006141615937237779
439.2911221372026	0.005494617084790646
428.6829157506297	0.004840973774528996
418.3498542521782	0.00417998215992735
408.282637005017	0.00350286022508426
398.47409652247745	0.0028121843597626096
388.91758027741366	0.0021137647985322943
379.60551941164636	0.0014083883657643717
370.5112861552955	0.0007182320106224771
361.6365575932215	0.00003471222628927999
352.9862518325136	0.000656179500597124
344.55312458462845	0.0013650499393510005
336.3330806481323	0.0020822489250972034
328.32049611727524	0.002807828383193331
320.50974708630804	0.0035419034458494857
312.8952096494814	0.00428466132470388
305.4712599010455	0.005036370897307075
298.2313764539201	0.00580420916663276
291.1635033177672	0.006572733997946301
284.25633601438636	0.007330441028562258
277.51942986430873	0.008096360208259667
270.9485467603079	0.008871338642918147
264.53944859515747	0.009656352637712985
258.2872491281084	0.010458168639695285
252.18837420749165	0.011272528374871244
246.23884532092262	0.012098500117603144
240.43456506027871	0.01293622474165566
234.7714360174382	0.013785911668284951
229.24376713069034	0.014646557180945194
223.83552038521617	0.015501867861237736
218.55724008184603	0.016369862029296394
213.40579019755376	0.017251464635247925
208.37803470931297	0.018147722059295546
203.47083759409767	0.01905981321029765
198.68076691230442	0.019992374050442543
194.0050395550486	0.02094307154898428
189.44062001705146	0.021912339960467455
184.9844491403913	0.02290097295164309
180.6334674834324	0.02390987932926341
176.3747547643824	0.024923567064307553
172.21520916009746	0.0259585578806486
168.1529979821504	0.027017800571622123
164.18572313333348	0.02810334759561071
160.3109630288009	0.029217769552486592
156.52632329282613	0.03036349574140902
152.82945224763714	0.03154256621007234
149.21796872213616	0.0327576393118607
145.68950290671629	0.03401144307444979
142.24168558141918	0.035306940345789246
138.86537714740967	0.03663310783299304
135.564779882852	0.03800842395539621
132.3385895875991	0.03943802177743309
129.18480254633053	0.040928575664534575
126.10127649718098	0.042489691194270186
123.08601036881369	0.044129289644907005
120.13719519941701	0.04585245559479139
117.25222524245338	0.04767931852645171
114.4289107284072	0.04962390117313092
111.66493163837112	0.051694740880058154
108.9526577039659	0.05392129469805853
106.29491261313989	0.0563349559786814
103.68826112225017	0.0589896370749596
101.12899867619986	0.06194974734001123
