1618.2291093857789	0.033218424356053544
1577.1055528722368	0.032796253639140266
1537.148968429336	0.03236822686437296
1498.3265984957604	0.031933017734490345
1460.605685510187	0.031489066584899125
1423.9534719112996	0.031034561221381242
1388.3198126333277	0.030537684336079375
1353.6873622103517	0.030020840859288432
1320.029039130563	0.02949122469051779
1287.314076663865	0.028949905127698586
1255.5117080801629	0.02839796842436889
1224.591166649358	0.02783651112368243
1194.4283246686673	0.027306663063307795
1165.0412385444115	0.026790679292548723
1136.4433635120117	0.026239283332200644
1108.6235139179653	0.025673231655773378
1081.5619848931037	0.025096749822032683
1055.2370895399163	0.02450999033008542
1029.627140960896	0.023913046912636415
1004.7104522585312	0.023305945238175273
980.4653365353147	0.022688632863819915
956.8697086271609	0.022059988686675355
933.8926082300095	0.02139634029573443
911.4251009091715	0.02077612666439143
889.5495016189282	0.02014850408660959
868.2503853503244	0.019512971462163152
847.5122678730221	0.018868947162061382
827.3196649566827	0.018215726705627783
807.6570923709694	0.01755247089774961
788.5063382895249	0.016870089166810258
769.8505961209775	0.016162838169538122
751.6795243254505	0.015444521594565557
733.9783909606308	0.014716232269119903
716.7164010957758	0.013989602316092996
699.8435656112936	0.013289909972658194
683.4007446838252	0.012582504375693507
667.3767279876561	0.011865982482696802
651.755751276641	0.011122461496822361
636.531404667431	0.01036657777782483
621.6933523049797	0.009599627589803221
607.2309395719077	0.00882175426941006
593.1335118508379	0.008033055130818199
579.3904145243911	0.007233573479370719
565.99099297519	0.006423289953528977
552.9029056093742	0.005607167260537134
540.1094048191768	0.004799919260115344
527.6317623717141	0.003982625290410111
515.4621622215379	0.0031547889340946375
503.5927883231995	0.0023158197901606524
492.015824631249	0.0014650240104819277
480.72345510023683	0.0006015941739434645
469.70600159973264	0.0002845614539133255
458.9573387361224	0.001186629807345691
448.47041056303135	0.002101988136884807
438.23770903790023	0.003030202615114287
428.23344743357217	0.003952902199328807
418.4547236186369	0.004873355340487347
408.91002802662666	0.005808835660901235
399.59262491906793	0.0067662790224546285
390.4982242190946	0.0077388875823194364
381.6212380392677	0.008727072572948302
372.95607849214736	0.009731320337047211
364.4971576902947	0.010752200940735345
356.2388877462696	0.011790377472422333
348.1747453290027	0.01285276829015695
340.30016919918626	0.013933763667576574
332.59309671749344	0.015012741485876545
325.05968716480334	0.016102460060601113
317.7017562858697	0.017211296392340564
310.5150602046949	0.01834076362701763
303.49472286420826	0.019497282873772954
296.6372964406505	0.02067690293192924
289.93866957483215	0.021880535030804654
283.394730907564	0.023109193751396445
277.00136907965725	0.024364007337137065
270.75427751801317	0.0256478665006859
264.6493898262318	0.026961885162394228
258.6671973487087	0.028282992958152973
252.82011101468774	0.029634601811560114
247.1050654239456	0.03101911791028989
241.51882649888094	0.03243942808474173
236.05819604795195	0.033898324949057486
230.7200981260401	0.035397640629645344
225.50137900031555	0.03694013285609989
220.3988849379476	0.03852878843802873
215.4095024951745	0.04016641927144643
210.53003975083766	0.041856904835755555
205.7531302981834	0.04359760406312704
201.07316661234094	0.045388538795358764
196.49461140719964	0.04724465102731186
192.01483706242487	0.049172603016745184
187.6309578736689	0.05118265919610335
183.34027200384241	0.053283664729603976
179.14056016525666	0.05547910796944929
175.02857580280616	0.05778579804785968
171.00102147396993	0.06022260423754985
167.05532617154898	0.0628002205575137
163.18838160790827	0.06553746530729235
159.38815204431322	0.06846564556855074
155.65920313376085	0.07161450312052
