1865.3855956553748	0.005939611101369741
1817.3032437254215	0.0054479889067726266
1770.5490815632866	0.004958739614010933
1725.0876404392707	0.004469562887105144
1680.8984673013756	0.00399933658179752
1637.9472167424024	0.003548292159802812
1596.199543355147	0.0031164705221690342
1555.6211017324079	0.0027037019846321594
1516.1775464669813	0.0023095853016197264
1477.8345321516672	0.0019334657233642967
1440.5463730485253	0.0015554846569300889
1404.2796261934207	0.001174524628453624
1369.013335630281	0.0008111371010412856
1334.6225270480297	0.0005017268701655895
1301.1678027334438	0.00021561087680011884
1268.6296631509524	0.000049948927789217324
1236.9825973873299	0.0002957569354884406
1206.2010945293478	0.000522878792991942
1176.2547396377881	0.0007426339065284468
1147.1100792785478	0.0009739610140307714
1118.7563479274845	0.001189356427896543
1091.1696102926198	0.0013874693291111026
1064.289047746728	0.001550421609678078
1038.0936439490868	0.001677189441226813
1012.600601544241	0.0017847762124268691
987.7908717378668	0.0018745134176363068
963.6454057356402	0.001948007135395272
940.1331638013859	0.0020374540097470926
917.2458563951449	0.0021194226205442103
894.9678219197891	0.0021877686546096686
873.2812038422406	0.0022418140121079687
852.168145629422	0.0022809397952145913
831.5584259540728	0.0022754738205384363
811.4876295074587	0.002253419159958428
791.9436420407078	0.0022177176556543838
772.908780767301	0.0021807602575110857
754.3648450015479	0.0021578294922384293
736.3060399587658	0.00212602904645959
718.7189849102892	0.0020851388846851305
701.5902991274581	0.0020350042168279197
684.9066018816085	0.001975542636180293
668.6430267880377	0.0018990241287760766
652.7673634508568	0.0017921046461490137
637.2997668499802	0.0016771617222026375
622.2234825923455	0.0015792142906357323
607.5325916453571	0.0014839878582196975
593.2188293452909	0.0013850969914643702
579.272143236196	0.0012827955325413302
565.6824808621201	0.0011774145877978075
552.4397897671105	0.0010693692877453758
539.5340174952139	0.000959165904357937
526.9422442634734	0.0008367508305905258
514.6459594610961	0.0007055110354324063
502.65591852456845	0.0005901471308484714
490.9678449799938	0.0004765540802594125
479.57413181878246	0.00036538731877923674
468.4671720323448	0.0002573888764757691
457.6393586120902	0.0001533938466418256
447.0830845494286	0.00005433721151232057
436.7907428357694	0.00003873894622376396
426.75395610676185	0.00012052561044341756
416.9559711861719	0.00018735360323218102
407.3808758881029	0.0002656222141128718
398.04184785728484	0.0003353570931102723
388.93311768669037	0.0003953170096549127
380.048915969291	0.0004441475492629025
371.38347329805936	0.0004803738699377884
362.93102026596705	0.0005023930494305013
354.6848425552778	0.0005023931455958896
346.6391418924901	0.0004778991476055493
338.7894789306865	0.00043537180113918043
331.1303034991091	0.0003742543656100845
323.63706587968716	0.00031783383749108305
316.3219898767214	0.00024407876126107225
309.18282126839676	0.00014811519851184535
302.2149583886436	0.000026042151763777203
295.4133827553921	0.00012953572998146185
288.7746974788519	0.000313948170502929
282.29463506209373	0.0005290053351860419
275.96892800818813	0.0007766302205160816
269.79330882020525	0.0010588661372823694
263.76351000121537	0.0013778848480829765
257.8713127554284	0.0017315402422499481
252.10322955544927	0.0021075569406120063
246.46922320151177	0.0025277559948392652
240.96594462334247	0.002995924755427494
235.59004475066712	0.003516093934159479
230.33817451321187	0.0040925512623273
225.20721349854006	0.004727594276077998
220.19376604350663	0.005426393829074828
215.2941444445204	0.006197474916828366
210.504909058651	0.007047366374195727
205.8226202429679	0.007983027467058534
201.2407375212399	0.009002345797789293
196.74990153902806	0.010091928209968182
192.35590257027354	0.01129753685148214
188.05557828751094	0.012634441569413356
183.84576636327517	0.014119002206453873
179.7256907878368	0.015739454167483975
175.68972711360843	0.017543485859027416

