1374.9699366086193	0.03861733156879769
1341.3951922917115	0.03844761156985458
1308.751263963199	0.03829531880548255
1276.9883337785832	0.038112341151238675
1246.0996816903585	0.0379292787030717
1216.0655752922285	0.03775427961199538
1186.8613765644366	0.03758654274397126
1158.4624474872278	0.037425328972243106
1130.8441500408455	0.03726994882849669
1103.981846205536	0.03711975048747548
1077.8508979615442	0.03697410795842353
1052.4266672891144	0.03683240936939793
1027.6197760891732	0.03669164611090628
1003.372592670891	0.03659413019695485
979.7688072072667	0.03650128562424039
956.791599570133	0.036412258633556904
934.4241496313236	0.036326155377580376
912.649637262671	0.036242032677394474
891.4512423360105	0.03615888854200798
870.8121447231742	0.03607565240263353
850.7155242959973	0.03599117501129878
831.1362168212164	0.03588055127544582
812.0616286125824	0.0357531120664823
793.4806979057108	0.03562364871921932
775.3245681434954	0.035531315405377066
757.586445918332	0.03547363937644237
740.3006450543883	0.03541759081695586
723.4555196486876	0.035361888590605295
707.0394237982542	0.0353051318170301
691.0407116001123	0.03524578974194155
675.4414375789876	0.03516042948212297
660.2341233611412	0.03506051301925614
645.4104718316738	0.03495561430936908
630.9595277842923	0.034846366656868626
616.8703360127016	0.034733445442090984
603.1319413106073	0.03461756516502063
589.6972176849181	0.03453174199316705
576.5618460815654	0.03447256245961839
563.7485516267527	0.034411192379389194
551.2434247312191	0.03432169958252787
539.0441584265529	0.03422555781928584
527.1434129045464	0.03412414504272356
515.5334981050855	0.03401738549619492
504.20672396805844	0.03390518164975573
493.155400433351	0.03378740949686983
482.3718374408518	0.0336639134902727
471.8483449304458	0.03353450109569572
461.57556006233483	0.03339064721314575
451.5262525933258	0.03324902594609052
441.6884494437834	0.03313272949785354
432.08341670580387	0.03301203477880698
422.7056747178269	0.032886370759048496
413.5497438182919	0.032755100361287454
404.61014434563776	0.03261751443028706
395.88139663830316	0.03247282533441413
387.3576955009148	0.032318256243503
379.03141866149025	0.03213993217045796
370.8998709665562	0.03195283799084188
362.95783319041664	0.03175751971226805
355.2000861073751	0.031554543807084334
347.6148331607392	0.03135351196460446
340.1792611329877	0.031180019690599033
332.9138313696162	0.030999983213397392
325.8143187492194	0.030810355190961886
318.8753897326279	0.03060003160130901
312.09493990737593	0.03038014531345356
305.4691932820151	0.030150523591497388
298.99437386509635	0.029910963349897682
292.6667056651709	0.02966122676780968
286.48241269078983	0.02940103655229245
280.4377189505045	0.029130070827841706
274.5281993233391	0.02884270421084967
268.75015222539935	0.02853880396199632
263.07973131285644	0.028259861789637367
257.5348671401399	0.02797112603613681
252.11295363608428	0.027671556731881056
246.81121215701916	0.027360328882204788
241.62686405927377	0.02703653787636751
236.5569236385323	0.02669726521130146
231.59820624970922	0.026337454686703114
226.74869026999826	0.02596290463453552
222.00570147107433	0.025573431485939324
217.36656562461224	0.025168821736622115
212.82860850228718	0.024748827264672455
208.3891558757738	0.024313160239004816
204.03357159940816	0.023883140416872575
199.76865290186714	0.023438701606540546
195.59542883341447	0.02297709852541651
191.51189389223288	0.022497415787638267
187.5160425765053	0.021998661853767695
183.60586938441472	0.021479762912022245
179.77936773196768	0.02093954327920452
176.03421866995842	0.020372889206879522
172.36879154580794	0.01978290841839101
168.7811328534751	0.019168833638630034
165.26928908691843	0.0185298323359686
161.83130674009655	0.017865000114772513
158.4579463726227	0.017190899450924887
155.1521522618795	0.016493030465099617
151.91513612390366	0.01576534060011546

