825.0100031854558	0.05857850525600692
803.8940223910099	0.05830752890437108
783.3849993748539	0.05803475071666642
763.4651861681302	0.05775906658689519
744.1168348019776	0.05747917698728408
725.3221973075379	0.05719357055412795
707.0528893304506	0.05686597688208906
689.3017264466424	0.056526977477222705
672.0530879043008	0.05618149774460726
655.290284515424	0.05583115705292356
638.9888954791082	0.055483716942105854
623.0655004141911	0.055194840611922286
607.5823342125109	0.05490560063182903
592.527003743812	0.0546141410074258
577.8809688854334	0.05429410300173504
563.6366296669611	0.05396069709266527
549.7842994784696	0.05362200924147096
536.3123351352447	0.0532785836281761
523.2090934525735	0.052930950587654714
510.4629312457413	0.052579620178777174
498.0622053300351	0.05222507517805794
485.9813201865723	0.05188157602998021
474.1761955297306	0.051559063984667676
462.68399682684884	0.05122730355582436
451.49797002719976	0.05089308532841949
440.6098878244525	0.050556268037728065
430.0115229122767	0.05021663687422352
419.69464798434143	0.049873895018681495
409.6510357343168	0.04952765460892634
399.8724588558729	0.04917742710688203
390.3472814242839	0.04880300911997325
381.07062874849316	0.04842204000962873
372.0243604840558	0.04805182235949663
363.18359664356336	0.04771635689234053
354.5706907404844	0.047380641252922004
346.1797416638265	0.04704382663387662
338.0048483025977	0.04670492722451762
330.0394452852155	0.046358323878368315
322.2763418359239	0.045993505756161
314.71197366757355	0.0456245837626734
307.34072874888295	0.04525215567695008
300.1569950485719	0.04487681721071573
293.15516053535896	0.04449915713595678
286.323492276875	0.04412914375966576
279.6419947854312	0.04379037554337584
273.125625474045	0.04343748386496048
266.771541735266	0.043079806598655374
260.57597009923626	0.04271964758302323
254.53483644074657	0.042356878932939
248.64406663458735	0.041991311686939356
242.8995865555488	0.041622688815045245
237.29732207842181	0.04125067775177865
231.83230339429068	0.040866402744122905
226.50111039606597	0.040475105805984096
221.2974301685921	0.040086440456936524
216.2045640534738	0.039726310981346304
211.2351945482058	0.03936495799832193
206.38631386620384	0.039001580125476824
201.6549142208836	0.03863525920810643
197.03722035710393	0.038256500539492616
192.53101344731272	0.0378724446770281
188.13350439589794	0.037484285212085314
183.84180546997766	0.037092120184681956
179.6530289366692	0.036696009291656145
175.56428706309063	0.03629596801161153
171.5712871129209	0.035891707302300374
167.6607061607317	0.03550649995396503
163.8423394007132	0.0351179222016251
160.11402267604677	0.034725431763321206
156.47359182991335	0.03432840207292355
152.91888270549435	0.033926114965223526
149.44762167664888	0.03351619138173095
146.057497430678	0.03309546055286762
142.74669748636006	0.032667872382669945
139.51312529016096	0.03223337226893333
136.35468428854657	0.03179186192161626
133.26836101845254	0.03134574989287122
130.24498809667327	0.030912593935684077
127.29088826337058	0.03046978147913357
124.40456974691406	0.030018192319085542
121.58442975729112	0.029556845254898576
118.82886550448927	0.02908465197063708
116.13624705994391	0.028599919711847797
113.5049024788081	0.028100016474312352
110.93336678604811	0.027585957622498547
108.42006814845028	0.02705677967906985
105.96343473280061	0.026511417687092993
103.56043103271885	0.025953325802614023
101.20636301944216	0.025391746351524597
98.90467029780221	0.024809632347392356
96.65410851441709	0.024204506972835115
94.45343331590468	0.02357369050566852
92.30143792620605	0.022915123550845608
90.19683485462362	0.022224754466825886
88.13835330568374	0.021498594030629394
86.1247324824277	0.020732578088867984
84.15482126942139	0.019924986103370644
82.22722969747286	0.019068088515224742
80.33828009153198	0.018163405764119442
78.48721340776481	0.01720328627542512
