3104.651859687281	0.0825378945494137
3032.2621351082576	0.08303324804635726
2961.8466351760276	0.08352558034265498
2893.354741189918	0.08401252431994007
2826.735834449244	0.08449144020619226
2761.939296253332	0.08495940134401325
2698.912159758518	0.08541112102177417
2637.5015410879796	0.08575124176299993
2577.766083397981	0.08606973030458417
2519.6598754328093	0.08636694577994623
2463.1370059367496	0.08664328435651023
2408.151563654084	0.08689917992340884
2354.657637329093	0.08713510460266131
2302.609315706065	0.08735156906950065
2251.9606875292834	0.08754912266880113
2202.6658415430306	0.0877283533161465
2154.6788664915916	0.08788988717373465
2107.953851119247	0.08803438809333049
2062.041273857808	0.08825623130657351
2017.1859332258698	0.0884269339899264
1973.481469553814	0.08858224193899177
1930.8991069307738	0.0887220348738417
1889.4100694458898	0.0888461796164874
1848.9855811882956	0.08895452855174567
1809.5968662471312	0.08904691792499816
1771.2151487115325	0.08912316596285598
1733.8116526706353	0.08918307080126761
1697.357602213576	0.0892264082042846
1661.8242214294928	0.0892529290547901
1627.1827344075236	0.08926235659649387
1593.38301510317	0.08922319332155358
1560.3971983707333	0.08913453640242558
1528.0457065927578	0.0890964247029676
1496.349344957469	0.08909667829393374
1465.419611558567	0.08908593231550636
1435.2382356997496	0.08906363137591394
1405.7869466847155	0.08902916604903029
1377.0474738171654	0.08898186948047561
1349.0015464007931	0.08892101381758219
1321.6308937392998	0.08884580644831788
1294.9172451363816	0.08875538603172463
1268.8423298957387	0.08864881829930096
1243.3644955975915	0.08848163858318443
1218.4866950179999	0.08829039363173484
1194.195203337666	0.08808240386158152
1170.472969494032	0.08785902479750676
1147.3029424245328	0.08762170983730602
1124.5219858849773	0.08744550887760176
1102.2106240139537	0.0872860040510801
1080.408679314396	0.0871166814697695
1059.10434451251	0.08693646322416855
1038.2858123345025	0.0867441787488833
1017.941275506581	0.08653855988089956
998.0505707636111	0.08629901237312704
978.6022867967233	0.08602387352993543
959.5938759500358	0.08573258642801068
941.0143361904796	0.08542554289493426
922.8526654849849	0.08510316375395377
905.0978618004824	0.08476589834139775
887.7389231039017	0.08441422386156693
870.7648473621755	0.08404864457380191
854.1646325422328	0.08366969080727817
837.8671418305406	0.08331697128397667
821.8559274767294	0.08299660373740443
806.1850758857838	0.08265046741781205
790.8464321923482	0.08227506153496138
775.8383575231572	0.08188579887881675
761.153602434249	0.08148248976144407
746.7849174816632	0.08106492900909483
732.7250532214384	0.08063289410398479
718.9667602096142	0.08018614316903902
705.5027890022305	0.0797244127855736
692.3258901553259	0.07924741563309523
679.4288142249392	0.07875483793938641
666.80431176711	0.07824633672796794
654.4394169415314	0.07770171938908352
642.3321806981371	0.07713819800591974
630.47652889835	0.07655945021127297
618.7915496183475	0.07602854183718202
607.3395976682457	0.07549046007895058
596.1223136187148	0.0749391665432146
585.1348044352433	0.07437396653236263
574.3721770833195	0.07379411180252862
563.8295385284329	0.07319879723106247
553.5019957360711	0.07258715730048186
543.3813481525451	0.07194452429070126
533.4654499072919	0.07128077277911365
523.7504886912579	0.0705993451396472
514.2318324866775	0.06990034540770618
504.9048492757859	0.06918388211133512
495.76490704081834	0.06845006672529878
486.80737376400907	0.06769901194983442
478.0276174275929	0.0669308298049519
469.4093756822595	0.06615782833857499
460.91975459192156	0.06540601342253882
452.5937934722058	0.06462840462166569
444.4301494672811	0.06383351411055802
436.42562568736713	0.06302095068124806
428.5770252426835	0.0621902967555021
420.881151243449	0.061341106124210336

