927.5353538149363	0.023479966434649995
902.1082488807367	0.023242566229479945
877.4409452086596	0.022992214715830458
853.5019025275045	0.022761275935694148
830.2818152046758	0.022520919154655056
807.7601895153422	0.022272456711821393
785.9165317346695	0.022017317228952952
764.7303481378248	0.02175706241869177
744.181144999974	0.021493404571031795
724.2484285962846	0.021228224801364114
704.9047878919273	0.020987052885819465
686.1354104216103	0.0207542179257133
667.922866657468	0.020521663405813708
650.2476811226945	0.020287967040492943
633.0362169751154	0.020010418595965373
616.3103909905481	0.019716677734386248
600.0716586814349	0.019420864967853037
584.3020440338287	0.019138460384185024
568.9872574925901	0.01887122663184956
554.1165213667887	0.018606112838770568
539.6758520261567	0.01834270117072827
525.651265840424	0.018080553554420696
512.0287791793232	0.01781921823729351
498.7821564496524	0.017546843426311142
485.8709190623377	0.01724579570810951
473.3208868285184	0.016960619967020987
461.1250153822879	0.016676962922167533
449.2731615246393	0.01639508077605898
437.7551820565661	0.01611528219384328
426.5609337790621	0.01583793716901972
415.68027349311996	0.015563486598672783
405.10214141158474	0.015297691048130457
394.81506589121585	0.015049326759923404
384.7904117758027	0.014778823822506506
375.0262248097578	0.014491894983093988
365.52986732910114	0.01420604983972724
356.29391197940447	0.01392221794630263
347.3109314062396	0.013641454406365836
338.57260373259015	0.013371000453561887
330.0710723197129	0.013115609037127614
321.80067535076637	0.012864938524221357
313.7542920585287	0.012618248015669528
305.9248016757766	0.012374769408728404
298.2834813965157	0.012103120200467908
290.8420815456979	0.01182789814529162
283.5980609527799	0.011565191128821355
276.5466303685524	0.011311656533237699
269.683080031747	0.011062968890157763
263.00213965447335	0.010819208044084707
256.49853894884063	0.010580497217070753
250.16700762695808	0.010347010665011572
244.00207974458414	0.010120778560230604
237.9971174053427	0.00990831872236296
232.13084226356835	0.009669660114801054
226.417137672744	0.00943497064549678
220.85206779622774	0.00920493935731229
215.43169679737775	0.008980352570340602
210.1520888395518	0.00876210359650889
205.0085816817159	0.008559046660443916
199.99801138835846	0.008364339858419848
195.1166602677302	0.008176773558063708
190.3607252919344	0.007996048795525745
185.72381738167104	0.007816595374123358
181.1943409761099	0.0076216283904777405
176.77933546615304	0.007440237291385042
172.47637628469764	0.0072674532227021285
168.28264677416385	0.007102938039614579
164.1952676013996	0.006947178820801492
160.2113594332529	0.006800736919089943
156.32797091904834	0.006665256775481287
152.54199023822682	0.006544846749482901
148.85094285537411	0.0064347633984910835
145.2485155772346	0.006326103280329669
141.72963991831193	0.0062124727108606725
138.29811955146755	0.006109593535470299
134.95154121928928	0.006022179897855542
131.6878976845049	0.005948789218956538
128.50510906323527	0.005889064067534971
125.40103131825224	0.005843723054306185
122.37352041232768	0.005813571872643633
119.42031780956857	0.005801552712971861
116.53937462847767	0.005807081176104585
113.72466608700178	0.005817969554747795
110.9755434133636	0.005838284874099709
108.29312453147536	0.005877732265983967
105.67564655285757	0.005940028126114154
103.12155499391005	0.006024978278991393
100.62921301656569	0.006134082476910886
98.1969784087969	0.006269090516746449
95.82319415829419	0.006432233364576628
93.50622738618006	0.006625404767835155
91.24445689680249	0.006850400908781179
89.03194077318024	0.007094812992063382
86.87115385151944	0.007374171827432982
84.76127868059942	0.00769420784013138
82.70097209748269	0.008059633717833083
80.68890392991227	0.008475212437500249
78.72383433755256	0.008943721954450791
76.80429553849464	0.009474230801910783
74.92889098734464	0.010074624408664619

