4204.133117293881	0.09515806522162376
4110.813256256373	0.09528522400536321
4019.9083999909626	0.09540682012328452
3931.3564855018712	0.0955205767383773
3845.095449793308	0.09562394742353801
3760.977223292522	0.09565973587938402
3678.9828397527053	0.09564910932832237
3599.102825460368	0.09562145756160065
3521.2811059897567	0.09557735110884626
3445.4616069151257	0.09551736854550726
3371.5882538107276	0.09544209393355652
3299.6049722508105	0.09535211402687603
3229.4556878096223	0.09524801523475893
3161.0843260614156	0.09513038033713196
3094.4348125804436	0.09499978494539256
3029.4510729409544	0.09485679370246916
2965.7200220675204	0.09477324062147308
2903.287708693194	0.09465316843197663
2842.381131165999	0.0945216698626508
2782.964118988636	0.09437880832638515
2725.0005016638142	0.0942246161473601
2668.4541086942318	0.09405909104630641
2613.2887695825975	0.09388219242216513
2559.468313831611	0.09369383742153285
2506.9565709439803	0.09349389678626266
2455.7173704224074	0.0932821904679716
2405.7145417695956	0.0930584829964163
2356.911914488247	0.09282247858634302
2309.2478219593627	0.0925478764116786
2262.6813418889146	0.09222774727448972
2217.1110882556186	0.09192306931513643
2172.3524973885824	0.09168012355982902
2128.6334858372247	0.09143022670378077
2085.930364100196	0.09117299651852429
2044.2194426761464	0.09090798522536254
2003.4770320637233	0.09063467486969316
1963.6794427615782	0.09035247249521183
1924.8029852683649	0.09006070510765211
1886.8239700827264	0.08975861441548956
1849.718707703318	0.08944535133244845
1813.4307071490575	0.08907770314542983
1777.9662419067035	0.08869151102196231
1743.307721750603	0.08829352832858094
1709.4331535043088	0.08788500722303148
1676.3205439913709	0.08746726344678069
1643.8310010878135	0.08708355180708535
1611.946989269243	0.08673581745200092
1580.7676848473236	0.08638278343817983
1550.277336931308	0.08602356190777513
1520.4601946304465	0.08565716702569423
1491.3005070539893	0.08528250935652361
1462.7718174287334	0.08488136695181249
1434.8558340456734	0.08444733714589846
1407.5517690041672	0.08400245127043446
1380.8450156882707	0.08354719477675081
1354.7209674820415	0.08308206748510417
1329.1650177695383	0.0826075822711763
1304.1625599348167	0.08212426360471645
1279.698987361934	0.08163264593753482
1255.759693434946	0.08113327193848237
1232.2677588083875	0.08065525513053563
1209.1822686863575	0.0802127862071951
1186.579582062963	0.07975826821660173
1164.438936581739	0.07926985874082323
1142.7637203672457	0.07877298220900865
1121.5440692500922	0.07826765926735944
1100.7701190608902	0.07775389318544697
1080.4320056302493	0.07723166769463105
1060.5198647887796	0.07670094468465928
1041.023832367091	0.07616166175232902
1021.9340441957944	0.0756137295955631
1003.2406361055007	0.0750570292456242
984.9337439268196	0.07449140912937778
967.0015594350785	0.07391204726650816
949.4276169550261	0.07330244232546552
932.2024687723324	0.07268917354983996
915.2352695211769	0.07212160044276887
898.6097007778642	0.07154776088361249
882.3189704663073	0.07096731272301256
866.3562865104191	0.07037987016876558
850.7148568341113	0.06978500075919127
835.387889361296	0.06918222219064848
820.3685920158853	0.06857099899199921
805.6501727217923	0.06795073903770735
791.2222773635784	0.06731045707844653
777.0784244979034	0.06664980212043951
763.2157042836216	0.06597913488528573
749.6277108758168	0.06529886316107097
736.3080384295721	0.06460940419951934
723.2502810999717	0.06391118337060858
710.4480330421001	0.06320463269022529
697.853311350912	0.06252077627497438
685.4786969231983	0.06184721849658995
673.3430373564624	0.06116602713196747
661.4405812658944	0.060472925038860134
649.7639961265924	0.05975775924195918
638.3124323907573	0.05903285730002207
627.0813956806574	0.0582981507793714
616.0663916185603	0.0575535529527298
605.2629258267333	0.05679895677919962

