1170.1933097091064	0.008234948408584316
1138.8146216001467	0.007836790000728516
1108.3493509590635	0.007429680723509144
1078.765834301305	0.006997209955750511
1050.0498156836695	0.0065605295517983785
1022.1767598374993	0.006119157257887064
995.1221314941329	0.005672452286774548
968.8613953849106	0.005219598404063799
943.3700162411715	0.004759585903051662
918.622614454762	0.004289016407559651
894.5861634628827	0.003783808758274438
871.2468311840714	0.0032693611768677337
848.5813073359874	0.0027473357530962963
826.5520009475374	0.0022275138401078583
805.0791760225837	0.001744751681320887
784.2165428781991	0.0012581845055343404
763.9463879163885	0.0007661235027924979
744.2439562957219	0.0002443437447665329
725.0993057440114	0.00028591183377650755
706.4957995081023	0.00082348548509293
688.4166182787196	0.00136781141029808
670.8449427465864	0.001918362403588022
653.7639536024277	0.002474660219902946
637.1270897992669	0.0030156012377808125
620.912963768435	0.0035592407408727715
605.1454346693941	0.004108167020819785
589.8122215902897	0.004662478522377928
574.9010436192667	0.005222364277108914
560.3996198444713	0.005788115601862801
546.2956693540496	0.006360138681107434
532.5761618300559	0.0069422458831203135
519.2267343792792	0.007544691696885573
506.2385690320091	0.00815335389621791
493.56836742658356	0.008739563929056036
481.2263199122943	0.009319385236986636
469.2148463004721	0.009903393202305264
457.5248748139448	0.01049263199486119
446.1457899136643	0.011096337826361225
435.0692172399281	0.011712813229092211
424.28755754893655	0.01233601533579367
413.79211627341294	0.012965477108776817
403.57419884608186	0.013600767699429755
393.6251106996665	0.0142415016107788
383.9074709471697	0.0148597517775369
374.43952366172715	0.015490231904105502
365.2183792377818	0.016126417809606018
356.2375450531339	0.016768545920286048
347.49052848558586	0.01741694303419504
338.97083691293994	0.018072037163526476
330.67192268144123	0.018734750197845335
322.58613010661736	0.019414021796049046
314.7084330067998	0.02010063311288688
307.0299544287261	0.02079054034846898
299.5281866538443	0.021462102880572473
292.2172308103188	0.02213962601066029
285.09202703675015	0.02282542968545155
278.1470752831783	0.023525713257952875
271.3784116062352	0.024234471628113752
264.78129408869916	0.024951827843454927
258.3509808133485	0.025677978533418803
252.08272986296208	0.026413203958825245
245.97145779046883	0.02716101728194332
240.00741806317677	0.027912916337186615
234.18153505458625	0.028658168124371046
228.50040186233673	0.029412769803302614
222.96037618254582	0.030177748915035187
217.5576947396667	0.03095552907617467
212.28855574449014	0.03174921884591363
207.1497378198356	0.0325559829479957
202.13770029868982	0.0333762926975286
197.2489025140399	0.03421071468035581
192.4797213607322	0.035060878619013275
187.8198205230469	0.035916446595979507
183.26885704660194	0.036780145229898656
178.82830452773487	0.03766089104138503
174.4953983937084	0.038560308958780154
170.26728408119055	0.03948137661332904
166.14127748864686	0.04042510336005909
162.11469804364344	0.041392564807810124
158.18482247646187	0.04238555465317575
154.34890882664484	0.04340632382630948
150.604234483187	0.04445707202570118
146.94038834256585	0.045523291346364195
143.3629169102104	0.046624264017502845
139.86968498959277	0.047763251059013925
136.45848328601193	0.04894465213007435
133.1270518073357	0.0501740839014796
129.8731680309918	0.051457022410135486
126.69478098640056	0.052796454330685194
123.58938923790772	0.054203524541302596
120.55465322896265	0.055687445717294844
117.58562508726483	0.05724612201855572
114.68002905017218	0.05889868138626568
111.83820039703224	0.0606707038781499
109.05852042863673	0.06256972565906398
106.33746250960628	0.06464249007331126
103.67281749575406	0.06691259511276547
101.0605194164119	0.06944510960754817
98.49669699899738	0.07230681695964154
95.97390982616781	0.07565045960405085
