1764.050865907355	0.03839711675072081
1719.7838113367134	0.037996051417438094
1676.7755944799571	0.037584957630748206
1634.988222035517	0.037162762419510845
1594.3837007018183	0.03672819309507484
1554.9041917591273	0.03624942708525038
1516.5277436489764	0.035747614086947266
1479.22425521669	0.035232951973941544
1442.957995394199	0.03470733074853434
1407.6111891776045	0.03420354277186149
1373.1389920558922	0.033729097818164556
1339.6097331172186	0.0332476232642322
1306.9968613126848	0.03275741398417706
1275.2636806070714	0.03223769429888687
1244.3870356391021	0.03169133111663412
1214.3497310745786	0.031133072584652456
1185.1268367711295	0.030563658442354896
1156.6934225863824	0.029983825119195926
1129.024558377968	0.029394299234232875
1102.095314003513	0.02879579045753038
1075.8066274146463	0.028223901884661833
1050.157978105432	0.027653715002890315
1025.1778739842546	0.027059967228381023
1000.8551585059485	0.026456923040341206
977.1721856039075	0.025844571173099726
954.1113092115231	0.025222835809663294
931.6548832621875	0.02459156805780522
909.7852616892924	0.023950536789250694
888.4847984262308	0.023299418805285514
867.7312298458252	0.02262530784204641
847.5080700423609	0.02193000100084501
827.7500330100493	0.021256454546536113
808.4637138758327	0.020594365349688958
789.6679785214255	0.019925020875336368
771.3501733590845	0.01924768696902602
753.4976448010659	0.01856150187103476
736.0977392596278	0.01786546498159313
719.1330731413926	0.017143070016726027
702.5950545552174	0.016405433438667766
686.4728619730367	0.015657112457324415
670.7544621985012	0.014898824815271477
655.4278220352641	0.014131288564821641
640.4490052226113	0.01337821593400511
625.8133060176307	0.012636214279328793
611.5364258749674	0.011880826982396257
597.6076203700521	0.011104096854753985
584.0210489820593	0.010316809941758653
570.7679649469763	0.009518901371458631
557.8396215007905	0.008710251546910037
545.2272718794877	0.007890678776286934
532.9221693190539	0.007059931328862943
520.9154255999487	0.00621705028175589
509.1957744675219	0.005350128679721107
497.7401638271289	0.0044873181392535814
486.53564933829205	0.0036346213474373595
475.5985345364304	0.0027717214201235106
464.92236989249056	0.0018978716004616181
454.5007058774184	0.0010122157888257817
444.3268833509306	0.00011269177512732186
434.39301838840083	0.0008094816250260834
424.6946129622882	0.0017455547364256987
415.2254697335149	0.0026954300154597793
405.9793913630043	0.003659046635642609
396.9501805116787	0.004636387260008809
388.12270862127826	0.005617982419160218
379.4806162440683	0.006597201697341866
371.0380720781443	0.007595025541553244
362.79110977472425	0.00860804420067687
354.7350900981313	0.009636907430674788
346.86537381268835	0.010682353004919806
339.1773216827186	0.011745215197118509
331.66608262014427	0.01282789293483531
324.3266518993588	0.01393410969923954
317.15515900269907	0.015059786806693159
310.1471034472182	0.016205140166039946
303.29290074654864	0.017363970685799705
296.5793061097816	0.018525001732737308
290.01667410320647	0.01970926615540099
283.60138602075756	0.020919289693344032
277.3303413284676	0.02215358428028865
271.20009854245154	0.023413389448245905
265.2072161788246	0.02470006527042528
259.3482527537018	0.026015102680830005
253.61952126173972	0.027362326779196162
248.0178707755843	0.02874101703416617
242.53994004431468	0.03015235530441146
237.17811796165878	0.03159146920375675
231.92430194283895	0.033052514743438725
226.78493563234298	0.03455259460408948
221.75739617002284	0.03609407713909464
216.83901302870157	0.03768000740861935
212.02710803797348	0.03931374983477113
207.3190466589198	0.040998457512167796
202.71218738219764	0.04273759971692194
198.20370480704935	0.04453699290338832
193.79087466773996	0.046401748192085035
189.471038587866	0.04833659103802752
185.23684837444142	0.05033621906628153
181.08578562121517	0.052414018725788374
177.01987744891858	0.0545876043946841
