2482.0880334134963	0.08640539237079191
2373.4948052546224	0.08769111744526686
2270.1315590786858	0.08882782913944133
2171.737869677189	0.08987842173749412
2078.113163246885	0.09074730853331667
1988.8968522438668	0.0913206873161324
1903.7910754071654	0.0915359191819213
1822.6846236301228	0.09175212588762345
1745.352237181583	0.09207252197838602
1671.6662835761501	0.09234002779624834
1601.4357412538443	0.09254746291614671
1534.3218679293896	0.09243559223721183
1470.2631051342205	0.0922568165513494
1409.0899017522304	0.09225678117010701
1350.7252726544289	0.09224411071555613
1295.0300699741383	0.09221136797942053
1241.841834096224	0.09210165962355824
1190.941720741141	0.09172992753772517
1142.269040071119	0.09155262749345436
1095.7692794358131	0.09139429060788182
1051.3447066068543	0.09123357135367482
1008.893339492445	0.0910642239849369
968.2700071483955	0.09076946199411265
929.3432153369694	0.09044728779562607
892.0989599178453	0.09020153486742515
856.4774369147578	0.08995894196716979
822.4033500291548	0.08971720524985234
789.8014029624815	0.08947387900898168
758.5408311872347	0.08914126164154143
728.5660260159251	0.08885337678864744
699.8667632783389	0.08856943502280601
672.3869777557909	0.08828969010382914
646.0706042295967	0.0880147283671754
620.8613910782543	0.08774686615227877
596.6400406099526	0.08748244762091871
573.4156001930853	0.08717802577864246
551.1566312267094	0.08687582607540675
529.821169557533	0.0865792806998078
509.3672510322632	0.08629270542049162
489.74115993903615	0.08612239457984784
470.87623606860507	0.08583799461389635
452.7760637280336	0.08553781364953855
435.412054859868	0.08524163507314432
418.7524694116612	0.08495584211080627
402.76008776581307	0.08474436591889804
387.40264199477093	0.0846209489421055
372.63136270585443	0.08434257028506993
358.4491693499632	0.08406383144972962
344.8319063340082	0.08379269748800462
331.75335402812823	0.08356392614588107
319.1851248156348	0.08344504933450157
307.10956601854366	0.08332621668952597
295.48932617729247	0.0830824816005647
284.3237801073268	0.08284284554177739
273.5938047375748	0.08262644160618755
263.27557985683427	0.0825262274373801
253.35804903741283	0.08244949418893209
243.82076618989976	0.0823579163642181
234.63919226714222	0.08217313038660742
225.81039779792627	0.08200260116594972
217.31559954814912	0.08193934390613879
209.14613851241023	0.08190228279382795
201.2887872632882	0.08188622324713359
193.726146140851	0.08184335569947135
186.44279802939087	0.08174797113143731
179.43151389141514	0.08174517307147128
172.6851473481982	0.08176985506653939
166.19333787907163	0.08182065701690744
159.94572496336806	0.08189634032374714
153.92669186844518	0.08195364307435733
148.12685897777214	0.08204456573540327
142.5433827998845	0.08216424162920583
137.16806298384574	0.08231431593181036
131.9926991787197	0.08249695304497859
127.00811085752035	0.0827431568261118
122.20147176697877	0.0829719524765043
117.5711870220503	0.08321948070918525
113.11154216538885	0.0835027326327599
108.81598384118088	0.08382778320343444
104.67667063830035	0.0842457570467005
100.6877503365595	0.084690825787661
96.84109147730607	0.08511932010487137
93.13466366222545	0.08559361638280089
89.56256706737801	0.0861469979232926
86.11998971686046	0.08677361513524275
82.80231559280296	0.08745865697449678
79.60228981556784	0.08815377416618425
76.51655815095907	0.08890827549236763
73.5417396414862	0.0897507838226549
70.67412900392151	0.09066883354160878
67.90965493853315	0.09166640274720327
65.24317209148649	0.0927400852290631
62.67026878523487	0.09387874720777217
60.189304071504544	0.09511329605639224
57.79690507825116	0.09645340779505604
55.48946682381467	0.09792385221585201
53.26364288262117	0.09951570928791183
51.11521977637387	0.1011969932728721
49.04271027605063	0.10302417397779491
47.043191921692866	0.10502141373149462

