2038.3248175317397	0.10329080768412924
1960.7999722045784	0.1036876855291069
1886.553503183839	0.10389109315335125
1815.4243429315657	0.10382919095530961
1747.3803997195355	0.10373774535635366
1682.2837409541044	0.10361964477498588
1619.996434041635	0.10347793142429317
1560.3805463884833	0.10331576784688543
1503.298145401011	0.10313639670145061
1448.3526119466214	0.10308280748707421
1395.54238887572	0.10295682063326951
1344.9237776140556	0.1028144529270567
1296.4042449923218	0.10265560020125929
1249.8912578412087	0.10247985386460673
1205.2922829914096	0.10228643992950363
1162.514787273615	0.10207415137437434
1121.4120410767382	0.1017244951953321
1081.7320452198956	0.10154351185670882
1043.6308386040275	0.10135725743782917
1007.0455743494985	0.10116355280435264
971.9134055766758	0.10095961319098047
938.1714854059244	0.10074197090631849
905.7569669576112	0.10050639169068769
874.5876212021914	0.1001563101204328
844.5398961955881	0.0996895287035692
815.5613360141562	0.099460542958282
787.6914531364041	0.09923271697548286
760.8869216914477	0.0990016019899969
735.1044158084053	0.09876185137825043
710.3006096163921	0.09850712712540646
686.4249144635044	0.0981869902115024
663.407384801872	0.09762589080797111
641.2052705192957	0.09719064977201025
619.779152862825	0.09692317757317775
599.1427340637404	0.09665936735663004
579.2657672355734	0.09639269722190251
560.1180054918547	0.09611551998998545
541.6678468211501	0.0958089505658557
523.8597633531899	0.09526922784419957
506.69378202922064	0.09470339271074968
490.11177096916083	0.09427602756798831
474.09650626578014	0.09397197938000164
458.65119044631575	0.09367068632997551
443.7543646514421	0.0933636214769423
429.3845700218325	0.09304094011136388
415.5016667785294	0.09251497216530642
402.10480783285226	0.0919572399170026
389.1753709115476	0.091382963272802
376.6704672179555	0.09094639299936264
364.5828701711273	0.0906004760209898
352.9114124819923	0.09025336279967215
341.64066605667733	0.0898945312101485
330.74231614390635	0.08936185215278525
320.2154955261999	0.0888028761783382
310.0464897292558	0.08822485656329343
300.22153239740675	0.08763511719747562
290.7086644332134	0.08717776361042036
281.50668397305344	0.08677634894172595
272.6104680017175	0.0863476037002226
264.0026449889606	0.08579007113618302
255.68074512413867	0.08520983640275966
247.63467351343132	0.08461031570221125
239.85433526301904	0.08399519297673218
232.32963547908113	0.08336841390381682
225.03564742441188	0.08287247430374452
217.9733157121086	0.08234364007611006
211.13673755150418	0.08173962791892456
204.52171062501662	0.08111601203948655
198.12071884526378	0.08047350748640113
191.92624612486273	0.07981277693778437
185.9307763764308	0.07913440556147473
180.1256170970382	0.07845211673040184
174.4900797135207	0.07779326020692744
169.03290483990529	0.07711494497841666
163.74852490682267	0.07641828690928203
158.6312485682492	0.07570161249576385
153.67538447816085	0.07496292308978142
148.87524129053398	0.07419985301814913
144.22315081970953	0.07336090685854578
139.7110621119109	0.07253251538657668
135.33473418171295	0.07174331581018815
131.09395530766	0.07093327797772851
126.98434458866768	0.07009831251461819
123.0015211236529	0.06923374667807376
119.13974933336453	0.06829476392626191
115.39578626180582	0.06730610997696057
111.7657765087346	0.0662908239243145
108.24090852708915	0.06533509647989431
104.82289292315441	0.06434931473567239
101.50823220271465	0.06332442106268397
98.29245353617551	0.062216632294192754
95.17351405794395	0.061063304245082044
92.14822501151691	0.059864392906150074
89.21339764039163	0.05861979318616347
86.36274088021554	0.0573927190054969
83.5954801756332	0.05610454749927411
80.90988165372517	0.05474944327928584
78.30362417426231	0.05333283487072865
75.77414390977341	0.05185037336139029
73.31887703278728	0.050297236664929156
