1146.4941473777722	0.06811156381446243
1099.3700553337408	0.0685982800884093
1054.3386859679915	0.06884621676013776
1011.3782116792349	0.06911460935213234
970.3948739858735	0.06939589793978312
931.2949144063059	0.06968062585807623
893.9845744589346	0.0699572217076807
858.3582091603769	0.07015428981133565
824.279171239755	0.07003325360399944
791.64208420416	0.07013567522482037
760.4049958668843	0.07040365073922987
730.5515483029739	0.07068428534673304
702.016754591607	0.07096520273072358
674.7353244649712	0.07122978369820564
648.5958122691825	0.07116857693856408
623.5874814110987	0.07108185662009946
599.5691284636695	0.07132936686447343
576.5738105121746	0.07161581835688471
554.560233642459	0.07191254297095465
533.4828755696585	0.07220442991692912
513.2698793132004	0.07226818821034615
493.8991676784938	0.07225044540186028
475.32604796016824	0.07228135338300487
457.47256293036537	0.07258004872836028
440.35680443909575	0.07289968097785587
423.94656092625405	0.0732252601360304
408.1966327395447	0.07341398872916292
393.0793629454047	0.0734776624470617
378.576633489654	0.07352910570919097
364.64546073439124	0.07367369105644876
351.24469356979273	0.07401913490109586
338.37999711516176	0.07438149292320995
326.02307743730347	0.07468177034993172
314.1458174446147	0.07483188867560527
302.73884834089046	0.07496948877574865
291.78167003438983	0.07510601751603348
281.2408196330837	0.07535355233743872
271.0931130999834	0.07575712818054425
261.3378507257166	0.0761544420859376
251.94974607630502	0.07639621986689697
242.9239948655378	0.07662981152300206
234.245716020801	0.07686209617457603
225.90002846948028	0.07710063808175388
217.86154465840946	0.07745420521883381
210.11658816454542	0.07792943339015576
202.65603123889278	0.0782729435228206
195.47606541364053	0.07860880688843343
188.56614120296493	0.07894720613703728
181.91533127190962	0.07929189765147569
175.5127082855202	0.07964685568825508
169.3389715358126	0.08011565287292084
163.3813687793998	0.08056721141361714
157.64228789802215	0.08101246744106623
152.1142918174392	0.08146707890627686
146.7892580024886	0.0819319541137622
141.65906391800826	0.08240785226902779
136.71558702883584	0.08289534629665316
131.94032090484401	0.08340174646655572
127.33330864674718	0.08396699159605912
122.89221232805002	0.08455021547096386
118.61091273658076	0.08515014644469622
114.48329066016757	0.08576507886361219
110.50300182772676	0.08638584654730995
106.66171254658951	0.0869383369354645
102.950369518527	0.08761820001811106
99.36887348882573	0.08834737710554509
95.91380520647674	0.08910106683534938
92.58049887097755	0.08987559569531453
89.36349699897761	0.09063717469180699
86.25795431737006	0.09137108410509255
83.26032113414837	0.09213664641014402
80.36217613196507	0.09303562798258647
77.56453836758415	0.09396750126933417
74.8638039024207	0.09492698302281859
72.25516033786974	0.09585432052172359
69.73638097002701	0.09680041648131726
67.30425394721908	0.09777599317732276
64.95385853265975	0.0988291668968927
62.68177139285524	0.09997311752729891
60.48653381328637	0.10112175932332959
58.3657181197932	0.10228557571738514
56.31705146846043	0.10348458671129125
54.33792125105039	0.10472202487703797
52.42571485932602	0.10600124283619242
50.57507221143253	0.10737823186578188
48.78626589118404	0.10878681918536398
47.05756670437638	0.11024191328723248
45.38689468668366	0.11174468162058666
43.77216987377952	0.11329617756043162
42.21097767577332	0.11487463282562033
40.700420717579156	0.1165457665059981
39.23941854138954	0.11830019641575465
37.8268730474168	0.12011634110537368
36.46103377616899	0.1219883605603159
35.14009080977635	0.12390494516108043
33.86268060625375	0.1258890030993671
32.626524438431986	0.12797754771640396
31.43032724071056	0.1301671283447608
30.273057426899634	0.13241817970083747
29.153572588440994	0.1347485966888997
