1196.8109942290382	0.024835600887488294
1145.3886141132152	0.024905196315456346
1096.399058507596	0.025024965189515025
1049.7344056093975	0.025188209313957217
1005.2846165510246	0.02537697572864806
962.9396524648774	0.025569196420399645
922.5595755418979	0.02560178079913833
884.0358482634962	0.025433468215961735
847.3051480416284	0.025240910107810613
812.1804005888508	0.025317563605104388
778.6444429023113	0.025486036498303322
746.643064821354	0.025654821708757356
716.0574239453074	0.02556027327130063
686.853570731627	0.02540706166780664
658.9664709142899	0.025239960911499507
632.2669962650298	0.025301683761850675
606.7342490879339	0.025459536738176154
582.3226729559111	0.025542942742146073
558.9663699628458	0.025442687543273165
536.6374025177718	0.0253202854082023
515.2858748136315	0.025190745845516414
494.82615200140197	0.02523397848317934
475.2277316354064	0.02539498009707656
456.455465430619	0.025407243406202058
438.4815880517514	0.025341477169366855
421.27652362913256	0.025262861623877534
404.8040510548146	0.025181287379509015
389.009680514321	0.025210836039265706
373.8533765297207	0.02536337227643782
359.3164728643724	0.025355902481001148
345.386650135092	0.025337951051760562
332.03736511749906	0.025314490021416777
319.2420745872135	0.0252908442292888
306.9674560153711	0.025319798833674897
295.1660305092726	0.025429447423049183
283.8407702703578	0.025471368904166455
272.9771229778969	0.025512143790518232
262.55540818526083	0.025553319727150275
252.55594544581965	0.025596260009711724
242.95841695183324	0.02563593987769031
233.71593045769367	0.025734016964264816
224.84177653987447	0.025839755895572743
216.32122104293185	0.025952123684927476
208.1395298114226	0.026069531845920285
200.2819686899029	0.0261897459367829
192.73008991121867	0.026238220494076824
185.45977254824794	0.026374699840090388
178.47027549346225	0.02655925080318292
171.75351271861047	0.02675650373295667
165.29833528175453	0.026961986817760644
159.09234566219877	0.02714165169950671
153.12297238363251	0.027252250004907365
147.3764838817068	0.027459101363358697
141.84616391632193	0.027739885587126267
136.5275210745726	0.028037486717116592
131.41177281124666	0.02833807224618759
126.48797157462832	0.028565012614364914
121.75100772574885	0.028799669529640023
117.18927274936505	0.029112126198660413
112.79555360648536	0.029509551698628577
108.56700339897692	0.0299253101415351
104.49497724100087	0.030282278237205158
100.57545664719802	0.030650272367109987
96.80234815801778	0.03103550538278718
93.16705322730178	0.03149224047482849
89.66341558698274	0.0320250466511033
86.28796041717902	0.03252342584680995
83.03728400740943	0.033040313947084274
79.9066056676111	0.03357861779671241
76.89114470772087	0.03414125491426076
73.98368464768576	0.034761367777406633
71.17996048822741	0.03542059642498971
68.4786024039769	0.036109006634140656
65.87580095533842	0.0368265046385411
63.36774670271593	0.037572604835205796
60.9500180089985	0.0383147083444823
58.617479239215754	0.039140040344665686
56.36841804706167	0.04002418615395422
54.200464566929824	0.040946304151244006
52.110295146652334	0.0418882480760099
50.09494097561968	0.042850677325474824
48.1515667752459	0.04386243136737112
46.27586776095761	0.044978240882958424
44.466889380153305	0.046131799398642516
42.72211953991419	0.047316392505431966
41.03939756599107	0.04854899735578754
39.41635161547247	0.04983313287340784
37.84958177465228	0.051196627376831415
36.33741922881518	0.052628118890140185
34.87849691072552	0.05411826847832872
33.47084439769179	0.05566751969107952
32.11237640246328	0.05726649940693118
30.800926847237513	0.05894625140578547
29.534491580832395	0.060720532749860945
28.31192318739531	0.06255762422408082
27.131578209351517	0.06445795920393892
25.991844010254624	0.06642524014892914
24.890832445224746	0.06847306898141543
23.826769421132695	0.07061211743435601
22.79864486505108	0.07281424803654926
