5514.273793540224	0.04141780559882336
5302.427723555414	0.043393269302854524
5100.537250318346	0.045312877657747726
4908.079209927275	0.04718740236890283
4724.530438480469	0.04902920022538439
4548.561551305116	0.051342714551057246
4379.9228291117815	0.05356530315891098
4218.412822658437	0.05528901541852403
4064.1096539076325	0.056931925234683683
3916.679446024438	0.05850136162249917
3775.788322173923	0.06000608430867788
3641.1024055211587	0.06145639525159179
3512.287819231221	0.0628642507180149
3388.243635059409	0.06485789603232069
3269.149070782789	0.06659726825414568
3154.8300900635095	0.06792514015739223
3045.321130880463	0.06917075418848431
2940.4106236754897	0.07033965550562878
2839.886998890436	0.07143857256591502
2743.5386869671424	0.07247550197956804
2651.1541183474556	0.0734597923780791
2562.1823581793024	0.07475520687421032
2476.410264263889	0.07618268654062797
2393.8167859643568	0.07714271767545781
2314.494751981525	0.07802703749968719
2238.310254532973	0.07883835875089099
2165.129385836287	0.07958011481742619
2094.8182381090473	0.08025650766991195
2027.2429035688394	0.08087255396252911
1962.269474433242	0.08143412923715385
1899.4490130443442	0.08238083432483269
1838.7059245468176	0.08304530061633313
1780.2034731069216	0.08358563684674429
1723.8817098288432	0.08406019365920046
1669.655056877517	0.08446915310983966
1617.4379364178806	0.08481297598376417
1567.144770614869	0.08509241435745317
1518.6899816334205	0.0853085215906859
1471.9879916384698	0.08546265942067813
1426.730628981321	0.0857018596624113
1382.8965524987052	0.08587924962238028
1340.6040577755653	0.0859986565388416
1299.7974229068677	0.08605750834322813
1260.4209259875809	0.0860531064368707
1222.418845112671	0.0859826112218604
1185.735458377108	0.08584302465239455
1150.3150438758546	0.08563116929664054
1116.0929284137055	0.08530995410451853
1082.9097820597494	0.08478629968564068
1050.709715639785	0.08448653819878284
1019.5794377632021	0.08412833148815248
989.4817741258215	0.08370638399842578
960.3795504234606	0.08321492472715762
932.2355923519384	0.08264766796589393
905.0127256070723	0.08199776995193069
878.6714882824044	0.08124698562778904
853.1380934719743	0.08020864292806042
828.4191064083469	0.07907615473104694
804.3823143673201	0.07816079357127781
781.0933027033412	0.07719599842023518
758.534181352813	0.0761504085045013
736.679352818724	0.07501441737886842
715.5032196040656	0.07377751425129042
694.9713372086183	0.07237611986683265
675.0532783917814	0.07076411269835943
655.7411490013357	0.06903091162712562
637.0119651867683	0.06718008534220225
618.79846766232	0.06538381759615995
601.1050930980358	0.0635530758790245
583.9340964854184	0.06159783940842111
567.2647427484474	0.059485086639346846
551.0718161499025	0.05714556449585367
535.3487127971639	0.054642999426783835
520.0787683244585	0.051970978136883034
505.2453183660123	0.04912273786060891
490.8316985560523	0.04609111607347408
476.79419016606937	0.042996982300523415
463.1317350070993	0.03972103405264648
449.84345608374224	0.03620561427056331
436.91843333444547	0.03244850688112763
424.34381344094334	0.028429732974706447
412.1067430849729	0.02412767685833572
400.194368948268	0.019518932337168275
388.5939784498569	0.014579567787882415
377.2886664810209	0.009303316169475124
366.25248823280714	0.0037378019737682225
355.49208947623333	0.002260899781417308
344.99648431395724	0.00874159017550907
334.7581658757654	0.015716503435156515
324.7632590956956	0.02327533883819553
314.99732457299535	0.031524281555142857
305.44787576717476	0.040555601551460166
296.10405435706934	0.05040117467548841
286.9499341468854	0.06108880780560193
277.96839891440027	0.07301135701196818
269.14291377505054	0.08640280662978485
260.47548278620025	0.10124420791689118
251.92299784702516	0.11821555669507756
243.4437576613555	0.13806637435551486
234.85298330195457	0.1640623844732704

