1965.660175169089	0.0004676763994248105
1885.815820108633	0.001035795727064378
1809.5597788458444	0.001637956527296277
1736.6806639626939	0.0020854003033108164
1667.1327744347304	0.002615658501197833
1600.7651294258303	0.0032116369767868796
1537.4267480998747	0.0038561332346595495
1476.966649620739	0.00453133244056504
1419.2184466298652	0.005169716667703782
1363.9463343432144	0.005467564077826803
1310.9584205286742	0.006095413975040834
1260.2483746578214	0.006871482840631832
1211.7665936102649	0.007678231376282966
1165.4091132604103	0.008501526760296741
1121.0719694826662	0.009325466615230142
1078.5871819880692	0.009871495663171007
1037.9047886066628	0.01031902275567759
998.8081192456987	0.0111462546395231
961.3612312822041	0.012018183196658034
925.4979896801156	0.012907135059128697
891.1461672302225	0.013798596682081126
858.214572796469	0.014580646943378649
826.612677916404	0.015129139316249733
796.3138842764613	0.01566967290334725
767.1540772123565	0.016556575630867626
739.1853345150068	0.017466747954047093
712.3570519754679	0.018386881576302087
686.6186253847935	0.019301605820356563
661.8866956326575	0.01998450579949666
638.1395020029581	0.02058437117478989
615.3407380759925	0.0211726479966306
593.3741791415958	0.022062330292776718
572.2718445715169	0.022983256055159416
552.0008798849311	0.023909714028958338
532.5188957518708	0.024774432265830884
513.7750500472038	0.025433218288070394
495.76008371050625	0.026068004358283423
478.44225220629784	0.0266933290768582
461.7479964528561	0.027537908072963586
445.6810567555567	0.0284540881910736
430.2268927077392	0.02937279898701199
415.3470218969897	0.030151693911982656
401.02285357790515	0.0308297630881693
387.23936160692057	0.031488752110506016
373.9738207364899	0.032138955465756756
361.1832011629966	0.03291953204522596
348.8502789136634	0.03381920011609465
336.97312136947636	0.034712945762015564
325.52002576054633	0.035422546560779464
314.488365191656	0.03611072212179465
303.8616933827173	0.03678344826251539
293.6235640536441	0.03744736253086559
283.75116640126686	0.038159039920917404
274.21524520910697	0.03903294288808847
265.01734837431144	0.03983374686375352
256.1441185079142	0.0405390059751643
247.588946268965	0.041228261065292815
239.3398008294336	0.04190472915382139
231.38465136128883	0.042571906316173816
223.71146703650024	0.04323356011983979
216.29146914501763	0.04405698975918457
209.12277181248336	0.04476683886761838
202.2047395653247	0.04545987775770611
195.5287084808221	0.04614101745320051
189.0857775660229	0.04681101330481127
182.86704582797339	0.04747057839736852
176.86361227372086	0.04812035602402943
171.05613229682788	0.04879163521885286
165.43975088658777	0.04947043022437271
160.01553171272275	0.05014081229461957
154.77681107541895	0.05080158341897121
149.71692527486277	0.051451270849357786
144.82921061124017	0.052088086701959135
140.1060985404061	0.05268673731880297
135.53659827571983	0.05323938573368443
131.11383558329038	0.05387924872819346
126.83926677520144	0.054512655054462
122.70784514333137	0.055136551697333315
118.71452397955828	0.05574738681493014
114.85401639635278	0.056333750306535736
111.11933002162473	0.05682939196775997
107.50764245796134	0.057316222276229595
104.00882352358954	0.057901623502994194
100.62500763232488	0.0584795603220003
97.35232149810282	0.059045009989544206
94.186692290518	0.05958502702807309
91.12293910841757	0.060043890017521126
88.15906138558091	0.06048091016249643
85.29149618821965	0.06090100188113392
82.5124463964796	0.06140045576540014
79.82283792202611	0.0618933019532962
77.2195474744833	0.06234914277278099
74.69923615123831	0.06274392056883539
72.25995248003926	0.06311364870931895
69.89891886150991	0.06346007226660058
67.6133576962742	0.06378502470748985
65.39750416883068	0.06416738693318161
63.25111531268254	0.06449781837754055
61.17262569363476	0.06478978437363596
59.160047134935546	0.06505243770348129

