2661.4429574528713	0.05337418344133264
2556.33754416964	0.052161095428586254
2455.802248708497	0.05100599055192507
2359.643149465305	0.04990430321102624
2267.666324835934	0.048849200152326626
2179.677853216247	0.04783127787079085
2095.404294293608	0.0466717945688637
2014.6963930955744	0.04543320417256575
1937.2719565800967	0.044452923136318157
1863.0848006603817	0.04361549300722319
1792.0484814541383	0.042843180441737294
1724.0223708740918	0.04212516643361121
1658.8058395913354	0.041290723375646904
1596.2896264233336	0.040390302319923556
1536.3355727657436	0.03962757426982922
1478.7737446773692	0.039116441535976765
1423.6040017392024	0.03868579979511957
1370.7237217565594	0.03832464248778487
1319.9973445107912	0.037912081618488365
1271.3167257123823	0.037400845141179036
1224.633448020374	0.03694503797991697
1179.7654520923832	0.03675733657616408
1136.701491348314	0.0367092459011937
1095.389401071908	0.036743502955397855
1055.751632336468	0.03683740073860851
1017.6577231328142	0.036744279119843154
981.098230884748	0.03670211603117832
945.9958916207095	0.03675630293228481
912.2193401784132	0.03710053140090322
879.7896118334419	0.03753704190840733
848.6516567970395	0.03805386439565913
818.7314720972419	0.03853993496890239
789.964864622005	0.038919878362248375
762.3330840082851	0.03935539846466638
735.7702314980937	0.03991770911827516
710.1958095663591	0.0407351342717717
685.6201009556082	0.04164036826791792
662.0028660727181	0.04262113516965544
639.28656169859	0.04355190667410586
617.4270622153491	0.04437883905594572
596.4115857068368	0.04525547218304165
576.1966524316028	0.046227921534734
556.7089678444984	0.04747118995415648
537.9654631607893	0.048795999885478246
519.9369405508526	0.050190641894284196
502.58977180803447	0.05160589338138064
485.871460431562	0.0528302179218953
469.78410477979725	0.05408983124815601
454.3020239693155	0.055396786586273436
439.36633690564236	0.056934866439175995
424.9766368086656	0.05860047173110019
411.12281034769813	0.06032879938341588
397.78383213493873	0.06210770232695919
384.9261598473132	0.06379555704903328
372.5285913545124	0.06536305883863633
360.58628320347674	0.06695503688811857
349.0798507580138	0.06858854204356128
337.9568566789094	0.07049775087975266
327.23686785294507	0.07246150041644625
316.9048953503944	0.07446950766150584
306.9459502415305	0.07651004109858903
297.3355307254184	0.07844740414137646
288.0579442362661	0.08024683128129391
279.11094213733213	0.08205339762210345
270.48138247143083	0.08387700503972273
262.12919775423916	0.08594901316977296
254.06782865685105	0.08807671514631953
246.2890541024246	0.09023175780671452
238.782295987554	0.09240336323262749
231.53454185543512	0.09454036469422993
224.5248808815365	0.09645546040516814
217.75694350632529	0.0983577962764481
211.2214682973154	0.10025577594409818
204.8994806581704	0.10225783079154424
198.7781541531681	0.10441990924792442
192.8639001642029	0.10659675020875532
187.14932826986652	0.10877906954110793
181.62704804875094	0.11095662222936123
176.28247293627672	0.11297109007587032
171.11230511597665	0.11488442204138703
166.1137370321224	0.11677651246693907
161.28027974092245	0.11865485460310699
156.5960790561934	0.12064874384155874
152.05552719468426	0.12276534950258483
147.6625031179822	0.12488325740414472
143.4118643252777	0.12699374367332422
139.29770986450146	0.1290682698699707
135.30922496140204	0.13094927083311048
131.4483785001373	0.13280034667702562
127.7106330843082	0.13462674611635225
124.09145131751524	0.1364344364072819
120.58242600330969	0.13829272142214216
117.1730998970475	0.14031186837985699
113.86988511451155	0.14232639713871456
110.66920411240349	0.1443277353590663
107.56460094489057	0.1462166329750982
104.553788382655	0.14801775112400553
101.63545466993294	0.14979063608059867
98.80642734231964	0.15153852781099492
96.0635339354103	0.15326513899899924

