2500.390627340555	0.012571053647618206
2397.027659180892	0.010709736208035335
2298.239326779819	0.008932593283401798
2203.834533291787	0.007229444537655574
2113.622181871256	0.005586305889357687
2027.4111756726775	0.003984882755351752
1944.924999745947	0.002208300700302121
1866.0715355193822	0.00043803519424978767
1790.6852170283148	0.0012949073153667248
1718.487779513382	0.0028124049781691396
1649.3914717314813	0.004199767524276639
1583.2510616229688	0.005668851941314053
1519.955946559134	0.007169332992463044
1459.4018095478255	0.008624359657838625
1401.4607319696765	0.010018959687386338
1345.9010311782295	0.01114852948035711
1292.6953908806545	0.01225411766431876
1241.723853152261	0.013436581508291683
1192.927028743572	0.014565669971442347
1146.2083207139294	0.01563079003464012
1101.4583737592814	0.016593330021099494
1058.525681152274	0.017315230745998174
1017.3616990124173	0.018119391575626455
977.9218748306464	0.018889561272539383
940.1391316955643	0.019593723587306447
903.9402452598588	0.020224940169528357
869.2338314634001	0.020727544567473152
835.9127431135591	0.021075326994105137
803.9473753597943	0.021479824772734947
773.3058925166249	0.021819964986432596
743.9325666016084	0.022091564757816835
715.7716696322984	0.022290952106890343
688.7509734468068	0.02236016195368966
662.784621411744	0.022350144574438395
637.8664577837461	0.02234606599192492
613.9646004843444	0.022281667946287963
591.03655501096	0.022155684814584034
569.0398268610163	0.02196759485889788
547.9210847140782	0.021673447878132916
527.6050337405086	0.02134083926335058
508.09940852429526	0.020992012517739925
489.3759300238064	0.02059691447416325
471.4021902582326	0.020157285045607043
454.14578124676575	0.019675784105671928
437.57123715059265	0.019140825961067618
421.606677684818	0.018578714016937385
406.26844427842286	0.01800435615034297
391.53334671972186	0.017407821877357194
377.3767148808762	0.016793781682604363
363.77387863405147	0.01616794215339993
350.70016785140933	0.015537155571520887
338.09904315292584	0.014937088043735915
325.97699153881473	0.014311250045848744
314.32096650994805	0.013694436423495854
303.1122426744637	0.013093524965448439
292.3320946405004	0.012516441775792655
281.9610739643263	0.011982236729233263
271.9659842323471	0.01156329492517249
262.33314174750785	0.011082364979589867
253.06121781908942	0.010642378694740209
244.13598762541685	0.010252231861746607
235.54322634481477	0.009921905392314002
227.26677860078593	0.00969492319686476
219.29023486975768	0.009624732902153854
211.59311823403448	0.009515339229331113
204.1727885343346	0.00944747693668975
197.0217216749516	0.00946335236936017
190.1290674191029	0.009575983803955702
183.48103495339117	0.009859510234443045
177.06924536852964	0.010283857565920866
170.88261216219985	0.01079882010399685
164.9040822419986	0.011317382743704373
159.1349578454236	0.0119623185014566
153.5658299764959	0.012777973832084677
148.18831586632786	0.013788730254492574
142.99610988394198	0.014968734877767578
137.98146210366448	0.016325830798610264
133.13119924190656	0.01779299216448302
128.44004451382193	0.019432368086304073
123.90485787705427	0.021312607801142087
119.52007756478376	0.0234381773240952
115.27951975162674	0.025832258337010385
111.17700061219821	0.028520136041406637
107.20492734185936	0.03151481641338471
103.35423675241444	0.034784510661830116
99.62431201692976	0.038449054147890176
96.00992274138765	0.042559484250771336
92.50661177834778	0.047143189244628556
89.10806703945744	0.05230092222870568
85.80849934516532	0.058120801760899954
82.59961208150989	0.06459399469153224
79.48027935199501	0.07189331138521891
76.44225133567372	0.08028865629990503
73.48062700135566	0.08993178099656907
70.5895708402523	0.10103619670058353
67.75336678235563	0.11430635594352409
64.9304454259104	0.1317833383328654
62.19353676527824	0.1500449262459036
59.31901979757456	0.18140408232451957
53.23460210195536	0.4166372031172721

