1265.69159962698	0.011330289321321798
1213.1473580780753	0.011733183278661083
1163.0455163622844	0.012173893290022393
1115.2690251709887	0.012635662611197248
1069.7008351955733	0.013099168056367768
1026.1833537326902	0.01336941189748189
984.6120003022227	0.013455853556830431
944.8342121618032	0.013765350804590765
906.7869393503184	0.014251630114101708
870.4439286799927	0.014752566598761644
835.7229339775879	0.015248505601625327
802.5045365447959	0.015517879086009071
770.7349994671083	0.015669807719005054
740.3332898532009	0.01588776960815763
711.1794196538262	0.016373999089835018
683.2885260669855	0.01687334912858284
656.6021216674847	0.01736541357071995
631.0299028838847	0.01761440376520848
606.5461503763946	0.01779575066690863
583.1037580510831	0.017959315647199665
560.5960764424326	0.018360823061724377
539.0207408475494	0.018829921902317675
518.3477878747105	0.019283576574322076
498.51221409248126	0.01950667862217913
479.5008822220688	0.01969691222637657
461.27639127014015	0.01986678535529772
443.7852565000345	0.02011469520587042
426.9771625638697	0.020534954152512688
410.8483911049772	0.02090448751068982
395.35991389352944	0.02110783668766365
380.4981562686143	0.021282055534988492
366.2358401709996	0.02143468233425587
352.54568754145373	0.021574083098016138
339.37237201254896	0.021894674463058112
326.7093783085352	0.02216383072969437
314.54047299481823	0.02233084184120487
302.8518953623384	0.022473041829343836
291.6235207473977	0.02259346307996922
280.8352244862973	0.022695303689150913
270.4582819315181	0.022850773528040182
260.46047396796945	0.02299930870104399
250.84704342474237	0.023104560700866698
241.6044169365868	0.02318743300405517
232.7175515369535	0.023247469877730464
224.17140425929256	0.023283889216984575
215.94915338074878	0.023264266595176015
208.01854136819148	0.02329154288431376
200.38624212220404	0.023312686221081732
193.04210287881853	0.023312706636278633
185.97474643954806	0.023287781364821188
179.1727956059039	0.023233303079024218
172.62118714757835	0.023064780567978296
166.3062333982122	0.022928797552224763
160.22011686048663	0.022835708619335135
154.3593074516424	0.02271900584450408
148.7150750838662	0.02257171272605909
143.27689004710476	0.022340197840837375
138.03698447521933	0.022035529956915267
132.98653651517284	0.02172780595419737
128.1139766639219	0.02148190895851789
123.41851244537244	0.021205241854737083
118.89231484547653	0.020856079041013
114.52884594021884	0.020426623169232664
110.3229609204361	0.019952327926862034
106.26793166924048	0.01944527058967844
102.35299669883244	0.018990403767973556
98.57705417837525	0.018459155882404033
94.93528292097841	0.01785280089412361
91.42336763052744	0.017191765664979104
88.03637012869818	0.01647510209360676
84.76912729445158	0.015706176181737582
81.61240960980109	0.014917903413598787
78.56674329064381	0.014063043954211065
75.6282764090239	0.01314106842816773
72.79305284814919	0.012146553139446903
70.05680187027592	0.011058406450942729
67.41505364354771	0.009883690580657441
64.86294721795791	0.008683637571033577
62.39948123502138	0.007396075251593739
60.021323392073725	0.006004234913707404
57.725070067520335	0.004485092486277918
55.50802901016028	0.0028534557069220885
53.366115310877234	0.0011354515658353788
51.296551574437004	0.0006876222092850005
49.297502082914136	0.002664807468969314
47.36665958187825	0.004793707352770553
45.5014930814145	0.0070865353408191495
43.69925657436261	0.009559357436398293
41.95646020516725	0.012185545820808679
40.272213471920026	0.015022379913329399
38.644334358056355	0.01809525212920903
37.07063172905433	0.021433358440348927
35.54903057188953	0.025059702991841997
34.07659960330736	0.028971887447434785
32.65214733583326	0.03323603717185573
31.273817516485447	0.03790996039829075
29.9397277276805	0.04304547603382336
28.647953468139427	0.04870489195291972
27.395720799031483	0.05496127248057795
26.18186252849666	0.06192125266548095

