6112.737067030916	1617.3484928684657
5872.5360007832005	1551.101404727266
5643.980112948607	1487.9253758756795
5425.915833476165	1428.3208702919842
5217.705101496398	1372.2728427729985
5019.461968510717	1319.0141357446241
4830.693379654987	1268.3846979983323
4650.906280065064	1220.224478325582
4479.607614876813	1174.3734255178435
4315.840769511666	1130.2079286521484
4158.749287693139	1087.2045351076245
4008.6951025490944	1046.2667153938926
3864.658518076584	1008.0101813577242
3727.086596198499	971.5838869200263
3595.679318284941	936.8838665545186
3470.136665706001	903.8061547349112
3350.158619831779	872.246785934922
3235.445162032367	842.1017946282625
3124.6920016229706	812.2629432337567
3018.615924963692	783.6430712151255
2917.0146561032643	756.2838311781084
2819.1249260118057	730.7057324876444
2725.329032633699	706.2837175344227
2635.4481236778147	682.9538789446299
2549.303346853031	660.6523093444587
2466.7158498682215	639.3151013600955
2387.5067804322625	618.8783476177325
2310.9661700268816	598.7470245164106
2237.2194896067776	579.1615479281427
2166.385134399072	560.3552579973682
2098.2005875373093	542.44774887801
2032.4261036429225	525.5358432360927
1969.2050797877623	509.33322128722637
1908.4320033446566	493.80247294605044
1850.0013616864271	478.90618812719913
1793.8076421859018	464.6069567453119
1739.7453322159035	450.8673687150231
1687.3917084535992	437.3328032553121
1636.7518339392964	424.0764259482976
1587.967194831524	411.30782549432047
1540.9163714262315	399.06462675270564
1495.3787691083894	387.4836294937635
1451.4833275019469	376.35209924881974
1409.167587187343	365.64870059271584
1368.3690887450148	355.3520981002898
1329.0253727554025	345.4409563463837
1291.0739797989395	335.89393990583454
1254.4524504560693	326.68971335348493
1218.8144543913168	317.52307034826447
1184.3311707357138	308.6063140156038
1151.018554727017	299.9965235876635
1118.7247436052212	291.7959150714714
1087.4802450125057	283.9243340718652
1057.2836730949302	276.3335196898067
1028.0974526830341	269.0114003417734
999.8840086073586	261.94590444424546
972.6057656984433	255.12496041370042
946.2251487868292	248.5364966666183
920.7045827030561	242.16844161947682
895.8913171038669	235.8935485149575
871.7681133074886	229.72008225722556
848.3882821320158	223.7629045039032
825.6778399649722	218.06601947554964
803.6790704430296	212.55716414357272
782.368817632294	207.22951504994853
761.7239255988693	202.07624873665333
741.7212384088616	197.09054174566313
722.3376001283746	192.26557061895414
703.5498548235146	187.5945118985024
685.3348465603855	183.0705421262843
667.6694194050923	178.6868378442755
650.4108712713772	174.31702944208948
633.6139001952023	170.1085463855435
617.3010714869696	166.03747026393572
601.466956962291	162.09063714750388
586.096830119701	158.2641814235657
571.1759644577328	154.55423747943766
556.6896334749206	150.95693970243744
542.6231106697978	147.46842247988167
528.9616695408988	144.08482019908803
515.690583586756	140.80226724737275
502.7951263059051	137.61689801205398
490.22392577225384	134.52665698070956
477.93630371869716	131.47477105732702
465.98756338734654	128.509572970479
454.3679834949726	125.62887762848723
443.0678427583424	122.83049993967197
432.07741989422675	120.11225481235499
421.3869936193931	117.47195715485663
410.986842650611	114.9074218754983
400.867245704649	112.41646388260074
391.0159081403817	109.99947144237998
381.414327905368	107.66304023236626
372.06557903962107	105.392189837637
362.9324891332824	103.15524365242567
354.02197284119404	100.96461213566623
345.34175041128975	98.83351133938436
336.8851151475623	96.76073037166482
328.64536035400414	94.74505834059183
320.61577933460757	92.78528435425001

