0.9158918073718041	150.77566381422716	45.04634670483946	111.12716989820677
0.7872190858087937	877.2978677758874	527.5955853338608	746.1595118601274
0.7324254968740254	756.9142163987013	554.1305460425161	680.8703400151319
0.838338168003449	198.25296701112688	107.26585955061354	164.13280171343436
0.6960105920384545	280.8578681704696	240.84770779675986	265.8540580303285
0.7577079765962366	167.95975536076503	130.1775908939818	153.7914436857213
0.6237302002100416	392.0848777876085	366.74042991578887	382.58070983567615
0.9074054755476383	368.27468426989566	108.05994014350682	270.69415522249983
0.880153019853863	303.8826251477954	117.57632138398363	234.01776123636597
0.5844461930962944	819.5991088965769	771.01398711063	801.3796882268468
0.7950343901468562	170.05123809635813	115.44138341781519	149.57254259190452
0.7124522998712745	320.4542721721945	262.55548616200105	298.74222741837195
0.9403181023806656	666.70360673708	118.47305787424472	461.11715091351675
0.8803202695974757	72.40017173970756	34.810163711564996	58.3039187291541
0.9905057327006815	459.6596027276207	13.226212798552353	292.2470815042201
0.8821816840155444	154.12505254435948	63.98775978825464	120.32356776082015
0.5750898218106386	637.3046863715838	610.0256161106686	627.0750350237406
0.5545182356067693	744.3180426726942	719.1215310158198	734.8693508013663
0.9863144635327878	1291.509961675977	49.060783022847545	825.5915196810533
0.5843725331197228	1084.2977602078388	1010.1451297098213	1056.4905237710823
0.7002860124900661	506.3811969609418	412.1706068678237	471.0522256760225
0.8586404883616614	292.90435961785516	133.4790060784008	233.11985204055978
0.6904438732094587	967.721272172387	774.1748474255928	895.1413628923392
0.8937149573311376	62.91329326477	27.820776767588235	49.753599578326835
0.6936828168573974	613.4629728164924	500.23744464274847	571.0033997513385
0.9558167961742815	229.99682462739332	33.85513189808127	156.4436898539013
0.8569085545297952	113.56929695467431	59.469555027944665	93.28189373215069
0.9736947647359335	109.12006776858534	10.657545891452955	72.1966220646607
0.9308967828025425	81.01685143150053	22.167045675498507	58.94817427299977
0.6140707602812531	755.5005763462344	691.7341641382071	731.5881717682241
0.7628698930280833	322.9474845432643	230.1028193071893	288.13073507973616
0.9920683409790314	213.28897280919975	5.624205051546568	135.4146849000798
0.8097282234114515	709.0242517411681	392.26037280279945	590.2377971392799
0.9589150525118716	147.19536775146042	21.45595572310657	100.04308824082773
0.5869879703993809	797.4446635350314	749.2083181751664	779.3560340250821
0.6085194897572992	488.587997393918	459.12842408004286	477.5406574012148
0.7555399652785946	392.5902870786422	281.5569751221037	350.95279509494026
0.6150442754410582	413.04815540639294	388.90137674135786	403.9931134070048
0.6997146019397474	844.7687975589384	667.1782081251318	778.172326521261
0.7782815613411338	137.44583142699545	102.17043089339188	124.21755622689412
0.6998723258893056	443.9921329073735	364.94445974119435	414.34925547005633
0.7546892417548534	743.460133129714	509.41906088341665	655.6947310373525
0.8098700543235826	588.4658802620455	330.2316722957272	491.6280522746762
0.7947883232544575	542.4641115527877	327.8179958693095	461.97181817148333
0.5657308823550292	1100.8656727858288	1041.8712927893648	1078.7427802871548
0.6595328075745023	885.9769668325031	755.2192327661452	836.9428165576188
0.7426317493044771	147.2277154719059	121.05867805860564	137.4143264419183
0.6211643700904256	539.7224326875812	497.7665098989787	523.9889616418552
0.8644034126374728	112.0732992476179	55.925063006082	91.01771065704193
0.9959956781115646	151.97886550354752	2.1180290303036173	95.78105182608107
0.6589121719165318	1108.8537784475143	936.2664460750705	1044.1335288078478
0.8802550335947508	53.13050908597438	27.445172079335265	43.49850770848471
0.8983873970749799	309.8007665795957	101.64767870266171	231.74335862574546
0.9849313986421105	154.8082798713299	8.137461025213995	99.80672280403644
0.9903852852885798	698.4261560977097	19.612642036152977	443.87108832462593
0.8935864216834998	182.48020173851546	66.95634575886072	139.15875574614495
0.8141298953306285	1466.935441621832	755.468752183227	1200.1354330823551
0.7793542894238642	1134.3617461321633	692.0780706820808	968.5053678383823
0.8331310041153931	85.84388348929848	54.25842870416448	73.99933794487322
0.7730197993051912	235.39721282852648	167.1603418749963	209.80838622095266
0.8974815106123145	149.08578773409792	54.290677659813156	113.53762145624114
0.8622630862407614	67.070262815527	37.42614765755772	55.95371963128852
0.8361781139888425	162.21538593114184	91.19800256072489	135.5838671672355
0.9201915050421885	650.5630034633471	155.4618493085887	464.9000706553127
0.728112853084154	168.6329384379655	141.5908355324691	158.49214984840435
0.9317219107298351	363.2617982709139	78.59263714718972	256.5108628495173
0.9739303382542297	227.22876197000878	19.653548878474425	149.3880570606834
0.6071401089126428	624.5256154874222	581.004006169546	608.2050119932186
0.8039170211362668	841.2990904786207	472.1014040982756	702.8499580859913
0.9605238848034064	43.422401357219925	7.857550578271219	30.08558231511416
0.7751241160088876	400.46846369440163	268.25933556253744	350.89004064495253
0.9202294279092155	37.79767028454742	14.457961377589331	29.045279444438137
0.8307075606736674	1170.3706899527501	560.4248793507103	941.6410109769853
0.8994094632481706	142.00689907496573	51.13242907469564	107.92897282486445
0.660944982428979	794.3739028657056	679.2079864110636	751.1866841952149
0.8782136114292327	48.94628331575162	26.25250122422647	40.43611503142969
0.9166026989928404	89.12355357216967	28.874291835670498	66.53008042098249
0.8670580528991799	242.48300089282122	106.50871763870894	191.49264467252914
0.9710367941148491	180.75931109301996	17.94549983105331	119.70413186978246
0.8539355541639211	198.18438993272883	97.605978608398	160.46748568610477
0.5598260778441756	979.8427004974253	934.8731129925791	962.979105183108
0.9337475202962113	270.8653730953911	58.80772796607775	191.3437561718986
0.6641490945421996	365.3802166640097	325.09376200071733	350.27279616527505
0.9397224637606661	58.95481727930763	15.081409673447151	42.50228942710996
0.8573885529442945	299.3335791776889	137.232415720184	238.54564288112454
0.7366467620394817	249.13514524226966	196.61294429116256	229.4393198856045
0.7353812161047683	927.2397082687869	664.6552662698996	828.7705425192041
0.894824835109628	57.79708482116422	25.80569992124464	45.800315483694376
0.800511585522511	296.3496477367461	184.68323376048284	254.47474249564735
0.8271030169888602	114.52317408706972	71.09167431749935	98.23636167348083
0.9399165288329081	84.33084924917813	19.890471039788913	60.16570742065718
0.7009748244717247	593.673300207018	477.519198962621	550.1155122403691
0.8613399215384457	117.94856304403255	59.60831031344132	96.07096827006085
0.971020039500577	97.48631978989458	10.71622574523559	64.94753452314745
0.7640034207833728	779.6359089665534	516.0138928641454	680.7776529281504
0.5841789248167483	837.0337978490747	786.9960795672941	818.2696534934071
0.8469988065335663	383.8726802771809	183.274038180241	308.64818949082843
0.9671534319555876	1898.8077268946442	170.3306651825344	1250.628828752603
0.9039797626998168	231.4639513582696	74.35101506420344	172.5466002479948
0.8007034244534489	359.0251591202025	219.3839317324762	306.6596988498051
0.9552214027800666	241.2849217960241	35.783336125129594	164.22182716943865
0.5681237889019405	661.9394219661909	636.0709654673866	652.2387507791393
0.6816728984359904	301.2110494978373	263.8751596100036	287.21009078989965
0.9814489193911017	29.371774398087016	2.82117978845778	19.41530141947605
0.9631259623698849	465.01222421083946	52.53966441958883	310.33501428912047
0.7834556936309651	176.80597221055245	124.91067970527727	157.34523752107427
0.6756973884782833	960.6501726480975	792.1242829217418	897.4529640007141
0.7880438368485383	228.80259258769647	154.21077547423815	200.8306611701496
0.6374108568370831	332.95928627649715	309.4976327773192	324.1611662143054
0.9753000250924044	41.369498131036636	4.730976758445625	27.63005261631501
0.8043499838552479	97.01796687042749	68.76624601522677	86.42357154972721
0.807491948205328	282.27905966158767	171.44245225304792	240.71533188338526
0.9659410799814624	77.12704616039109	10.451375468619261	52.12366965097665
0.652331599968523	1113.747837386376	950.6839376005969	1052.5988749667088
0.5958909258187289	708.4427513278926	663.0552971059295	691.4224559946564
0.9482017257593494	373.12863508465705	60.88540851966138	256.0374251227837
0.8578709383955817	281.88970194853744	129.67597748577128	224.80955527500012
0.9690359514257975	376.62264335092027	36.463449963982896	249.06294583081876
0.7195158339922576	176.93632419365878	150.79035999628928	167.13158761964522
0.9394022966330529	199.8760900444057	41.25082517489997	140.39161571834103
0.9919030230397347	963.6374217393877	22.077596360834434	610.5524872224302
0.7228741454840008	684.7496143096969	517.7830539256277	622.137154165671
0.6117607413550253	428.9787475139889	404.461764265183	419.78487879568667
0.7684347940902811	295.4544725386179	208.34211375260224	262.787337993862
0.7496498693459898	294.27513232992703	220.4088404014908	266.57527285676343
0.6724153684168839	446.10155180210495	386.46759428743485	423.73881773410363
0.9266758729925006	56.880565779328506	17.8593159654243	42.24759709911443
0.7907456736281679	926.0909292472533	546.868611471709	783.8825600814241
0.9368939505938707	1504.1146418627877	265.158641548785	1039.5061417450368
0.9462148412787256	656.8158858801271	105.18956088901109	449.9560140084586
0.8806340713530433	520.4123824493572	189.79464886933982	396.4307323568506
0.9173419835927205	1121.372143239469	265.43934845216353	800.3973451942295
0.9463155447418354	199.18230423778715	36.39372641398886	138.1365875538628
0.8106565777241383	124.2529946959273	82.39225377926388	108.55521685217852
0.7664516235173305	1347.5780024153403	854.236522986527	1162.5749476295352
0.9176140920752748	363.2631971168854	94.95764237353748	262.64861408812993
0.8786865961198088	1142.8131395282703	396.83069997617713	863.0697246962354
0.7114073494337672	481.2424367794534	383.3364429280543	444.52768908517874
0.9763462596745881	67.48054351611913	6.515682996675473	44.61872082132776
0.890266100748123	97.8558163997956	40.81859392622411	76.46685797220628
0.9792271416569213	111.44638539337086	8.547485201486161	72.8592978214141
0.8783196035599011	94.54277468514337	43.84257233995263	75.53019880569684
0.8813111320911119	59.31620854925458	29.57459932032246	48.16310508840504
0.6767225005703758	589.6822054147212	498.3724456512437	555.4410455034172
0.9258903542714636	126.33703583156765	34.19676853444591	91.78443559514699
0.7737090547480264	550.1522487559034	360.86527957897766	479.1696353145562
0.6816123234035003	308.59663556976426	269.87465722124267	294.07589368906866
0.9579312657825443	196.70374354412027	28.142932646470143	133.49343945750147
0.6107353329799271	577.0647427355985	536.7209596711936	561.9358240864467
0.7730795088060323	116.7205758605257	90.39311969528832	106.84777979856169
0.752789816845829	950.8316128235905	645.07193659902	836.1717342393765
0.9471213213417229	1486.75201220305	219.25387501118598	1011.440210756101
0.84255304631852	173.99208973806742	93.45648794484511	143.79123906560903
0.8913718853268211	583.3571332890165	191.76170220832333	436.50884663375655
0.8362321198005042	726.3046184841619	349.190799261813	584.8869362757811
0.9166515312272904	341.3015374950735	90.8931227545365	247.39838196737213
0.9142313407758058	38.948001946704416	15.859404723865536	30.289777988139836
0.7438675053293493	237.2145366643119	184.41320460683843	217.41403714275935
0.715037019786334	461.7692630069761	365.73942082802535	425.75807218986955
0.8052116032240699	165.72077158078912	108.16452210301232	144.13717802662282
0.6427906078608672	438.3787764314607	397.8800388377894	423.19174983383397
0.9166995448130599	67.13444742564852	23.028324612175187	50.59465137059602
0.9703259681780639	83.92985123781412	9.727762258022572	56.10406787039229
0.9777670418358769	473.410517975363	32.000576864447964	307.88179005876987
0.8362116172988263	178.17903426771437	98.91200095851745	148.45389677676553
0.9924212250611469	81.52599589037658	2.4062907620546596	51.856106467255856
0.7542451782733122	173.78645720628003	135.5564769110008	159.45021459555034
0.7478569107694778	248.1983145320761	189.92643627129462	226.34636018428304
0.9089253396124917	403.2105400704496	115.2470289397605	295.22422339644123
0.6289661363973499	357.1853825540193	333.94061713959474	348.46859552361013
0.7497557945845146	316.03797588923396	235.11529998637798	285.691972425663
0.9617836631185959	298.9563159159268	36.776377377595026	200.63883896405235
0.8717977589186937	101.4021898696021	48.8099938761512	81.68011637205801
0.9007281977449819	160.8544709223804	56.118311010217745	121.5784109553194
0.8991560123084686	1204.0207381085213	346.4248137609598	882.4222664781857
0.7927984320460807	213.9382830754837	142.58447159451254	187.18060377011952
0.8009896168152589	691.5252092963016	399.02230751078866	581.8366211267343
0.7055143220996544	685.285796670715	540.7317730040108	631.0780377957009
0.9379959289402252	55.59983090193762	14.84181576036542	40.31557522384804
0.9562491401460521	356.26695442931685	49.243190270786215	241.13304286986786
0.7711953674018945	1336.7253000825426	833.1351093244674	1147.8789785482645
0.6227799988801833	521.7887966764553	481.13328135682684	506.54297843159463
0.96385911432025	1344.252559807515	135.7742030500284	891.0731760234576
0.9819562230105161	541.6863792079062	29.322438665444963	349.5499015044833
0.8796446249018233	50.78859107655042	26.671962155251006	41.74485523106314
0.7892761875195636	258.5645594274161	171.17819188933484	225.7946716006356
0.6624041140280409	1173.0699999891233	981.9619982090641	1101.4044993216012
0.8990523347868307	90.39122185111351	35.26659333726754	69.71948615842128
0.6578144731794624	344.7281749416749	310.91783902257606	332.0492989720128
0.9899836741609817	70.8627962897288	2.8515355644484046	45.35857351774865
0.6834377693446969	473.7849331755136	400.79156458151743	446.412419952765
0.8421862686520533	62.87970278060916	40.31372531741895	54.41746123191283
0.8105109861450581	128.27704049662557	84.7176224960299	111.94225874640219
0.9903025278272964	902.8338570982705	25.009996953709276	573.64990954406
0.8256305196354073	709.8775965322716	362.5308610828238	579.6225707387287
0.8849187716410165	489.9575110618539	173.336842170444	371.2247602275752
0.9238240431427845	66.38574888104812	20.885861641891395	49.32329116636434
0.664759673737987	329.5568290710842	295.01276212342026	316.6028039657102
0.9476828067789858	939.7565489409405	141.94470065371485	640.5771058332309
0.990618761139304	27.532364792458218	1.365787111578781	17.71989816212843
0.9290740921227432	1263.6199587717065	254.05272561960322	885.0322463396678
0.6958674975755126	276.8663343409832	237.77064574326786	262.2054511168399
0.7057847778061951	351.18415365103715	289.9260947249078	328.2123815537386
0.9182897480872326	63.233357048545265	21.56732303198489	47.60859429233513
0.7968073012546568	370.04133942109013	229.26403729681502	317.24985112448695
0.9142320561525485	1096.0733546640472	269.77930902093897	786.2130875478815
0.8574064838858606	330.3495011028706	149.80493235297016	262.6452878216579
0.711307120994779	335.0505652778331	274.24172028932486	312.2472484071425
0.9353033903965328	163.34244264247246	37.060584098290875	115.98674568840437
0.8178698794551497	1186.5017239891579	607.7244721382499	969.4602545450674
0.8828296209049954	250.6636945339898	97.03135358313963	193.051566677421
0.5787019300948893	879.0178412179836	829.0270517743135	860.2712951766073
0.7809957718153361	781.3911612687864	485.7026980580979	670.5079875647782
0.9481432839529952	1236.8528169164106	181.26295889929168	841.006620159991
0.7336807188218318	187.66341262176812	153.5829976105908	174.88325699257663
0.9921726062701012	560.4730137736653	13.053861272283484	355.1908315856472
0.8047776526289119	400.348605127263	237.81729422616036	339.3993635393495
0.7782871762667258	356.1651906395311	238.30725536307642	311.9684649108606
0.9651739237412228	510.22330698758674	53.918889343528775	339.109150371065
0.5389208649367044	841.8066082185093	818.0685294394142	832.9048286763486
0.5996287568154389	870.4952042057967	805.090367084227	845.968390285208
0.9466230319162375	335.1584739009015	57.0286786993486	230.8598007003192
0.7861125265367823	1267.829951615492	747.7586725782371	1072.8032219765214
0.6009900800700853	1008.6780985457133	926.3879234348453	977.8192828791377
0.8575378466358775	328.3683532384868	148.87106940094912	261.0568717994102
0.9825791578982765	370.87426763443375	20.117626963707096	239.34052738291126
0.8273690244795149	561.7217693439791	289.76379121410054	459.7375275452746
0.6860648213436353	259.7710855452928	228.45829447399237	248.02878889355515
0.9127641687101127	179.21703015366154	54.147479936720046	132.31594882230848
0.861134088592037	159.53794059854943	77.14069433349303	128.63897324915328
0.7728427498161254	966.8285830627354	610.9905778635276	833.3893311130325
0.5889658917569937	568.190597936798	540.1567903420178	557.6779200887554
0.5745589253915817	783.084973409194	744.1633623329316	768.4893692555956
0.9089362656466375	327.53498727195336	95.74631046738239	240.61423347023924
0.5632073907137878	684.7565678029853	659.534943393827	675.298458649551
0.9918770129293123	1685.0591680075693	37.19914276888062	1067.111658543061
0.581515612818429	804.2363872382806	759.0581563232275	787.2945506451357
0.9420853615709313	52.80769809829504	13.334387377405044	38.00520657796129
0.6996255495030886	688.4168655556172	550.3361545250131	636.6365989191406
0.9792110872722869	53.757676825982585	4.810391057523628	35.402444662810474
0.9151527369593527	139.81713328232527	42.63201046615466	103.3727122262613
0.6560165393354874	391.5763966969214	351.18564642830904	376.4298653461918
0.9343209564770159	712.5937017026399	138.6948903141825	497.3816474319684
0.7378054335462784	373.4906006855065	283.5074317451956	339.7469123328899
0.8152908784232965	894.5181752563021	473.3730920329893	736.5887690475598
0.917804253035442	65.28507803211333	22.236775439448323	49.14196455986395
0.6594296824272033	326.21293571345353	294.6213996061104	314.36610967319984
0.8552163203343885	148.4260230797035	75.41417565204912	121.04658029433311
0.8132368197834571	422.2241849919566	239.9737883095304	353.88028623604674
0.6587139467615106	308.1271633808864	279.70811636087024	297.4700207483803
0.7255038047557846	776.4457317014675	578.3855875894795	702.173177659472
0.9945879277891188	666.272737282263	10.548710737406509	420.3762273279418
0.8565427229825693	407.1741647602217	181.76830607246444	322.6469677523127
0.8545758851328427	262.6870547068398	124.49328479863794	210.8643909912641
0.8735286375609508	191.39610412975873	82.56523052867095	150.5845265293508
0.9541086499706243	846.3163170101172	112.88170972664176	571.278339278814
0.8104681591120982	123.50065674386387	82.03655483083726	107.9516185264789
0.9329603905692315	36.8168943186719	11.936795009061605	27.48685707756804
0.9304968139811566	63.19474211972427	18.34587521936544	46.376417032089705
0.9967455007121593	763.6139733483557	7.157835163984032	479.9429215292163
0.9457328859072719	671.2907374502234	108.25035198563864	460.15059290100413
0.9520089593190083	43.66137699092775	9.605499471303489	30.89042292106865
0.6577839236716149	477.85397903042724	422.2449923181498	457.0006090133232
0.8496509536255676	497.97955605142886	228.08016971283814	396.76728617445735
0.7010985732465975	760.2616791553204	602.1961164518895	700.9870931415338
0.8957554750167256	104.87313867896071	41.10174776086524	80.9588670846749
0.8855468700949621	693.8904990466809	236.59087970768988	522.4031417945592
0.948340482373822	36.3250030820339	9.102530784060438	26.11657597029385
0.8748323277916172	1580.5155129963696	553.7457760368255	1195.4768616365407
0.777704479992964	162.61006465007372	118.50940574188664	146.07231755950357
0.8117510506019099	214.21667635588773	131.56052682118485	183.22062028037413
0.9102532020803122	89.88292040410276	31.26713523183355	67.90200096450181
0.9283811747920708	530.745596802809	115.87000027219486	375.1672481038287
0.9900575695722811	26.264218254517857	1.4075126619708733	16.94295365731274
0.6160041441099873	419.4711825357154	394.21107087401305	409.99864066257703
0.7981277057756089	540.7275781172763	322.20621676716644	458.7820676109851
0.957197090717502	31.601239436213117	6.86877148675514	22.326563955166375
0.7544700204712572	253.9467678141548	190.11257772341762	230.00894653012836
0.7705203373442222	1333.8049531939669	833.5090470219016	1146.1939883794423
0.7316673814239488	356.0629218642801	275.89349085460987	325.99938523565373
0.9627063764471134	46.931122776974064	7.846149490454717	32.274257794529305
0.9916005193073816	163.15226072284776	4.731797405881025	103.74458697898524
0.7844996122633576	593.364221063809	371.3230729032535	510.09879050360075
0.5338724784305474	1034.843969621883	1002.7664632639749	1022.8149047376675
0.5444138689271508	779.9369188523914	757.2522754782136	771.4301775870747
0.8136774404296511	290.2739864177496	170.81272804205295	245.47601452686334
0.8821482302056614	85.24731654060015	39.086310035566086	67.93693910121237
0.9150036503465002	77.89829864494466	26.410365565547732	58.59032374017082
0.9064563994063806	82.01032729851059	30.253431637711987	62.60149142571111
0.7787650146800664	313.69683941009185	212.02443933740568	275.56968938283455
0.6854018208907227	481.92210951307084	405.7014309772244	453.33935506212845
0.8367555653743406	103.87702601596638	62.260425712099284	88.27080090201622
0.8958602444158572	1696.6580634307102	492.53188624061295	1245.1107469844237
0.8093029079074997	108.67281149135562	74.00697765449837	95.67312380253415
0.666323281976457	286.9455783932189	258.8377703648719	276.4051503825888
0.7527013469780937	147.28107723976797	117.73731113023534	136.20216494869325
0.6186350360361849	1124.9604941190216	1007.881821702655	1081.055991962884
0.5878570606852849	872.0303420779386	815.9083481909516	850.9845943703185
0.7218287654122594	659.4009834021259	501.1951458951986	600.0737943370282
0.717368534843545	197.66382772357127	167.31559296866857	186.28323969048276
0.8925686399862885	167.9398266989012	62.934617954285315	128.5628734196702
0.7964493692661679	145.4752829522152	100.20914111534634	128.50047976338936
0.884462640031906	169.57940416999222	68.13561434998309	131.5379829874888
0.982934433415838	1785.6186029839919	82.95266189001688	1147.1188750737513
0.53792030611712	996.4375805908719	964.2363622900978	984.3621237280815
0.6110152797582246	528.625071403528	493.55723071549096	515.4746311455141
0.53331589411188	1041.1860501465385	1009.0731896260507	1029.1437274513557
0.9282610349628349	361.03134188709214	82.15763649950102	256.45370236674546
0.9739824935852986	420.63925346097693	33.77682495760314	275.56584277221174
0.5481535764861386	760.6266663260848	737.3881158215014	751.912209886866
0.7202948599329009	226.51685882960527	187.91153570032367	212.03986265612468
0.920774930498321	1339.7174138093987	299.9018904743119	949.7865925587413
0.9794210448683136	344.6170986964953	22.320159774998274	223.75574660093392
0.9366464282149592	337.6828659789953	68.27967865429233	236.65667073223167
0.9521624991316984	203.00252585338472	32.923338469374045	139.22283058438072
0.8130254492983553	206.2465859406152	126.48083821598202	176.33443054387777
0.6835082620330589	849.9893499936368	694.6498405412253	791.7370339489825
0.778814854955427	610.5765243042887	389.7476043737516	527.7656793303373
0.884898648163223	172.35835498218208	68.83985847990962	133.5389187938299
0.688139772540304	1058.253180647104	846.8278171333416	978.9686693294432
0.8434648639869374	609.0044376123938	284.698579525744	487.38974082990006
0.8614439839977492	98.23992413327953	51.16264044295541	80.58594274940799
0.6852550959793656	927.7101106034966	751.9349802577058	861.794436723825
0.788725433220382	483.8270396565083	302.6617540840575	415.8900575668393
0.7676967591350141	157.69619593114686	119.35264639032225	143.31736485333764
0.8276989997999563	1143.976370533183	557.7860496391211	924.1550001979098
0.8738742585379154	66.71281501654033	34.313263350209176	54.562983141666145
0.8375885930286882	109.50194598085565	64.76636488925988	92.72610307150724
0.713255924472455	343.57886651572255	279.41560732518315	319.5176443192703
0.7486409450361489	261.70668989465196	198.7798945574812	238.10914164321292
0.7496927193036925	456.1545379209271	329.1130702140086	408.51398753083265
0.7226879878223359	641.3514348366139	487.2681624133756	583.5702076778996
0.9082003058253765	143.6857817524506	47.17829439951646	107.4954739951003
0.7273832212958703	327.9361959659157	258.70490685815065	301.9744625505038
0.9186603751508481	88.48848536421633	28.00379668594833	65.80672710986583
0.7674308554322351	304.5326745574886	214.86046776176568	270.9055970090925
0.7069671598733136	787.5084890026349	614.1080171410738	722.4833120545495
0.8011637230596282	622.2181425339891	361.72650978644725	524.5337802536609
0.6485007170269268	756.9554746193578	661.8830105201077	721.3033005821391
0.9204144126608749	304.07555218118307	78.31192037428582	219.4141902535966
0.9089483230277111	62.10660055628148	23.675406021948024	47.69490260590643
0.5946721639919318	513.0161832708973	487.4394125995014	503.4248942691238
0.6930584814821803	1135.2763033507747	895.7021853904215	1045.4360091156423
0.9138019251430517	204.1403143669459	59.85965625078043	150.03506757338386
0.9741394147735043	687.1043953829859	52.27488335841258	449.0433283737709
0.7537918122450176	849.4085343700896	578.5416834863437	747.8334652886849
0.918884454192981	134.26425558341873	39.392419510663125	98.68731705613538
0.962960819329484	213.1970862750885	26.518279730659216	143.1925338209275
0.8708177039255115	120.17600670499166	56.63145329350206	96.34679917568306
0.7913902310138848	313.2778768476157	201.68466467634602	271.4304222833896
0.9003711866509859	71.04963975162627	28.718256195670683	55.17537091814293
0.5930047073579243	576.4435905941501	545.6807539578698	564.907526855545
0.7639852880422586	972.1328254218043	634.1092365770781	845.373979605032
0.8178400534689294	839.4093578313623	440.650754295498	689.8748815054132
0.7059230148618675	744.0082666926542	583.5813290046212	683.8481650596418
0.991729603973931	43.468141663039425	1.6302035688108987	27.778914877703727
0.8295203302835757	107.55747374878003	66.61428926744888	92.20377956828085
0.9537208442221541	46.71328309080664	9.721399760713354	32.84132684202166
0.9657594710258792	100.44743792531821	12.995470337503974	67.65295007988787
0.9064681332445986	616.4864233735135	173.62282890160643	450.4125754465484
0.5717925026621804	919.2493823793607	870.6984363325439	901.0427776118044
0.7691806509872329	727.3545658306331	475.01294625673347	632.7264584904208
0.6658734782213475	662.4384127534104	567.0504850489945	626.6679398642544
0.9508117936714781	61.45026865795615	12.686783593268267	43.16396175869819
0.9963033912064846	824.3890675065841	8.736995520754476	518.519540511898
0.768096017489389	997.1530514537466	639.9121115053391	863.1876989730938
0.9501945610937422	444.4934647206253	68.40015163964549	303.4584723152579
0.7954231975430465	141.09078301365682	97.99812153990719	124.93103496100072
0.9271085650687313	44.60231782051927	14.838064692167064	33.44072289738719
0.7911582254264442	92.83787614123122	69.91516792756795	84.24186056110749
0.8746301110491084	115.45321249754821	53.21822000069836	92.11509031122951
0.9748495792172336	223.02315713700648	18.65091097199928	146.3835648251288
0.5736795724005666	779.7497145876416	741.6343743507534	765.4564619988085
0.9907849962760089	395.2681314469522	11.233695009399241	251.25521778286986
0.5276455553827522	928.8932785264167	905.845896599815	920.250510303941
0.5860463433783099	709.0857528786487	669.7429921089783	694.3322175900223
0.9230720196712078	273.70101200510794	68.9940411652571	196.93589794016387
0.627205308420451	389.4855601689502	362.9955926247666	379.55182233988137
0.5924203725265748	1060.3071462017783	980.8034776561799	1030.4932704971789
0.8841569396073886	1650.9996666201932	534.1163917105717	1232.1684385290853
0.7528798341719308	230.22786772017886	174.88862016011413	209.47564988515458
0.8237567046933009	842.499743726707	428.87491481249754	687.3904328838785
0.9507295311564335	1569.6347045105285	214.68776097086493	1061.5296006831547
0.838854737248828	64.83969290557197	42.06317406290772	56.29849833957287
0.9840228857518855	36.33967693762324	2.7890988056165718	23.758210138120738
0.9427078301667037	521.084819292432	90.92510240256192	359.77492545873076
0.7408551693025545	198.61598791009575	158.54980545427176	183.59116948916176
0.9463970476639576	55.09337769192197	12.733179477621121	39.20830336155915
0.6483851704176763	353.98862622351396	323.0463642535717	342.3852779847856
0.8277794813690732	470.93052378687145	246.21164802232346	386.66094537516597
0.6964255646347551	242.65290665121347	210.51227027467252	230.6001680100106
0.7164937236747383	328.85096088181484	266.3680708475037	305.41987711894814
0.7248816066885675	1116.2982606538035	815.259389870502	1003.4086841100655
0.957406866419153	31.90615945703902	6.87714459342634	22.520278883184265
0.7023774904810659	964.6305304483678	751.599705549113	884.7439711111473
0.9370947788864299	1570.3388224207977	275.20737845496546	1084.6645309336106
0.9301254741232174	60.517814022110116	17.841480428740965	44.51418892459668
0.6083641712422437	778.3335303044337	716.3491658171326	755.0893936216958
0.8763473006188127	176.0939446891367	75.16887630126308	138.2470440436841
0.966993194775991	1350.7327364069147	124.43475238749852	890.8709923996337
0.7813846842923635	149.4060549316338	108.62972531086307	134.11493132384476
0.6069128090870036	512.6220697757383	481.3711298230815	500.902967293492
0.9834240681604988	514.917858625414	25.706726622842496	331.46368412444974
0.655672766705471	749.6362369729896	648.4574507663489	711.6941921454993
0.6731208294309197	552.1880229311447	471.5652534193971	521.9544843642393
0.7776406096799213	272.32613799058345	187.40615822018634	240.48114557668453
0.8894489336475098	958.1279465081018	307.39762063804613	714.104074306831
0.9944132840551224	106.56169868388395	2.20176855978783	67.4267248873479
0.5272831706450325	998.8742045272402	972.3859580825322	988.9411121104747
0.9851944539854572	233.62690189877668	11.375892172409081	150.28277325138885
0.8404416533837724	496.89687466403177	240.79616295510837	400.8591077731855
0.9352215500055954	102.64675454017285	25.15809520286541	73.58850728868256
0.9670321894365641	571.2342569704163	56.4677455444384	378.1968151856745
0.9207484335004688	83.32341103616545	25.997544845468514	61.8262112146541
0.6300820052374424	1030.8864543796096	912.9276553242931	986.651904733866
0.9270440428457042	348.3737068732418	80.95190198985762	248.09053004197273
0.6205636704233609	898.0926338360749	809.9501480287958	865.0392016583452
0.7879956463767518	117.58900974354582	86.27673500536174	105.84690671672679
0.7133362750992768	353.0409914377155	286.4450335755641	328.0675072394087
0.7259982143577566	203.41577594272738	168.25265186237837	190.2296044125965
0.8853924304916551	948.7564053640467	315.74385906414545	711.3767005015837
0.8029395417649032	963.1038975632356	537.7340763178964	803.5902145962334
0.8727948783929717	749.593747928452	281.7710167709571	574.1602237443914
0.8987433966490748	912.7986086829089	269.3486425809787	671.5048713946851
0.709040865708691	383.5661785506075	312.291451511958	356.8381559111139
0.7320190312418711	281.48928749581296	222.34256969313458	259.30926831980855
0.8772313385963769	587.4703034939373	217.7871571064445	448.8391235986275
0.6253295417628981	450.53872306600624	417.3860321811113	438.10646398417066
0.8729346973093345	1075.0415612045024	392.5035709436827	819.089814856695
0.7964644294623434	147.24748910630677	101.25842345447265	130.00158948686897
0.7856488460952861	1162.4451762249535	690.5713049962219	985.4924745141791
0.9161763873449608	464.0611498404963	120.30921235797149	335.1541732845495
0.6693719128380741	526.0338198597185	453.49770129089245	498.83277539640875
0.9239648485623397	118.7378991245972	33.31998045118313	86.70617962206693
0.7091115178966401	326.28094429335687	268.95057789963545	304.7820568957113
0.8599532130310974	449.3296405359831	194.13241551931398	353.6306811547322
0.8426820094966329	92.31807757239076	54.630504480397235	78.18523766289319
0.696486815057416	884.5287283119995	701.8102529995277	816.0093000698226
0.8327667450840075	1122.963640435936	533.0597408304011	901.7496780838604
0.8311285913478282	157.83130904417797	91.53489134765815	132.97015240798302
0.6354600003127293	425.4048103505739	390.5077596169544	412.31841632546656
0.9000179876724017	87.24862639498275	33.949155353013154	67.26132475424416
0.5899263674026259	855.6503797142157	799.5755852153302	834.6223317771336
0.8166075556966627	843.8023084152177	445.53203253432605	694.4509549598833
0.9404032604990613	107.63519962193212	24.055065024528496	76.29264914790575
0.987109219231173	692.4190168162648	26.124658648731042	442.55863250343964
0.6406120844765159	684.886340142363	608.8447891757717	656.3707585298913
0.8499219145121544	615.5894678046989	276.2041979150826	488.3199915960928
0.9427340457979211	454.84639359162725	80.43390490162426	314.44171033287614
0.6245091694888327	486.6152049242798	449.4032706123084	472.66072955729055
0.5908549352429794	533.2954599096944	507.5508172719516	523.6412189205408
0.993471032096026	947.2994176988799	17.505390992822527	598.6266576841084
0.5637869016086757	704.8168342601655	677.8702031385872	694.7118475895736
0.974475014193446	70.15515566972	7.251849035448824	46.566415681868314
0.8080997051413197	371.980384343195	219.1664943872011	314.6751756096973
0.852595555695649	602.9680344488811	266.3937377775598	476.75267319713555
0.76940916503279	364.78431909692773	251.4302698009538	322.27655061093753
0.6322278144624494	488.4654928435848	446.8034300823376	472.8422193081171
0.9507011453120663	65.03377083615302	13.282088127898547	45.626889820557594
0.9571897848143308	34.5272849029194	7.279589282590964	24.309399045296235
0.7102713939874093	381.2509901080683	309.683401426911	354.41314435263433
0.8747810185561388	146.0404904590905	64.8137567049397	115.58046530128397
0.6379135144829979	388.31656297568816	357.26481890673995	376.6721589498326
0.6628046849954443	276.8827494241827	251.79485654572755	267.474789594762
0.9706585997641637	74.40699128022092	8.739874354726105	49.78182243316036
0.6467059999107274	651.6020477909283	575.6145725171682	623.1067445632682
0.6033796562482712	511.80432938694446	482.3428824186425	500.7562867738312
0.8670944757972979	1463.065372582322	546.4234173335749	1119.3246393640418
0.7044751110595091	1116.8151293587523	859.1468212679024	1020.1895138246836
0.8061363564098774	200.81916528360335	127.46567607663194	173.3116068309891
0.909983156419226	358.28938966953774	102.51606872322316	262.37439431466976
0.6803519475231903	486.0694886534917	412.8995978987658	458.63077962046947
0.7519833921998238	377.63652525898345	274.7525902431876	339.05504962806003
0.9082619382054025	980.8539652993926	260.5415448648047	710.7368076364221
0.768430237411336	144.762316937816	110.49497576917325	131.91206399957497
0.9968141903887384	83.06486341206372	1.0247547368019312	52.299822658840554
0.9999103694300351	254.01291877767943	0.07366009926558093	158.78569677327422
0.9221114269652753	711.2501261025964	164.53119995352364	506.23052879669405
0.9960075483828674	25.298617957282993	0.5514390929375619	16.018425883153455
0.5841452498995885	925.6116975921852	867.175562164329	903.6981468067391
0.992641210250612	724.0462141360147	15.462972629563183	458.32749857109536
0.7741191411286387	220.74864265671536	157.23296926400891	196.93026513445045
0.9637827320466056	589.4472577437584	63.88829360158894	392.3626461904448
0.6161732861203674	465.07230216307255	434.5991932788553	453.6448863314911
0.6614943409122818	469.6631889656948	413.01549077865894	448.4203021455564
0.880612649974641	207.83999032149615	83.87820396331375	161.35432043717776
0.5549971839296168	849.8021999136649	817.2170302748423	837.5827612991064
0.5933669238033744	954.9107388373371	885.7596122645281	928.9790663725338
0.7954651170821272	745.7177190780694	438.3730214301457	630.463457460098
0.6061269707158992	513.6447347083472	482.66944787608094	502.02900214624736