0.9424070518025233	139.450970318714	29.31983763075874	98.15179556073079
0.740594059093209	640.5771832283588	464.758333749483	574.6451146737803
0.8447686970159088	258.777364956283	131.86935600852468	211.18686160087364
0.817732141040036	164.31867788625175	102.88407929055002	141.2807034128636
0.5372602218077164	1178.4065883205956	1137.8802604025616	1163.209215351333
0.9814410093256938	33.41187562511707	3.2363969716205876	22.096071130055886
0.6547746236903358	700.3753308770024	610.8319020498504	666.7965450668204
0.8901630033931387	72.96716062190359	33.186774674469554	58.04951589161582
0.6990971080139609	418.0431921634825	347.68145610716346	391.65754114236285
0.62735366543746	1115.8276530030068	990.2416176983522	1068.7328897637615
0.7479285900835199	293.15291903223016	222.6411981371985	266.7110236965933
0.9976276449459928	36.671046530092156	0.4353522025054595	23.08266115724714
0.834067641229998	96.02585561967763	60.56586211841866	82.72835805670552
0.9138383992532216	293.9324841589503	82.98543773203991	214.8273417488589
0.9750135413209268	30.716815871340465	4.153769985376135	20.755673664103842
0.7192413980731008	223.47470705892502	188.13679419954698	210.22298973665826
0.872888636007913	100.71363369404155	49.212019438408774	81.40052834817925
0.7972430126254474	433.33211770095824	265.60106283815475	370.4329721274069
0.8985819842851891	224.50561833040217	77.26998572573281	169.29225610365114
0.7484012191288336	339.5748152999653	253.88100003602824	307.4396345759889
0.6551987343509026	425.3399591839206	382.1916792565259	409.1593542111476
0.6562430795777595	400.70044515453054	360.95601219429494	385.79628279444216
0.5594372812755714	1144.3700665368472	1089.1890445823094	1123.6771833038956
0.7332782458332804	456.5984693539473	347.26657590835237	415.59900931184916
0.8179948225113403	112.20860678294405	74.55838305168565	98.08977288372215
0.891729209360365	1190.869603648413	367.7098797730417	882.1847071951487
0.9987027591251957	1449.062958736638	5.12179131114101	907.5850209520765
0.9372588464757369	48.31437655082553	14.083345015657375	35.47773972513747
0.8232294848212541	289.11979549119684	163.7863373872542	242.11974870221835
0.605395984614276	601.9767340328056	564.2657248911589	587.8351056046881
0.7531649479775964	449.81685203838083	323.1312731142673	402.30975994183825
0.644231974585404	935.5995735375988	816.9993583459074	891.1244928407145
0.8552630710551958	114.97426662792904	61.93253516204831	95.08361732822377
0.8189621653892959	193.46038608829508	117.69589516702428	165.04870199281854
0.7293103579101152	221.66206150566396	182.2987868133214	206.9008334960355
0.7529559637578448	240.1850586006607	183.5017971625468	218.928835561368
0.8861785767131799	1410.6661635211672	452.2018168168728	1051.242033507057
0.7756463051468405	443.5596790927751	295.54018257391647	388.0523678982031
0.8897317853579925	101.55462347349331	43.211827427098505	79.67607495609526
0.9800676573508147	919.6723665838272	52.372586529544265	594.4349490634711
0.8070590472850919	1170.099622919157	632.3392278191477	968.4394747566535
0.8043233956083541	138.04769388850792	94.26865745011827	121.6305552241118
0.8466008871026072	1590.8631856480454	678.0887844529809	1248.572785199896
0.602798928445708	811.4733992311736	752.2343222971778	789.2587453809251
0.9835268127173314	1556.865144771065	70.1142908893363	999.3335745654167
0.6030596015664862	1214.584175850447	1107.1857016899958	1174.3097480402778
0.9080222935782818	91.79830446069717	33.367316579309005	69.8866840051766
0.8375458836768166	69.41823309434498	46.10250594735852	60.67483541422506
0.6146211118703787	427.74041757773625	404.58319695249065	419.0564598432692
0.9114754357700241	86.17249083509162	30.564889618731485	65.31964037895656
0.8470553230684674	258.7530388516951	130.0439490727943	210.4871301846073
0.9834830857943742	1141.9529786481535	52.85182874894895	733.5400474359518
0.8550290376395978	1649.1327407711156	663.8454563475406	1279.650009112275
0.9453175977345474	89.3591689474531	19.41843806066276	63.131394864906724
0.9738175044622374	490.48297263515974	39.16488349889019	321.23868920905863
0.9156876198936832	1126.0593607903136	271.6111408297459	805.6412783051006
0.5748592768929315	749.798379163014	715.7981297680456	737.0482856399009
0.816176517192247	101.502242485159	69.27040406644917	89.41530307814281
0.5807620240146059	838.9439051550547	793.3583397807778	821.8493181397008
0.8357042379555278	171.50674194275965	97.30502909668567	143.6810996254819
0.607908387279045	1011.351004942056	923.5682513814394	978.4324723568247
0.6961290609272859	263.1544768879567	228.98243467681456	250.33996105877839
0.7340962499821633	919.430623170754	662.8494953483748	823.2127002373618
0.8372528904780733	217.37076515539968	118.32885958687416	180.2300505672026
0.9243391910141522	1719.906230408379	360.04710293828566	1209.959057607094
0.9971033958448247	114.03084848975107	1.2294696430449932	71.73033142223629
0.7308948633288921	243.1690914021321	197.23093699639355	225.94228349998014
0.6490699835754374	479.28475114603464	431.2106924833971	461.25697914754556
0.9890403803828695	2037.6374630303994	59.76306581519441	1295.9345640746974
0.8763358924142081	204.3510046390638	86.54572977517918	160.17402656510706
0.6413263373424261	695.4289997593503	619.2085385332664	666.8463267995688
0.6775133312974364	1272.5504623469656	1032.2070205772598	1182.421671683326
0.8984468833992151	72.23299488071325	30.510801393297786	56.587172322932446
0.6741629348773653	415.0460486523878	362.30472008381304	395.26805043917227
0.9952568143546956	578.8312072881724	8.14295511634424	364.8231127237368
0.7603680533423037	285.6586142391389	209.3593749403629	257.04639950209787
0.810087450540609	533.3656940764176	302.64656518784847	446.8460207432042
0.8138508032023716	160.38562339813183	102.63396583589963	138.72875181229475
0.9132868305659574	64.35376670603779	23.933861444630214	49.196302233009945
0.7870962780249467	374.609976497915	242.7958213190916	325.17966830585624
0.6137079571960231	1189.5193400516762	1071.6258245799984	1145.309271749797
0.7271860897073249	402.12967755171246	314.137140276148	369.1324760733758
0.6626444620979923	1212.7864386810843	1014.2694692646928	1138.3425751499376
0.8618825859866712	1568.2469851382496	604.089411845511	1206.6878951534725
0.6605195394467407	548.7536383150957	481.0580209366017	523.3677817981604
0.7701017144921019	215.18018245624913	157.60584071373634	193.58980430280684
0.9974225010423027	339.0255425455832	2.7511324328752664	212.92263875331776
0.9280034030457545	487.2070965691416	108.28128233527838	345.10991623144287
0.7217232696224422	721.0124467337914	546.5335488785308	655.5828600380687
0.9719977282847797	35.45289056102245	5.08275637197756	24.064090240130618
0.5413575113805128	858.6894466679234	835.2167976199755	849.887203274943
0.9309201997204631	49.14443025476968	15.695783890045156	36.601187867997986
0.5842237083229437	906.0935168404717	851.6452670227484	885.6754231588254
0.8395464116128648	253.40024099322585	133.50068720594714	208.43790832299632
0.9618530505687497	273.9491362301282	34.296568413849926	184.07942329902383
0.9698931667960972	210.45708917472302	21.519376174813672	139.605446799757
0.722618163606359	1233.2505993145776	901.5590383973233	1108.8662639706072
0.6611705371619764	912.9612757116283	776.5885373185208	861.821498814213
0.9672990135598165	927.3437279851605	87.0744639976881	612.2427539898583
0.9371965947078298	45.13033369834948	13.448915227287827	33.249801771701364
0.9454534046532937	114.84060312044247	23.673421553485873	80.65291003283374
0.6535273396987834	398.12659842214435	360.24394628104204	383.920603869231
0.9661984673666786	32.96502935555449	5.877262016375916	22.807116603362527
0.7272109848111559	159.72332615839753	137.3438373838071	151.33101786792614
0.6724225999406657	844.305547095986	706.853129669239	792.7608905609559
0.8889485934609404	204.96493982249575	78.13829906676824	157.40494953909794
0.561611930523134	1078.1729439876449	1026.4552807518908	1058.7788202742372
0.7561397398327782	324.77561799587073	238.1556783210213	292.2931406178022
0.951516214514094	39.285125403953934	9.446996982931386	28.09582724607048
0.7410901979328551	926.5057511394672	653.984544207212	824.3102985398715
0.7447611854914555	507.36975937429173	370.2465599124468	455.9485595760999
0.6284013742444592	1004.2688059282488	894.16886009953	962.9813262424792
0.8805600543680684	70.59184379097383	35.07878216295918	57.27444568046833
0.5541386425115499	1161.222739207871	1109.0981939493715	1141.6760347359336
0.881374439570379	533.9928074022351	193.7600308263544	406.4055161862799
0.755279067450059	400.1835611584956	288.5417028021158	358.3178642748532
0.9917555627883181	355.7500073580372	9.197348677750313	225.7927603529296
0.7072232577822252	663.9877229346872	524.592163655744	611.7143882050835
0.6856094400897721	481.48328893245247	407.25745743602073	453.6486021212906
0.9131099736176236	122.0208268691342	39.67558758368267	91.14136213708987
0.7012402959739109	224.5204813476454	196.44215802111296	213.99111010019573
0.7295324273425032	214.17171072864863	176.70638687476873	200.12221428344367
0.8324654686326677	163.03520389597588	94.84231759885972	137.4628715345573
0.9499109573833456	273.1920501736412	45.06656614733461	187.64499366377623
0.737208276079153	230.83780953476665	185.19796771024934	213.72286885057267
0.9820280876145054	1142.9972054585614	57.59536820349126	735.9715164879101
0.7167498263585195	180.08112590448317	156.2683506289425	171.1513351761554
0.6403068550906847	647.5456857546251	579.6317398342596	622.077956034488
0.9244957010028252	666.2599327410884	150.5270924222085	472.86011762150844
0.7433696112565623	193.49072631786927	155.76611236367845	179.3439960850477
0.8642962408506963	158.50733722687917	76.19043178123101	127.63849768476112
0.961139588695745	130.3541757981778	18.640402993401494	88.46151099638669
0.8164448120012248	1316.530583160552	673.9969916955179	1075.5804863611643
0.8215280556783978	84.56690947188768	58.341074783740495	74.73222146383249
0.7619436315025063	135.6112067723233	108.45819942281629	125.42882901625816
0.583393177665057	880.5640672233984	829.1946435311448	861.3005333388033
0.7198828771843355	439.452282674436	347.1470653065287	404.8378261614708
0.7125597578334532	343.9537857427103	282.16997567539994	320.7848569674689
0.8894142676106078	48.71031751025729	24.844165690840562	39.76051057797602
0.8267137337477583	287.6521655539418	160.1457989404123	239.83727807386825
0.9829798885274896	81.14294141507372	5.548969329390886	52.795201882942656
0.9491419423193729	325.5382361648858	53.313864462931065	223.45409677665276
0.9955485107507327	1251.2329332197082	15.415896657616372	787.8015445089238
0.9408104967264073	99.5878362906086	22.91612604524959	70.83594494859898
0.6786265965941041	1108.378872868065	903.440086522847	1031.5268279886081
0.8135927288571779	324.63663188091635	190.3562952831257	274.28150565674486
0.6680520380430935	924.2555926740482	776.1684829475765	868.7229265266213
0.952859642359362	32.498824950896164	8.155908342032689	23.37023122257236
0.6178828953522512	993.0927729073342	896.8381908178226	956.9973046237674
0.6987947112324818	240.78842939298866	210.21183815039402	229.32220767701568
0.9123431399099142	1088.9428789710078	273.92558128056055	783.3113923370902
0.6690728112494738	431.2114971882675	378.67873609090265	411.5117117767557
0.5871984916034866	1067.5164252067782	994.3313194314776	1040.0720105410405
0.7441082381257373	282.6412948493107	217.83615695359597	258.3393681384177
0.8487083085813599	575.0885851164016	262.4251172169702	457.83978465411485
0.7153512140690212	833.7391144519964	636.2705918687637	759.6884184832842
0.7962398838825604	532.0105832023847	321.3440464677519	453.0106319268974
0.7932607544345011	160.7688889270642	112.3455256095798	142.61012768300756
0.9657662606858199	113.7496848697657	14.676434884274244	76.5972161252064
0.9206664502485422	178.1218321476054	49.65439005282363	129.94654136206225
0.8793914976161189	61.861530366767205	32.06307619892426	50.6871100538261
0.6650884313869895	888.0747345011476	751.3657054259091	836.8088485979332
0.664152786480444	600.1595627532452	520.1308426985709	570.1487927327423
0.9584503642570943	261.4310261278294	35.90311567434445	176.85805970777255
0.7733696906606964	586.6839570035715	384.745409775104	510.9570017928962
0.8582831064636319	177.91641383973285	87.56312193900078	144.03392937695833
0.6374770277123292	806.1511977099527	716.2506798385433	772.4385035081742
0.7243845896915649	416.9131990641958	327.04363315851236	383.2121118495645
0.9291581448883464	1108.5252936557208	224.44209501703097	776.9940941662122
0.6774869333764479	253.32269750550282	228.8947579463974	244.16222017083828
0.933371936380262	95.018230894695	24.8659572626648	68.71112828268367
0.8974929865577264	104.37209747538327	41.13769419568442	80.6591962454962
0.8365053950006355	1521.5381825840268	691.57578088939	1210.302281948538
0.7215798559705696	217.49970067529807	182.6397834508041	204.42723171611283
0.9163842857380702	307.385146035568	83.74504602852596	223.52010853292725
0.6850993389294446	1017.8217027280941	822.5940538140819	944.6113343853395
0.8132963752743344	137.45246784440457	90.26169532062781	119.75592814798829
0.9084365923337296	158.68576260511924	51.97687885367607	118.66993119832804
0.6285389808870808	614.5764593515106	560.4028247424975	594.2613463731307
0.721929258362156	294.30196678032917	239.51149681083197	273.75554054176774
0.7082916401773852	890.1672289339318	688.3817303412019	814.4976669616581
0.550550058030839	910.7473181905533	878.9137422683963	898.8097272197444
0.8617540633907154	564.4760483092381	236.5918039232274	441.5194566644841
0.8507262364452373	122.4023399767401	67.10046988183812	101.66413869115186
0.8231446597623288	460.8398818944514	248.56204386272785	381.2356926325551
0.9671349475308793	110.87470688978325	13.795100162268696	74.4698543669653
0.9209626482625359	198.70105273736698	54.27922313859165	144.54286663782622
0.8881422731341132	234.51713072084945	88.37490826043123	179.71379729819262
0.8546108772959677	157.27526945286746	80.76345568024738	128.58333928813494
0.5605692702599422	770.5455456234052	742.8885933661453	760.1741885269328
0.5245465364534528	1087.943302684006	1060.6600331107602	1077.712076594039
0.9775724464906823	65.68628647193363	6.23717304848196	43.39286893813925
0.5677595601016416	654.5865372639879	631.910459333932	646.0830080402169
0.9008869115035515	107.04446919952815	40.62197286494455	82.1360330740593
0.9372809495024259	39.01799954261055	12.190753936460627	28.957782440304328
0.7993588958370428	122.45203933493691	87.03122373915038	109.16923348651696
0.9756144734503944	417.893419738816	31.60757218149365	273.0362269048201
0.8143941750751927	138.58468618533135	90.4292449420743	120.52639571910997
0.729380585456937	337.99388116489763	266.54724191807554	311.20139144733935
0.8076513938375824	210.46223082452343	133.49583778147502	181.59983343338027
0.8388302157471333	304.80020588283367	157.71091016169564	249.64171998740693
0.7326095878772375	596.2070609120176	444.9117768199105	539.4713293774774
0.7044638261197265	719.6773160458163	569.2026013328286	663.2492980284459
0.7546411983741468	349.7318180464348	255.8262169658332	314.5172176412092
0.7791257584473155	183.66354256900826	132.9488904396046	164.6455480204819
0.9276432591701772	107.22467656070512	29.7538122965123	78.17310246163282
0.6198026878615246	1000.4827022437072	901.0451636146887	963.1936252578253
0.9017161951952243	133.45848249581223	48.25794490712168	101.50828090005328
0.7450498518058799	306.3798685947838	233.6306445370406	279.0989095731301
0.9424326361693403	209.5437216537723	41.27722176956719	146.44378419719538
0.7971237045400413	261.0980216201405	168.8525267085554	226.5059610282961
0.8192727649836232	308.98530992392045	177.2078520800524	259.56876323246996
0.9349275659063099	383.42506673292723	79.02005689659822	269.2731880443039
0.9990645554126297	165.7283609140256	0.5400964661788095	103.78276174608304
0.810884403886562	736.3074833057203	404.7749966347942	611.982800804123
0.8895383435934553	495.67163359621475	168.9050646206416	373.1341702303748
0.5629997248432773	716.7787389211661	691.7892786328918	707.4076913130632
0.8557426789130547	93.26332079003153	52.10321438989557	77.82828088998055
0.7683035794048245	374.1078131210466	259.9654602733802	331.3044308031717
0.9633419568588137	294.22410444997604	35.05502369481795	197.03569916679177
0.586238744350047	599.5727346042872	572.4483495121885	589.4010901947503
0.8391613924828859	424.5613936661346	211.46811998142942	344.6514160343702
0.5789230991021624	769.304889978225	731.1821968962477	755.0088800724835
0.900055738854054	45.054886895937884	21.335534338043868	36.16012968672763
0.8348263851054034	851.0130842023113	407.8173215218231	684.8146731971282
0.7959853887448965	138.36050377299946	97.77567906700644	123.14119450825207
0.7058036395464203	198.35091670654901	174.25483948237508	189.3148877474838
0.6983731525202411	333.63254053395843	282.98431167071834	314.6394547102434
0.9315116700619548	76.90310917887065	21.660259509242973	56.18704055276027
0.8601457329526603	376.12949828459267	166.23110148466213	297.41759948461873
0.7560601145423987	263.25054547902084	197.25962913160834	238.50395184874117
0.6756767005519744	381.4893072097647	334.1995389915891	363.75564412794887
0.9099389625707794	904.74414858925	237.52710385928827	654.5377568155143
0.7977260195524967	115.76224323875648	83.60877102882496	103.70469116003216
0.885418180240181	666.5398516843825	228.79284155438629	502.38472288563395
0.7335621765193725	1297.3884099223528	916.9807568295037	1154.7355400125343
0.9935376727475902	33.554278189021574	1.1240327943578627	21.39293616602268
0.8498752239219873	255.46940328447425	126.37498242868422	207.058995463553
0.8530307192277088	92.79675769098698	52.79447301756791	77.79590093845484
0.624035671993651	846.8250632848033	764.2972053725678	815.8771165677149
0.8805262475018768	56.39090565503525	29.691562801223775	46.37865208485594
0.5392399081532224	1143.6150937717946	1103.8708005434994	1128.710983811184
0.8578316466695984	472.0794427259817	206.9165273491974	372.6433494596876
0.7970349112147553	409.5894793859876	252.64254151791124	350.734377685459
0.5350050037107962	1054.4351928823378	1022.8563018152824	1042.5931087321921
0.9232735015059119	709.3004378373985	161.9314505554068	504.0370676066516
0.6978157555740153	235.9753708562513	206.82807703522218	225.04513567336537
0.7750143457627181	288.5192425423595	201.0020099248483	255.70028031079278
0.6742875187400319	269.8880691640479	243.76078910995136	260.0903391437617
0.8371290107386782	112.43292989913955	67.7284548373819	95.66875175098043
0.8774182362939847	490.1288973914729	185.308421942782	375.8212190982138
0.8818546799661451	233.84356262421858	92.99949557990801	181.0270374826021
0.6887343911183027	464.5358938527507	391.52818387032954	437.15800260934276
0.6467817522707234	370.45269312092114	340.1360350235358	359.0839463344016
0.6636627884551427	1005.2362342459057	847.131562305847	945.9469822683836
0.699731151387917	578.2895092140601	469.0932026112358	537.340894238001
0.7676238646538034	171.19189015092428	130.1039594252784	155.78391612880708
0.9923390541589142	252.31338072594278	6.344765769974373	160.07515011745463
0.7176982742263555	277.81419242936306	229.62609775731116	259.7436569273436
0.7072319311515771	321.93225344177125	268.80932005003757	302.0111534198711
0.6914236488382038	571.589934759088	472.2801440409185	534.3487632397744
0.9810555777878177	188.60299611758415	12.282683918232934	122.48287904282745
0.8529290796206555	985.166295273281	417.6343680926078	772.3418225805285
0.8546535068231833	689.8175153543341	297.8874053640277	542.8437241079693
0.9568238155792911	187.95249886669183	28.145830432355737	128.0249982038158
0.9475021237429191	1360.743157557546	200.04002962601385	925.4794845832215
0.5550094675131547	937.2571113365481	900.8613041573936	923.6086836443651
0.8119907107591524	109.06326819953469	74.88301227778456	96.24567222887839
0.7281811911516242	1271.0287487968171	913.410186036634	1136.9217877617484
0.5888632221770831	605.4417106052687	576.4494660658614	594.569618902991
0.8443654426658983	1474.3909365386546	640.5614614579724	1161.7048833833987
0.6994595282678863	275.8620186734399	237.40741809784475	261.4415434575917
0.8826898686405796	197.31686224833467	79.79587083450323	153.2464904681479
0.9758569118691036	33.62472197533525	4.23529728457631	22.603687716300648
0.8050371679628407	547.4479052456718	317.26449326607616	461.1291257533235
0.970888441796487	1135.0082409387903	93.16058381402968	744.3153695170051
0.5917652298738175	959.3611655866886	893.2594889878047	934.5730368621072
0.575729843528156	880.5502703967635	834.7651459031473	863.3808487116574
0.9018838398659804	563.8165505473182	168.51771630963398	415.57948770818666
0.7494961369632654	616.6516361500236	436.7308763863149	549.1813512386328
0.6364972803444984	1070.2664364866416	939.3960666823862	1021.1900478100458
0.778455032165102	197.9060006135051	142.24590042465076	177.03346304268473
0.9763946283250835	1034.600170635854	69.3229131665521	672.6211990848658
0.9661740312338367	104.84051507192265	13.57752070250939	70.61689218339268
0.8130197329446596	1332.344401378697	693.2819968412359	1092.695999677149
0.6523812095194734	327.62930443484436	301.18120471878206	317.711267041321
0.6742062392827398	405.7658016342757	354.756194426108	386.6371989312128
0.8478145601383111	89.27090193269474	52.850980763675565	75.61343149431255
0.7084660426731948	201.56887046219995	175.77120293277224	191.89474513866458
0.7687126235383764	890.2514121603957	575.1342298867459	772.082468807777
0.826833151224791	631.7921587802059	324.5565741684686	516.5788145508044
0.7530084686113685	418.0902357097396	302.41632482771394	374.71251912898
0.8552739177533687	74.04229446877775	43.594212086985195	62.624263575605546
0.7954722187534946	1419.1324987259966	797.9587213174007	1186.192332197773
0.659575234061107	294.6728830574813	270.3427783268643	285.5490937834999
0.7744234210943908	371.6877404428619	252.9154814341675	327.14814331460155
0.6780892166595258	274.7297676027305	246.15307123320926	264.01350646416006
0.823996368731491	157.20373784717913	96.07424412737966	134.28017770225432
0.9372075503465591	420.3192425292292	82.6687209769427	293.7002969471218
0.9854381002540276	1366.2449326272495	55.045491388614096	874.5451421627611
0.6980354698289511	289.91451385272165	249.09709983022748	274.60798359428634
0.8451246817165727	400.6261913757552	193.76092788551088	323.05171756691357
0.9502553103562354	50.76126732519066	11.544075996752412	36.05482057702632
0.8429112167437605	1595.3070269369318	695.6195964754443	1257.9242405138739
0.9575362618123803	36.857852183324646	7.93134860908777	26.010413342985817
0.9620279973533739	53.635389717889694	9.143419755597158	36.95090098202999
0.7630557932404991	504.40625066302675	347.42635324064497	445.5387891296336
0.7437605874391809	183.36684383200352	148.42490551734838	170.26361696400784
0.7153954925689762	443.40953288184704	353.8695798560929	409.83205049718924
0.5879953175196384	790.8746244190867	744.811294911828	773.6008758538646
0.8974165098941413	59.320529092411526	26.581958084086004	47.04356496428946
0.9565301642843219	461.49423480732054	61.92781167633956	311.6568261332027
0.7425075968259515	522.1419697230203	382.68272978311626	469.84475474555626
0.766026387620243	1383.9260018108423	876.5665390052379	1193.6662032587408
0.7179450155067911	285.7547556334681	235.42419376838825	266.88079493406315
0.9738449244713188	1667.9723113678226	119.35053956631305	1087.2391469422564
0.772339479212374	1443.070742097323	890.6484924320015	1235.9123984728276
0.8274973695794247	109.83820629189302	69.92170927142914	94.86951990921906
0.9183302707350137	864.889029799438	206.5398283267478	618.0080792471791
0.8505694938828327	614.9465386521683	275.5829718287191	487.68520109337487
0.7093668873686323	719.5036031464157	562.5592039650195	660.6494534533921
0.850967874179869	149.3354109917041	79.11111661879008	123.00130060186133
0.9752889779794244	31.39588997030915	4.160633030789043	21.18266861798911
0.5869525688676446	704.1857585555334	667.0696377154198	690.2672132404908
0.9982679722836465	1397.158774280744	6.64643552489224	875.7166472472995
0.6661824153570199	288.16280526355246	262.19963229365004	278.4266153998391
0.9979262403037018	323.46936893754014	2.1263832289887716	202.9657492968334
0.5986407511917871	1147.2584106084414	1053.2468474063403	1112.0040744076534
0.8463377991922157	78.94895437728654	48.39825774072439	67.49244313857574
0.7546841274199916	277.4635029364028	207.64500250779923	251.28156527567646
0.598374600357942	565.7316999413451	535.6668181144721	554.4573692562677
0.9986956807404515	35.0566031198417	0.23254903249494774	21.997582837086668
0.8469675620948217	82.86999989983724	50.08253475430752	70.5747004702636
0.6954788954867669	580.2861959493956	474.93694692008705	540.7802275634049
0.6374102374018693	1149.151763058865	1004.0247538270078	1094.7291345969186
0.8969447300241951	375.80356430669116	123.17558614024362	281.06807249427334
0.5702786036187023	648.2107437237825	624.8229622001969	639.4403256524379
0.8756464400130748	101.08968180268899	48.338802099003615	81.30810191380698
0.8560437018025441	87.91028640266208	49.61121874796088	73.54813603214913
0.7013222391753908	1284.2832625011306	988.6454261083396	1173.4190738538339
0.7499343025622741	951.7766458758721	652.4359944460058	839.5239015896723
0.7993074317633663	290.56763569849164	183.94070486715364	250.58253663673992
0.9901774258834478	229.87580609569412	7.5067377867791265	146.487405479851
0.9736726533125558	508.195098145536	40.65734730246456	332.86844157938424
0.9400831831825075	323.8436465456469	62.64741887842564	225.8950611704389
0.8528925465019276	140.3219478546649	74.18001537647064	115.51872317534205
0.9873957038224561	33.564973976299896	2.198765882096751	21.80264594097372
0.8498953707926062	173.8758669960673	90.6130359421617	142.65230535085269
0.9417102671060458	1579.474987827059	255.50027096623876	1082.9844690042514
0.9506703623151239	298.04112036514766	47.873508623770164	204.2282659621311
0.8353950474496855	318.4985764742553	167.2021821117445	261.76242858831375
0.790553269564074	486.87374285084013	303.5671242802846	418.1337608868818
0.8248084780523739	756.7710549658422	386.9713116186425	618.0961512106423
0.9025085111335981	396.35624603077883	122.18822149052212	293.54323682818256
0.8382496849779159	78.14948919445506	50.29081561524343	67.7024866022507
0.935043369738504	549.0440381055879	108.60807641905637	383.88055247313855
0.7694021284637907	431.45031379076454	294.7379071269471	380.183161291833
0.7194264982226422	521.4295026638521	406.9317206943176	478.49283442527667
0.8126195238104265	137.3172569827215	90.46671190103412	119.74830257708872
0.7222015741427288	720.9702611574447	545.8227621563375	655.2899490320295
0.982888073739145	984.9931720312113	47.86827079698105	633.571334068375
0.6462405092541939	542.7424787810622	486.5938824646706	521.6867551624154
0.7946876682281144	1113.2236327784465	638.5211770082681	935.2102118646295
0.8676371950536141	58.444833709958786	33.59303245452524	49.12540823917121
0.6361986710107543	374.4140283442832	348.3443015643552	364.6378808018102
0.680150037046566	397.6185227671987	344.5018036081437	377.6997530825531
0.8425904760816552	185.5843286103759	100.1124151697832	153.53236107015366
0.8926710681299846	69.6529185345799	31.320131826531313	55.27812351906167
0.9038345964375631	131.09610069850302	46.54006273536286	99.38758646232546
0.6018378855468396	869.0242507407671	804.0352759114518	844.6533851797739
0.8069857224992671	120.46128361411988	83.12440131308671	106.45995275123244
0.8844192848054873	92.36592696352255	41.91854299579109	73.44815797562325
0.9966653897190852	87.21583491777851	1.1436807065653198	54.93877708857356
0.6166438288732402	854.8193877179133	778.2861822134364	826.1194356537344
0.9937908627174195	318.2285811845618	6.287670594222163	201.25073971318443
0.8231916283112084	395.87588455598564	216.74181678287013	328.70060914106733
0.7178416021553828	841.1177321848304	637.4863589237318	764.7559672119185
0.9483153942617228	39.71687589808336	10.14844396711526	28.62871392397032
0.9539757571453208	51.90994625470001	10.844886383232172	36.51054880289957
0.8065031331336995	89.6305738812726	65.44612860768984	80.56140690367907
0.9716098621401563	93.81929213630409	10.413698856937188	62.5421946565415
0.6852927719683216	259.9905715640886	231.1625337423755	249.18005738094618
0.6501626893130961	1139.5714331369234	976.5090702975601	1078.4230470721623
0.6854603423841341	289.8994443959466	255.16819763003105	276.8752268587283
0.9052976998200393	57.706873837102435	24.088027259702987	45.09980637057764
0.7548199780273138	176.45078368034615	139.03631242889622	162.42035696105242
0.932449245317004	482.7331181354702	100.69722229546647	339.4696571954688
0.6094878931061485	672.1535326856526	623.9596344295123	654.0808208396
0.5971541041025972	1138.5877006153262	1047.2657398143508	1104.3419653149604
0.8248983810223661	102.98760198539097	67.21024906727581	89.57109464109779
0.6475958626844955	461.6804033581204	417.2406904696772	445.0155110249542
0.5880954193731327	995.9691044878053	929.324710989751	970.977456926035
0.665850804400203	520.0471034639227	453.4443889562017	495.0710855235273
0.7222924004007829	591.9852386764966	454.35290726609776	540.373114397597
0.897152967829491	88.55530662413395	36.1942336501933	68.9199042589062
0.5275024386072024	1049.4383058551355	1022.5263444783571	1039.3463203388435
0.602805541433024	808.5204060270997	749.6111383075653	786.4294306322744
0.7300279241287806	256.42187883513134	207.2993195776204	238.00091911356472
0.9948412319162975	50.08338749687712	1.169611988026702	31.740721681058215
0.8770746208406608	77.24832847785981	38.64336021775119	62.77146538031907
0.979533969422658	44.93650709272636	4.329857075948308	29.70901333643459
0.9981458857025521	170.40328306137152	1.0964840155817797	106.91323341920037
0.7063578064761991	318.83148489470744	266.9534157421297	299.3772089624908
0.6893125110650626	341.713669099665	294.50683331348216	324.0111056798465
0.9668052780497308	1641.55757842398	149.57822557343832	1082.0653211050267
0.9569784951375044	939.5497625320282	116.3755232413863	630.8594227980375
0.6698879715210223	814.1896848295356	686.2342216439653	766.2063861349468
0.6391645011718288	541.629739070835	490.47998821437267	522.4485824996616
0.7817320256920446	577.870857817161	367.65379814910216	499.03946044163894
0.8435981491772847	389.3132920427676	190.62022663192926	314.8033925137032
0.8239342059631485	114.37441817714122	73.59525750184093	99.08223292390362
0.6898581097078642	267.974025835979	235.60685231410577	255.83633576527652
0.6181791623513883	873.3642309365297	792.9201969503061	843.1977181916958
0.8029471312060705	520.4778276103253	305.86412131808066	439.9976877507336
0.7401738333811416	330.07600208183703	253.39135368324392	301.3192589323646
0.7343118988619629	718.0508231126998	526.1217304853287	646.0774133774356
0.7098968471613399	1164.5579739587236	882.8432771026905	1058.9149626377111
0.7994149427537075	204.6549910359473	135.01796934496744	178.54110790182983
0.9307245261531191	132.7267152606529	33.897885879483795	95.66590424271448
0.6779681005226568	542.4228807338482	461.7076460413025	512.1546677241436
0.799940357549347	370.39954457094575	227.88996965262743	316.9584539765764
0.9233666691035193	256.21260628396567	65.47832834672762	184.68725205750138
0.6174571064422049	596.1495471907571	551.7880567820742	579.513988287501
0.8754593836477801	119.71355994714571	55.557189707564135	95.65492110730261
0.9853454380233602	1768.492623563416	70.35823248045949	1131.6922269073073
0.8217636348692373	212.76181151010417	126.0769798174855	180.25499962537216
0.5863191402753715	550.373031625174	527.6128863178837	541.8379771349402
0.9379956246600047	140.2402972235505	31.733082952811337	99.55009187202332
0.8882766260030183	46.720075322118596	24.384861127315922	38.344369999067595
0.7265320418968684	357.7181240468623	282.74433177445474	329.60295194470945
0.8855374285218435	751.3541714868252	254.82237151452662	565.1547464972132
0.8789432162092622	113.67338643537764	51.81823973352223	90.47770642218187
0.9563832287379259	63.820641485902335	11.94186714066182	44.36610110643714
0.9801677932789953	115.37714282670552	8.559285177691095	75.32044620832511
0.93333406805783	317.55335313663477	68.59700626701752	224.1947230605283
0.8944451060584253	71.90085398775874	31.57166746483928	56.777409041663944
0.743032377307328	374.1728188972949	281.6614775080189	339.4810658763164
0.6134200240819316	1090.6058119509833	986.3649886924647	1051.5155032290388
0.7117926503723438	467.79151939245753	374.97074682294624	432.98372967889077
0.6415328383417827	1165.031894380178	1010.9803246775324	1107.262555741686
0.9106896066553307	858.9232421234012	224.63003842433676	621.063290736252
0.75201285667332	173.39812178179366	138.07653531493864	160.15252685672303
0.5416649897759879	1054.2469421772767	1018.5140998046903	1040.8471262875569
0.903349272245227	64.65997133988012	26.731384426903503	50.43675124751388
0.9453886806882079	570.713926013118	94.35778444211772	392.08037292399285
0.8680205356062316	294.1954537956185	126.51177168741924	231.31407300504378
0.9194164373733931	142.1667328720673	41.74955751612126	104.51029211358754
0.7948198741609174	268.2055603854314	174.57210482491405	233.0930145502374
0.8193131569606487	130.2691633568305	83.87929691746726	112.87296344206928
0.6313568610912953	1078.4722712868247	953.246527800422	1031.5126174794236
0.9220526953993615	86.84795017227819	27.099944830650507	64.44244816916782
0.7525451032772593	490.8125974843622	350.6673981119907	438.25814771972284
0.8137604569325264	123.60758721432974	82.39693753891048	108.15359358604752
0.6590190156244213	920.5270657021756	785.5765484775357	869.9206217429356
0.9494115288423283	88.97455320490626	17.89238579897183	62.31874042768085
0.764864106420383	354.48154759370465	250.525285342044	315.4979492493319
0.9325141948053456	588.3664585193716	120.1442720844644	412.7831386062814
0.73234662603742	203.69299432390056	167.8191869191366	190.24031654711408
0.6163863499069605	774.8409941410688	708.8955108054366	750.1114378902067
0.7289372234509108	284.4521389629159	228.23828865170552	263.371945096212
0.7957412965132111	392.5043493241892	244.4458786885981	336.98242283584256
0.8355511864560823	498.28937239394924	249.3819633170022	404.94909399009407
0.9913892917773522	1041.574801571549	25.285359858250843	660.4662609290622
0.5485942121085922	1134.3833549608087	1088.5063143812592	1117.1794647434776
0.8378061314730887	209.00295750774808	114.00687917101571	173.37942813147345
0.6982588759987632	528.3437463566847	432.66181306463994	492.463021372168
0.6194918671884914	654.4172428981461	601.4150419878143	634.5414175567716
0.7550894128542218	904.3348742580235	611.7430517664961	794.6129408237008
0.9925011685309865	85.9170491200156	2.5465520820610053	54.65311273078264
0.5651564501911814	719.9286985573287	693.6096511116602	710.0590557652031
0.739481955920256	191.39909972506626	155.91958561863663	178.09428193515515
0.7395232408871163	864.8003735440909	616.1787916896885	771.56728034869
0.7624203325803324	138.21629160480373	110.06195157623425	127.65841409409018
0.9505164992005779	1574.107822541489	215.64347922992806	1064.6836937996536
0.8719389694393502	885.9725980274004	330.94618114220424	677.8376916954519
0.5213702165763386	1171.4128663712934	1141.661879412223	1160.256246261642
0.8795387522342161	185.6478293192156	77.7229633103015	145.1760045658728
0.8606180245374058	107.57544097735287	56.6279180371058	88.47011987476021
0.6770038454692232	943.1986393112413	778.0023882039277	881.2500451459987
0.7895302006712801	1102.90711068968	647.0827009440064	931.9729570350524
0.8482330521622657	403.8978870685607	191.46974317317978	324.23733310779284
0.627380970614963	728.5152822462992	659.4902282638682	702.6308870028876
0.8651786443704376	96.14271674204537	50.12342885808277	78.8854837855594
0.834439732215695	143.95758202202663	84.44115327262232	121.63892124100002
0.7921345623084398	912.5131347418417	536.8468702211155	771.6382855465694
0.649617932693891	586.0815643841157	520.5097552245594	561.4921359492821
0.8798601431503319	123.88800956100113	55.20583931638316	98.13219571926939
0.5319904035615265	1146.1068438723114	1111.0819289832207	1132.9725007889024
0.6812359739563844	580.9782526348091	489.30363635767554	546.600271530884
0.9416581511788508	55.31814363741762	14.412452640361039	39.9785095135214
0.868863154640926	1158.2563950298033	433.4646730387628	886.4594992831632
0.7602131301058868	309.95151169748635	225.40312372612925	278.2458662082274
0.8104618166434028	765.9767614537747	420.55800825355243	636.4447290036914
0.704777591871201	848.2186892640775	663.4321670771781	778.9237434439902
0.9494860856554365	422.01358453723174	66.57293901080143	288.7233424648204
0.9299900637392056	1593.6591867530926	310.21730160224683	1112.3684798215254
0.6837916410031909	295.1306522757869	260.1553117709239	282.01489958646323
0.7172863116558591	241.76087725133198	202.7801371522388	227.14309971417202
0.9395658444437633	1625.0461415198806	272.07734978613735	1117.682844619727
0.7733503095094434	581.2808341848104	381.5221524138714	506.37132852070823
0.6234992699807295	719.6078679963892	655.0268544873594	695.389987930503
0.5934698074557625	937.9793042202845	872.6405843402819	913.4772842652835
0.7305312845104783	692.592657819723	514.1784776997038	625.6873402747158
0.7949263884304901	744.5345030945917	439.6292902158219	630.1950482650531
0.8265294224925713	791.6380602318096	399.58439545240765	644.6179359395339
0.9808196194635745	52.22616144330675	4.505272411055138	34.3308280562124
0.8651697774455979	199.0243236962693	91.93442250876646	158.86561075095574
0.9392388061134931	142.8873682707308	31.577483320746666	101.14616141448676
0.8400503308734701	84.46468476965991	52.9136821782909	72.63305879789654
0.7944654348220364	97.78163895313233	73.76482485371577	88.77533366585112
0.9088678588547181	52.892822722404965	21.780467208570975	41.22568940471722
0.9372459967349822	293.3754456923888	60.22386959170663	205.94360465463296
0.8848551109414651	132.1401898764761	55.88311938434936	103.54378844192857
0.8038955250202788	183.42845708746205	120.43801892184678	159.8070427753563
0.728939097616477	249.56550191059787	202.87590183207757	232.05690188115275
0.8736813357837018	688.8155827430068	259.4945476387652	527.8201945789161