0.7128900552685742	245.9400524888625	210.9889586668962	232.83339230562515
0.8319717770989643	314.0183413750949	169.74546804525022	259.91601387640316
0.9796166688228424	16.362119327161167	3.3879191253362206	11.496794251476812
0.8265943029858186	75.20340030256737	54.56733161734665	67.4648745456096
0.6877155431316097	418.9212488352116	359.1294442139165	396.49932210222596
0.7932658855622314	366.8553042900411	234.11142699790707	317.07635030549085
0.6442167014637724	384.18356094638614	356.51820860157727	373.8090538170828
0.8754833120498301	507.9874897365039	194.91270169756103	390.5844442219003
0.702012450780694	180.71845134961663	166.11959795338205	175.24388132602866
0.8543709743961704	54.853538792911436	37.66913247411203	48.40938642336166
0.7301736479327645	169.32446914783694	146.78873870291247	160.87357023099025
0.7430247060585932	258.13436231985713	203.98192340058011	237.82719772512826
0.8361380253073429	65.40852805515603	47.1304464108339	58.55424743853523
0.9549006278798763	204.32824428794063	32.014614574016576	139.7106331452191
0.8240844366755249	289.3177662610146	164.78439755934465	242.61775299788837
0.9187082885960798	53.607743408184255	20.828193338606134	41.31541213209246
0.7454151200607443	463.98870655577446	342.3260347407396	418.3652046251364
0.7067796264272435	196.12455305587812	175.79372339385694	188.50049193262018
0.5879883780687261	554.9590023227491	534.9790905061396	547.4665353915206
0.556186428509143	931.0890881957419	897.5485940516223	918.511402891697
0.9865807374479263	263.25635245622874	11.670860738680119	168.911793062148
0.796484334957067	183.4193031917366	126.45861879599673	162.05904654333415
0.7045492112426015	451.70221974111763	371.46818485079785	421.61445665724773
0.9710810702798854	193.5186591936785	19.531040017530657	128.27330200262304
0.9720774597058811	83.33856838549146	9.677425362132865	55.715639751731985
0.8923526643342825	240.87302791100916	88.13761383480907	183.59724763243415
0.8479607498780121	402.83218943395775	192.43680117289887	323.9339188360607
0.9048741076344907	860.9688438588628	239.54212145020853	627.9338229556174
0.6447269847019295	730.4528076385166	647.7972986997884	699.4569917864935
0.842846748154446	105.05937833779383	64.00367871221023	89.66349097819999
0.7328562504454929	619.7344853410999	462.3838380664946	560.727992613123
0.9034555038609876	69.05996544142869	29.368216171564	54.175559465229426
0.6240466109081421	537.7586603000804	499.76840487078283	523.5123145140938
0.9604942812001495	1845.0260464642552	197.60270238453575	1227.2422924343603
0.6313950418076453	986.0002077399515	876.7943147827971	945.0479978810185
0.9060616502527115	1785.369587398388	461.5037335368761	1288.919892200321
0.9021546563280372	38.014349515355406	20.5957390545205	31.482370592542317
0.9766816646785687	278.9537339068787	21.38399965995029	182.36508356428055
0.8045960819659338	217.34106909280763	141.17708892608346	188.77957653028608
0.6233240471186223	807.4860798325171	733.46024975554	779.7263935536507
0.7394541810829621	1012.419229269129	714.0347921922283	900.5250653652913
0.660023808005861	572.3895395298687	503.43209032375904	546.5304960775775
0.9818657403621401	103.60030328330772	7.384735624053619	67.51946541108744
0.8609769574942174	134.60778643041934	69.56450757124688	110.21655685822967
0.5446024034862889	1000.3095386880343	969.4002476875835	988.7185545628653
0.9784557799399268	1732.5554469961462	101.09085262259453	1120.7562241060643
0.817744663595551	336.6100831017721	194.25002929741157	283.2250629251369
0.7082679276035297	774.3428204648634	605.4582368338089	711.011101603218
0.6501852275894408	496.9838484520117	448.27319615968116	478.71735384238775
0.7703492261367411	278.1379513931821	199.94185257927563	248.81441433796718
0.7717171652095763	99.85750746174817	85.35402485659513	94.41870148481578
0.9450958465291347	88.4115111101583	20.01310617284917	62.76210925866738
0.6617314441347494	363.0145122772193	329.80315171711607	350.5602520671806
0.9526911068479039	142.62066341925308	25.014915278433485	98.51850786644573
0.6664166263694418	1029.8625938530104	863.5375448395035	967.4907004729453
0.6501647199092438	862.8809894531156	751.4742050298424	821.1034452943882
0.9288831677112134	581.396306724569	125.50882117744865	410.43849964439886
0.8695201496647884	73.92799094076985	41.322830551520795	61.70105579480145
0.5394406848034943	830.7794147614532	814.2674929904274	824.5874440973186
0.8409281995207664	995.4211836746139	453.8776985855046	792.342376766198
0.9937298090640118	16.33394851005744	1.0114623437057766	10.588016197675566
0.5240914222509916	1180.4820075921139	1151.8698263920642	1169.7524396420952
0.9028694383414558	505.1528163101178	151.61314918061134	372.5754411365529
0.7115326625801369	270.79981061459705	230.44928072335603	255.66836190538166
0.5626039313760994	636.9622966952953	622.7597547252566	631.6363434565308
0.729051233606198	321.3791204885937	257.34005780455175	297.364471982078
0.9409537698801856	1174.074635763121	196.1484844136006	807.3523290070509
0.6136612429235366	1246.7022360313686	1122.4456276934702	1200.1060079046567
0.8947891061846331	903.6929356675912	276.86290876711155	668.6316755799113
0.8687155245594833	93.15951480596638	49.33364285981423	76.72481282615932
0.9650772711495725	544.3968392325366	57.60862987822742	361.85126072467074
0.8972694207560361	1458.715283156314	418.97058081831176	1068.8110197795631
0.6804090637534351	333.37554686298677	295.7287119587028	319.25798377388026
0.8866201833749724	114.16865179816192	50.16784002071746	90.16834738162025
0.7070682547465448	555.9722339467272	446.88785908592695	515.0655933739271
0.5681260455926028	822.8770263150883	790.1434638460595	810.6019403892025
0.8825585622740147	558.5201306473898	200.22975741663936	424.1612406858584
0.774401812467154	249.23505263249064	179.07133327003072	222.92365787156817
0.8001185706129258	327.55242393227695	205.7272091636033	281.86796839402433
0.8054444557054844	129.03892358746856	90.98115859523233	114.76726171537997
0.9482239524033389	54.7671841326936	13.418013675697122	39.261245211319924
0.7507155963843255	178.42429715530344	144.9356191890216	165.86604291794774
0.8918228774093147	194.6049648216054	73.97326667668864	149.3680780172616
0.991562143787469	1184.131259750774	27.712548403906226	750.4742429956985
0.6256837032998068	1143.6348999978054	1017.5446388199057	1096.351052056093
0.7898275715186625	144.44983820148985	106.37684720211978	130.1724665767261
0.9252244867636743	25.418985551959466	13.776611541754747	21.053095298132696
0.7328268439018287	715.245928252902	527.6208207985266	644.8865129575112
0.7263171344359921	359.5752261277374	286.6655983401019	332.2341157073741
0.7690627817627105	241.38866049407306	177.40976383153844	217.3965742456226
0.6661181541463809	506.0081370647804	444.44201875123906	482.9208426972024
0.5371706349643139	785.6933388258516	774.3597509095067	781.4432433572223
0.7259131214143485	1066.0496894609405	779.0980899462576	958.4428396429345
0.5817746776401415	879.3923917264673	832.1612967271534	861.6807311017246
0.9084985421766544	67.56206484604166	27.422683029035703	52.50979666466442
0.6149600325727408	1089.500546012807	985.2981228087976	1050.4246373113035
0.6874125245397049	1069.0184201733562	857.9817415181401	989.8796656776501
0.8253956598323748	71.9412835993833	53.28588565169247	64.94550936899924
0.8092748786889112	337.2844653464252	202.62476513598716	286.78707776751094
0.7996913993450386	97.74325651806663	75.0054697555878	89.21658648213707
0.7748639755769392	870.6361433642369	550.8526912682048	750.7173488282249
0.8914663374822668	285.71129695930915	102.8273666325787	217.12982308678525
0.6481570208340077	1198.642591030284	1028.8493841068614	1134.9701384340005
0.6924321988966942	270.8751103462052	239.96014868320566	259.28199972258034
0.562845722402739	1182.5777784390764	1123.8372981761584	1160.5500983404822
0.6243862628305656	434.2568804773132	409.52088851398435	424.9808834910649
0.9031268776741608	1671.7959513921721	447.93279582263244	1212.8472680535947
0.705915564810709	256.98305661594594	222.73722812375712	244.14087093137513
0.5320298667043669	867.4604930298093	852.7499101293078	861.9440244421212
0.7286999907659593	1379.2336933940567	983.7261526753043	1230.9183656245245
0.8672585881784479	641.4104249032281	255.6595335017548	496.75384062767563
0.8738023818437282	452.50298644472434	178.22122736919246	349.64732679139985
0.898156805739189	424.4655747483309	136.28090571270099	316.3963238599697
0.7741561831460377	1055.3092642464026	659.6602888625714	906.9408984774659
0.8124208968923923	291.5612671989804	175.69802274586624	248.11255052906256
0.7406236212546486	998.4748341910681	702.3885026849116	887.4424598762595
0.7823779103491434	120.86559981262549	94.72432636887218	111.062622271218
0.6232878391346549	353.02094187050125	340.0336541358479	348.15070897000624
0.7564090433901438	1367.2845634953464	894.6895359186818	1190.0614281540973
0.913655338969851	173.7773475050497	53.843965743115824	128.8023293443245
0.9648227061231087	411.09805077301996	45.315743086110416	273.9296853904289
0.7461911915091367	160.25871497925237	134.18246541825272	150.4801213938775
0.7894389050882323	1153.7354820498767	673.9629281354892	973.8207743319814
0.7720134066024839	148.6813672991753	116.2656337876935	136.52546723236964
0.659550553708619	332.38974121709833	305.47130112341057	322.29532618196544
0.8440182822015144	130.423495851092	75.47590341627333	109.81814868803501
0.9928092995308889	106.35496945528581	2.974969675952842	67.58746953803595
0.7979819119914601	888.3584653479252	510.496455869478	746.6602117935075
0.7941322846058941	389.5816004088965	246.0845107236778	335.7701917769395
0.983382509886007	80.10643124594642	5.569859396178131	52.15521680228331
0.9992970578839708	63.49285006972864	0.19807075407437935	39.75730782635829
0.7015381372127255	1107.9887586644168	859.6428106211933	1014.8590281482079
0.8666852506400469	1678.500615599585	618.5998226414788	1281.037818240295
0.6564990452178034	421.925185654629	381.63792123120606	406.8174614958454
0.725316641737531	471.13412567475876	367.17625786268417	432.1499252452308
0.9742135923684001	91.52634397214725	9.579618529773583	60.796321931257125
0.6448981217373088	1067.6314327606983	926.6954854154937	1014.7804525062465
0.7401811972684884	373.2720009103595	285.58436015352737	340.38913562654744
0.5375170088050409	1096.477097126253	1063.9524106038127	1084.2803396803379
0.7715445699205632	105.9583635584428	89.08969762300977	99.63261383265541
0.7612422375360378	164.57891249973963	131.09785929426258	152.02351754768574
0.9857761504964784	294.85158785948283	13.630430642266816	189.39365390302686
0.7736768579608079	179.5327204645787	135.3709086475277	162.97204103318458
0.9950235688533777	303.47707042264096	4.869885150794801	191.49937594569866
0.6137729694379932	621.7344223552305	579.6406045899438	605.949240693248
0.8707584496309239	353.1487606692858	146.65809367722753	275.71476054726395
0.9413794906614598	249.02662088272683	49.30323821367445	174.13035238183218
0.714048214275404	966.3725906035532	733.6155671258288	879.0887067994066
0.6955755999650497	426.40646686898583	359.2654673041159	401.2285920321596
0.7463604902621568	324.08084816477776	247.16228254153523	295.2363860560618
0.8863814226274452	254.44063544660668	97.38625053018397	195.54524110294818
0.6034745870974342	1026.4033145295066	943.5446635061903	995.331320395763
0.9604143436090194	49.663881279269305	9.599589290109769	34.63977178333448
0.9425811198518806	169.83840407054817	35.065932278925985	119.29872714868984
0.6107792362700736	756.6293886381098	700.1732488126787	735.4583362035731
0.9538378224866884	45.40504891041037	10.601089954405065	32.35356430190838
0.9475598647619571	99.48533908554182	20.899107814430998	70.01550235887527
0.8281662538165389	69.30935681842146	51.20940779712934	62.52187593543692
0.8941536014381892	204.29497311395642	75.41081505163349	155.96341384058533
0.5493570415937752	766.1430156075279	748.6923782211896	759.5990265876511
0.7665233276541763	277.7736595441204	202.33937893148118	249.4858043143807
0.8637172341698364	140.46223283004127	70.66774388861455	114.28929947700625
0.8964660690569882	46.775454901167095	24.368920325313624	38.37300443522204
0.7813224695219608	85.31291701447334	74.22084193901755	81.15338886117742
0.5201571066111297	951.3567343732983	938.4144458418062	946.5033761739888
0.8844059269593664	45.544138642841986	26.829928268558593	38.52630975248571
0.5993721246392849	1137.7926207980868	1045.959312677233	1103.3551302527665
0.7308362278704486	457.6134083559644	352.3707110076063	418.1473968503301
0.6645420677734204	930.5525418172343	787.524684212474	876.9170952154492
0.8582578863777021	86.31475409645657	50.06271038000153	72.72023770278594
0.7224727709179792	202.16831063619432	173.93391668657105	191.5804129050856
0.6185569407917978	1080.17293055999	972.8210935100308	1039.9159916662552
0.6147995149263089	489.78270786045056	463.0198678538756	479.74664285798497
0.8525758605058118	387.6712396216245	180.66516785259034	310.0439627082367
0.8514724844295876	251.47169677523846	124.82913751860018	203.98073705399912
0.7189527613698534	304.3619573649866	251.36742615156248	284.48900815995256
0.8381127557473325	800.2127500607064	378.1200935481379	641.9280038684932
0.9653152404123722	307.6304913963442	34.737920768868776	205.29577741104092
0.6791787492295043	332.1019447775854	295.36050600707546	318.32390523864416
0.8571336771850423	85.67878482630084	50.15639930950874	72.35789025750381
0.8378240079711544	107.3077863598144	66.95936767933736	92.17712935463551
0.607291251163257	585.6243239397792	551.8487346766022	572.9584779660878
0.9456887253827795	146.53320616009148	29.392475188823468	102.60543204586598
0.6813818573370622	359.6358972493801	316.2290949359486	343.35834638184326
0.9336547267446209	273.2155375707934	60.463733888278966	193.4336111898505
0.7559917881883734	392.1357192148819	284.6319984885149	351.8218239424943
0.9770122346304262	71.48127927684814	7.109661538430174	47.341922624941404
0.6741482546223296	742.7959384835224	626.325170409388	699.119400455722
0.9984976483613701	312.244102704322	1.504619823265216	195.71679662392572
0.9963689318712242	86.72812248089235	1.2838407415982616	54.686516828657076
0.9253852496652891	725.1664241844571	160.57724630512286	513.4454824797067
0.8291271492991238	930.1826645012515	456.58693848957944	752.5842672468744
0.8827636118281391	1068.8426654609027	359.45474389580704	802.8221948739919
0.8003765638733408	99.32218522120802	75.69507583359986	90.46201920085495
0.7314564027265422	195.5459220640863	165.2681368398554	184.19175260499972
0.8747800421359045	369.2657438514701	147.88508325778412	286.2479961288379
0.9166939872273776	58.41055988438107	22.592592976108644	44.97882229377891
0.9525391586705912	52.39047715499225	11.936279117352122	37.2201528908772
0.9494997448941466	1060.8972297870741	152.5243734108974	720.2574086460079
0.8623454400684087	187.35647316034817	90.49325060511846	151.03276470213703
0.8510877164529576	244.00524171237754	121.93844464625369	198.2301928125811
0.9892691119545964	513.0918346036143	16.65392531874724	326.9276186217892
0.9629456737656371	70.36350796706125	11.380699387617362	48.244954749769796
0.9455145673557801	1700.806252155744	253.94878917889582	1158.234703539426
0.692683262207455	298.51448313095773	261.5763216094588	284.6626725603956
0.7479417133763927	377.28903103107257	281.87589489802053	341.50910498117804
0.6686462216070971	340.55478573775474	307.71809371502434	328.24102622923084
0.6616470613386898	666.7794898594686	578.9105025791137	633.8286196293355
0.7918655198843937	271.8053932095959	180.77819123072047	237.6701924675176
0.9773236900905125	1530.3428638446967	94.80858700555018	992.0175100300168
0.9513670978739105	154.0258616796097	27.375752108317627	106.53207059037517
0.8838246400282527	747.9886953923369	257.5176944031168	564.0620700213794
0.593023296086619	764.6966212876642	720.6864397818628	748.1928032229887
0.6937490418115947	414.9513866139509	351.75312089755283	391.2520369703016
0.7675281211848344	778.6504443853701	510.6868849349571	678.1641095914653
0.9987381590154947	73.49424133819224	0.39454816701938	46.08185639900242
0.9729203351970838	83.29335486455554	9.378863432307902	55.57542057746267
0.982678042933071	304.8724850299376	17.1118999451663	196.96226562314837
0.8281761357271664	228.62915719952747	131.6200439555297	192.2507397330283
0.762797982961684	344.2339439515226	247.74588687248666	308.0509225468841
0.8328905207241668	223.56460756847528	125.90370987786858	186.94177093449775
0.9863068049607502	28.37163043767982	2.4249292263301445	18.64161748342369
0.6213070339930117	1017.2205922540727	915.522244329818	979.0837117824772
0.6117865197699762	814.6212740179801	750.0814792201923	790.4188509688097
0.9916891520826345	67.63004777050278	2.455663166923955	43.18965354416072
0.6272095989433739	1020.807825111876	911.4031927261875	979.7810879672428
0.5781045993219909	822.4976309799067	783.2279751583824	807.7715100468351
0.7522042407029284	119.6841858619378	104.42461963351761	113.96184852628024
0.718552273421715	705.1887168460416	541.158526122573	643.6773953247409
0.9916788492420985	91.49260624658359	3.0703199556834377	58.33424888749604
0.5632001889657701	917.6569065736018	880.4538439181264	903.7057580777985
0.8378748877481104	1386.794729241326	627.1368610749277	1101.9230286789266
0.984912541058902	321.7208779499911	15.598194471154954	206.92487164542757
0.9866180735007674	77.75463024746446	4.382754485859728	50.24017683686269
0.6866025806073612	304.2005485753077	269.18331690096875	291.06908669743063
0.9104258585886905	1106.1737812265435	283.2075764802085	797.5614544466679
0.6580509272341541	302.75294303889183	281.5209540285841	294.7909471600264
0.8767689984687344	997.2496885189529	354.4975476320193	756.2176356863528
0.8037005942273744	113.32877980872232	82.64100569183546	101.82086451488975
0.8556741239010567	383.3305800914674	175.2940337376736	305.3168752087947
0.9052861509337261	131.67640017728564	47.09875149846265	99.95978192272702
0.9627888218696373	81.81362804458264	12.756218928565673	55.91709962607628
0.8542268101738596	1167.9823372696799	483.0999107476985	911.1514273239368
0.8236730541207636	116.286312744002	76.87264819384589	101.50618853769346
0.9762000407260792	123.1419093128466	11.116043897523333	81.13220978210036
0.5149496519662734	970.8914057662348	960.452390744689	966.9767751331551
0.7984673746503081	89.02806757045241	70.40524923779756	82.04451069570683
0.8408507264197732	409.4580530402221	203.83991722502947	332.35125210952486
0.8988529288448946	195.4266926751982	69.47677723972296	148.195474386895
0.8896777448228715	258.0071287712116	95.73897576846353	197.1565713951811
0.7639946586254822	776.4883943510426	515.8066639975364	678.7327454684778
0.778107755222502	174.74608405434412	130.2582993351777	158.06316478465672
0.5095871932748912	1034.8944710062915	1023.7759689710055	1030.7250327430593
0.8794546466729979	808.5423280835181	286.60811989514866	612.8170000128796
0.9347793130170087	1191.5454214540478	219.90082564702345	827.1786980264136
0.7981249170912931	177.02322719852268	121.89385639361834	156.34971314668354
0.9912016109693569	648.5299920794223	16.810514161369497	411.6351878601525
0.7809443275042144	1159.783589392875	701.1886904508683	987.8105022896225
0.8703320173724675	125.66956143376531	61.61433930678315	101.648853136147
0.9071383017647895	1799.566407074538	459.51556786967706	1297.047342372715
0.9731432714370293	56.04900597097007	7.023425699770069	37.66441336927007
0.5364745850025557	869.6267605192384	852.1699991468163	863.0804750045801
0.8135533111098565	96.23266010070645	69.66898808792317	86.27128309591272
0.7403989272364574	1078.357178464969	755.035513069502	957.1115539416688
0.6942231251061396	812.0062384377056	653.5120668728698	752.5709241008922
0.9189766725344679	138.92021902529825	42.09351808445521	102.61020617248211
0.6793317343428446	332.3508763036353	295.4796817850303	318.52417835915844
0.7043912587978941	250.46871003943124	218.45645422324924	238.464114108363
0.8428520907877338	773.3068713877421	356.3398883607763	616.94425275263
0.7453011278799262	779.9958038742554	550.8559508051296	694.0683589733333
0.9685062552120383	55.45812224506653	8.19001795298356	37.732583135535414
0.8349532079105155	234.10468119367732	129.48739955390357	194.87320057876215
0.854179331239182	615.9587083416682	270.04746015715904	486.24199027247727
0.9160062069332807	761.1560996342407	189.02365119328118	546.6064314688809
0.8475817762605238	302.93782890694723	150.24314506683749	245.67732246690608
0.9775711593345191	200.96053754054634	15.597928997270202	131.4495593368178
0.8578377421419708	87.81476912627005	50.85434461701945	73.95460993530108
0.5197497590149063	1026.2080039426621	1008.8384091913548	1019.6944059109219
0.6054310986725712	552.505452921369	523.537935241381	541.6426337913736
0.8627462090231813	273.87875795130594	124.63587881653419	217.91267827576652
0.8098318773413188	495.26654153043063	284.4458343529272	416.20877633886687
0.8403365253691929	164.57562237400214	93.29071485991794	137.84378205622056
0.5877280487625063	579.8033549601956	557.5035006107202	571.4409095791424
0.9540916187433798	293.5507137360222	44.315290905028974	200.08743017439974
0.8741634349098089	1255.1699773852988	446.7741211375985	952.0215312924112
0.8515974093647943	516.9444773537377	234.70525262296604	411.1047680796984
0.8313270595339759	76.50840967494152	53.838461928754825	68.00717927012151
0.9522678155499225	81.7833904372637	16.39615154282872	57.26317585185058
0.7638437250387363	273.1873741457758	201.18735545926125	246.18736713833283
0.8560993741575788	496.13187244315736	219.66807680862857	392.45794908020906
0.7233069484073461	1327.330151883953	963.4058336264802	1190.8585325374006
0.7490300421866743	1107.0586256634206	753.0673901446198	974.3119123438703
0.8392315427696398	69.60896981828571	48.230787584560886	61.592151480638904
0.7111315591616775	298.49575753699855	251.56863386445238	280.89808615979376
0.9746803177051466	200.57053899162767	17.596827716503185	131.95539726345598
0.5885316229049907	1009.5118509888059	943.4583332702275	984.741781844339
0.831866369111793	178.88039163115292	104.82110086029782	151.10815759208225
0.8487775540267533	142.36944083156487	78.75872374278975	118.5154219232742
0.6767548771861526	279.39028793215573	253.9839174151092	269.8628989882633
0.8299750902249071	369.9879973191063	198.1852873143083	305.56198106730704
0.5147801244757403	1202.2801385455043	1178.449126357839	1193.34350897513
0.5404899690846856	1187.6579609593543	1147.08676795536	1172.4437635828565
0.9795359497048689	1847.9275797737548	101.66145176781379	1193.077781771527
0.9224657077300616	95.7804014971068	30.075024429121036	71.14088509661214
0.874323449194259	334.8668225420545	136.245923081105	260.3839852441984
0.6268214818600762	589.3236557425884	542.6556209910146	571.8231427107482
0.5978574311129065	844.8703105755415	788.5273159318378	823.7416875841526
0.6172488132557585	386.54439214006607	371.5266873164305	380.91275283120274
0.8960964382112719	86.7560826131481	37.29340552359707	68.20757870456646
0.5891686366547881	747.2063805270643	707.6406142004757	732.3692181545936
0.9550635340508272	165.72166620948	26.82564062042715	113.63565661358518
0.7410191561316272	753.2569917926683	540.3911984143397	673.4323192757951
0.9803461204991559	17.680846771272257	3.182775573479292	12.244070072099897
0.8443641323094838	159.6560965605797	88.86237666389937	133.10845159932458
0.8371495143604268	111.50550489675894	69.2664282335567	95.6658511480581
0.5786594149623934	1198.1318514662794	1122.5148153586697	1169.7754629259257
0.8108983059935038	94.82588495179674	69.7532247084322	85.42363736053504
0.5523828678581973	859.0572998113785	833.1717458481867	849.3502170751816
0.9164796322190586	42.04189451290149	18.45213379947579	33.19573424536685
0.7953266054535691	1333.017314475639	751.1882862333077	1114.8314288847648
0.8775489203123871	145.08536266053204	65.49536876637372	115.23911495022266
0.7802675014273889	288.611324066902	199.31539158306472	255.12534938546304
0.9614891774386277	776.2169558633996	87.35607187380771	517.8941243673025
0.5875188605663142	747.9556342645421	709.4154648877466	733.5030707482438
0.840448122330202	311.6719807576319	160.74926199242674	255.07596122067997
0.8744649701163187	59.40897100474554	34.2345175938996	49.96855097567831
0.8659175782941858	324.0111688665602	140.96824734364492	255.37007329546697
0.6018505211715555	1024.5689899493977	943.6447068017974	994.2223837690476
0.9606254164829068	330.8051373283581	42.043361747005235	222.51947148535078
0.8933269804869227	76.57060684887605	34.88907451692667	60.94003222439503
0.8622903705954267	974.2067633875561	387.12541463152775	754.0512576040454
0.8870048489190482	322.7744494495913	118.89470625471873	246.3195457515141
0.7028486157355938	241.3687031188678	212.1498520850036	230.41163398116873
0.6286510318600798	931.9482226829649	834.3025325717018	895.3310888912413
0.9833428171948986	15.741168127869617	2.786378163307319	10.883121891158755
0.7580594919470653	271.14519095950703	203.63433059574774	245.8286183230973
0.679354183392683	608.3812039534473	514.8996656788345	573.3256271004675
0.8049410227926224	195.26420366660776	128.6490964268012	170.2835384516803
0.9554244662564833	345.406130337581	49.48935644114354	234.43734012641693
0.974253295770952	293.2770924251183	24.670006238519278	192.54943510514366
0.6139592038264589	1211.8447032554507	1092.020960211258	1166.9107996138785
0.6596232279655921	442.508988373958	396.8302104256778	425.37944664335294
0.9736541997481595	244.1509247184793	21.607554360403412	160.69716083420084
0.6234427851015575	444.9440593175777	419.2995971655749	435.3273860105766
0.7960391642241381	325.74076086662984	208.31333415642013	281.7054758503012
0.8723423979301926	228.87089881274895	99.68040083582738	180.42446207140335
0.8093486127036248	66.58859972834082	55.83421793204747	62.55570655473081
0.6523543927886223	309.73796077515783	289.8830701763751	302.2923768006143
0.8195746234321555	179.98885679117254	112.21634727698111	154.57416572335075
0.9737850942144117	55.806247340232666	6.834166922551709	37.44171718360231
0.7629428420968377	275.66412898470935	203.39359843972443	248.56268003034
0.9191076073157536	286.86958790053905	76.96433878236809	208.15511948122494
0.7120107644963989	781.8222024720737	605.3530557345548	715.6462724455041
0.6422004941582083	670.5873808821808	599.9972493975594	644.1160815754478
0.9261875216075157	601.9657949309851	134.4150561553153	426.6342678901089
0.899526131103149	40.05973417651925	21.717334753123012	33.18133439274566
0.9832809064280624	282.92199520811545	15.472600027619762	182.62847201542957
0.9199929517381802	144.13634228038342	42.821082448500974	106.14311984342751
0.6977303687196079	895.3886828574402	710.4000268124514	826.0179368405694
0.9282191190274126	98.90101291245614	28.533608404581948	72.51323622200331
0.6388604982949456	368.82548509538816	346.03422536787565	360.278762697571
0.9854484909714873	13.987543924636883	2.683894193642077	9.74867527551383
0.587179818904894	897.2360246249773	844.0168313357069	877.2788271415009
0.7532964235946499	143.13871746538032	119.72128440325938	134.35718006708498
0.774149238337449	662.7602699774943	430.10344195049765	575.5139594673706
0.9726253922402008	1927.0628999492405	141.75647912133024	1257.5729921387742
0.686691320106687	863.8301102994532	703.6101113544509	803.7476106950774
0.6570223620981029	565.4113123789149	500.12789764682265	540.9300318543802
0.5929228480792011	902.1404039888165	843.6511399395671	880.2069299703479
0.9996541323188229	1615.1317584596595	1.5064883596643313	1010.0222821721613
0.9640585317434042	27.60614596794226	6.372423748163881	19.643500135525368
0.6398624440638266	886.939163140499	783.5324116968388	848.1616313491264
0.7321730991396654	269.54909329105755	218.2740804849021	250.32096348874924
0.5001851233720872	1165.8803217569537	1153.0950449952336	1161.0858429713087
0.7802362983423068	286.3384029762995	197.95771745837794	253.19564590707893
0.9359113262893602	258.62837419228873	55.71610013022649	182.5362714190154
0.8959003975610667	49.293703524014845	25.2827636360074	40.289601066012054
0.7899035318589689	480.48710663381974	302.143084597338	413.6080983701391
0.6368845239755321	454.78582533594266	420.65261203871665	441.9858703494829
0.5336304149304002	826.4006219908241	813.7714544403808	821.6646841594079
0.5505835692179759	727.4178098617796	712.2718065667281	721.7380586261353
0.9014030511624821	563.8584269884133	169.68072311965958	416.0417880376306
0.9697787414299988	192.6544491561918	20.34368005918202	128.03791074481313
0.8159136535516343	70.88322721190255	55.52114940645275	65.12244803485888
0.514215619628734	1029.190355906902	1015.035678718406	1023.8823519612159
0.7875874323859282	203.75269691296828	143.28781629615017	181.0783666816615
0.9477688184963162	1106.7789886581309	164.06117353740183	753.2598079878575
0.7250765461400384	1042.5566563862913	764.8393872216512	938.4126804495513
0.7223827194516914	426.32744211622867	337.7737355914435	393.11980216943425
0.631660009935877	1225.3076376527376	1077.5629352894737	1169.9033742665138
0.8574163328810444	51.919204505098364	35.739756303654616	45.85191142955696
0.7025002943390953	862.0037051103608	678.182259192825	793.0706628912849
0.8442563248943791	364.4521021046427	180.24390803637775	295.37402932904337
0.7887527634491226	1095.2523506307498	644.1527555609906	926.0900024795901
0.6918339155509979	257.57180282993846	229.750964628307	247.13898850432668
0.9380497434495977	60.37379665029175	17.16933736602064	44.17212441869009
0.9010248023178739	179.11002780549356	63.23094693835023	135.6553724803148
0.9650970895217551	1233.8281799474987	120.42136703550864	816.3006251055024
0.7597790408669017	197.79270745349828	153.94268651013857	181.34894959973838
0.7240079052574624	438.8455124682524	345.34619749226476	403.78326935225704
0.7324751049417497	275.12489417265385	222.0914056414572	255.2373359734551
0.7624785267044802	131.27549919904317	108.44980187929019	122.7158627041358
0.9574464054813249	45.615980500352066	9.791298800336254	32.18172486284614
0.8169418497484627	96.65402497552572	68.78836651639392	86.2044030533513
0.9264570551725628	1317.1047992814904	272.09180106311646	925.2249249496001
0.7541582373363405	1348.2516627389127	889.8070561066028	1176.3349352517967
0.8755509295105188	87.96014564769523	44.885523146110316	71.80716220960089
0.6550587435418734	312.3685551417377	290.8660992560822	304.3051341846169
0.7943452456120409	937.0376655139864	544.6862665905351	789.9058909176922
0.8910783607013488	627.9667493015612	206.37526889688237	469.86994414980666
0.7360914031867513	343.4433439877016	268.03504853639674	315.16523319346226
0.7406180934885708	271.85719104426863	214.96423445812798	250.52233232446588
0.7007940418829572	338.8079775388455	288.34239012363633	319.88338225814203
0.9464677878888575	581.4997911684516	94.17255218117288	398.752076548222
0.8116908974449234	109.82899610894762	77.8147158256632	97.82364100271596
0.8217598702548239	59.86618597253437	49.13176688722652	55.84077881554392
0.7143173336047547	239.71037840097736	205.614296735895	226.9243477765715
0.70861012832356	206.33696119020166	182.82117646124257	197.518541916842
0.8656544631744981	1661.7583452983104	617.5585609202285	1270.1834261565295
0.6636533439924568	531.2014979027527	466.84999398751114	507.0696839345371
0.7682938071091522	126.81305847338287	103.46974530402751	118.05931603487461
0.80188477414025	1498.6480625704103	813.270296695669	1241.6314003673824
0.8273683147539266	260.37064235626247	147.8371057467544	218.17056612769693
0.5859828271199138	892.3718346467142	840.602784302411	872.9584407676005
0.5637751338572852	729.6813177101926	707.0759579529933	721.2043078012429
0.9896199313371732	73.98072930168934	3.275021901269305	47.46608902653182
0.932743688844497	1808.4016595576925	332.8935758041723	1255.0861281501225
0.963996879702594	18.68404474024718	6.008314940955525	13.93064606551281
0.8372222254011356	1154.7053427820856	531.7154289800112	921.0841251063077
0.6718093648443453	414.11294732669836	365.8889372728734	396.02894355651404
0.7407658631013305	257.2783660929665	204.6787708336589	237.55351787072618
0.702947270676807	190.89444939710685	173.345618135693	184.31363767407666
0.9820088927314206	80.20014544161543	6.038791101894994	52.389637564220266
0.9353172045470962	253.28715875038367	55.24738505318615	179.0222436139346
0.7517154389759317	231.49891227025495	180.8046501461282	212.48856397370741
0.8696272664938426	342.09541665098436	143.84986110511645	267.7533333212839
0.8683411187316012	218.75964601713986	98.82035757720757	173.78241285216524
0.9959143162192126	681.1030938090311	8.111462194919113	428.7312319537391
0.8113771872604075	1092.8622592381873	580.327548765825	900.6617428110515
0.7166678628747456	415.67140049131007	334.7893009888966	385.340613177905
0.8987630082284042	388.2642860155427	125.27437146007122	289.6430680572409
0.7822506218809033	102.75415563307702	83.60478842249096	95.57314292910725
0.8008276173841421	187.14384346632104	126.31680768405303	164.33370504797054
0.948535346149322	331.70857072276317	55.25892121835079	228.03995215860851
0.9248622489710245	515.673449764706	119.26097113434338	367.01877027831995
0.7584926170682653	425.8909575070294	304.10712157065745	380.2220190308899
0.9474601514814047	171.6131820186921	32.33189963266206	119.38270112393083
0.9433135451996933	231.17442841012425	44.75564602974899	161.26738501748352
0.6293412618641026	659.0851326831176	600.8528346673671	637.2480209272112
0.9658646437627735	25.78929391999514	5.900532288132657	18.33100830804671
0.9469757832412524	135.64900712248226	26.959987444746318	94.89062474333129
0.8825910201191786	51.801481221842224	29.375715317115915	43.39181900756986
0.810735309202533	231.14544222619242	144.7879315104231	198.76137570777894
0.879843918251897	1264.4016787298406	429.6129768571618	951.355915527586
0.9127204999540187	968.09968142867	244.28224165732746	696.6681415144166
0.5129294495403848	1044.9466701079	1030.6636648489562	1039.590543135796
0.6446055603510908	352.2733325327034	329.2450476680218	343.6377257084478
0.8697323445973862	162.30786417032198	76.19857481061966	130.0168806604336
0.583587996516805	830.9743967100791	787.0577083188638	814.5056385633734
0.5982037427868868	447.17706359516575	433.9455855527087	442.21525932924436
0.9908431342985367	310.59249078717454	9.161411487874659	197.55583604993708
0.8385250089714451	78.9249696389705	52.886852973339	69.16067588935869
0.5336378185620122	986.4477720191342	963.2256546853448	977.7394780189632
0.804908658201521	1486.47403270318	795.8382880215145	1227.4856284475554
0.7158029098262445	531.8469985239846	420.1854142423964	489.973904418389
0.7900262460852971	913.8195660989212	542.1599411903359	774.4472067582017
0.9412936143216404	516.9745484253534	93.10906050826222	358.02499045644424
0.6662257379527556	372.93760888615964	335.5771307984734	358.9274296032773
0.9156201084725568	1479.5817638037827	348.1409707322832	1055.2914664019704
0.6576678010147393	927.3433076952539	794.4353234916495	877.5028136189022
0.8776954349626066	609.0673783397444	225.23686770099656	465.13093685021397
0.9037072852761424	167.22334615551665	58.1411203855581	126.3175114917822
0.9100938323480734	449.9722242345533	126.640511174706	328.7228318371106
0.9990549107081612	362.64611980690063	1.0758151379967273	227.05725555606165
0.7112079441195296	322.7897853010565	269.80002965296154	302.9186269330209
0.8100864887301198	162.8020954067677	107.88471186851028	142.20807657992117
0.7975805241172004	115.41716424458689	86.0366393012779	104.39946739084601
0.6514842097729597	1164.978380187823	995.9395996788979	1101.588837496976
0.6556835536819468	788.450048056607	684.1658120311087	749.3434595470451
0.8054901841914879	207.32028180631158	135.0583663958501	180.2220635273885
0.6417839920732304	614.309665677145	552.9802718856552	591.3111430053362
0.9564797495581602	419.44366686391885	57.20489893186681	283.60412888939936
0.928020768242602	161.52802171661892	42.255833815210856	116.8009512535909
0.7413097268693648	792.3994801863004	565.7951194868671	707.4228449240129
0.9822560427932138	494.8297366042922	26.752715239026912	319.3008535923177
0.8830609411164408	1030.9963835563408	346.93817771489483	774.4745563657985
0.8694003523279076	273.3904723409118	118.63304681197552	215.3564377675607
0.7857835928201837	304.81457623183843	204.7880806328389	267.3046403822136
0.8232120002191464	446.70132141277134	242.78399669363364	370.23232464309467
0.8519215131884005	85.60600178890682	51.82740429806738	72.93902772984204