0.9890246526231146	156.43615272152192	6.034358157832301	100.03547976013832
0.7382535399953569	203.9895837069941	164.84784189985737	189.31143052931782
0.5404661128540218	1411.1455971462776	1351.5719587584415	1388.805482750839
0.5851573935349255	1453.4087848760348	1339.911850810079	1410.8474346013013
0.6473833565534176	655.5144455212012	579.2826856529516	626.9275355706076
0.9043650918019962	38.75810779661331	18.25360107660083	31.06891777660863
0.9307621022267688	54.252500156263814	16.7100405156908	40.17407779104893
0.4738649076783192	1818.6745701568068	1790.8195932175392	1808.2289538045814
0.8078989230739421	1531.2379797390786	806.5302164674891	1259.4725685122326
0.7807000467591947	254.67101665184927	175.55192913656182	225.00135883361648
0.48198470465722576	1341.585788641147	1325.0231164444456	1335.374786567384
0.4913067306281803	1120.1557984885362	1107.2043256778898	1115.2989961845437
0.8727704382330349	1319.5588696280379	472.8690913390756	1002.050202769677
0.9958918433028814	1064.1015208589638	12.188008838950736	669.633953851459
0.6456483660596358	357.37503743973025	328.6719979931345	346.61139764725687
0.8913988490002559	37.848499297920355	20.385101164731974	31.29972499797471
0.8234800075116937	262.86985576973046	149.8321910048254	220.48073148289106
0.6774174850956841	817.7986912492335	678.017695858924	765.3808179778674
0.7962632525873349	166.51977581800372	113.88738792891733	146.78263035959634
0.8640558493618687	164.66916230804506	78.44777324462089	132.336141409261
0.6769762448606824	226.60884341521475	206.45493994062954	219.0511296122453
0.905092643495198	1090.6874538455445	295.9975069400606	792.6787237559879
0.8371353263837218	989.4348829793553	460.7349607672233	791.1724121498058
0.5814993112515422	1170.238311546826	1090.8617520244225	1140.4721017259246
0.49404041391921394	1380.0775759489507	1355.767596819706	1370.9613337754838
0.671677620309746	212.7001676991443	196.793212485148	206.73505949389568
0.6417317898798565	272.20827127763386	257.04779782907605	266.52309373442466
0.9715889368785053	20.604219602154863	3.78237011834093	14.29602604572464
0.9465304459879675	48.2155842924754	11.844947076501963	34.576595336485354
0.446180645517583	1746.5931313601382	1736.1082725706915	1742.6613093140957
0.9833674882046475	42.72976501821063	3.355448618147861	27.96439636818709
0.9469272835089498	591.6772917663442	94.27543363855366	405.1515949684227
0.6871766843549664	2125.163393064481	1644.1378324278187	1944.7788078257327
0.9561620921351082	134.35147079765545	21.46853046611818	92.02036817332898
0.5580316279826614	564.6082438977621	551.7513699881476	559.7869161816567
0.8364073910593305	406.3304433851621	205.85011459708846	331.1503200896345
0.6293441986342523	1043.4584889483874	924.6651580701556	998.9109898690506
0.7065109242584072	2195.110601329079	1619.6394348461308	1979.3089138979735
0.7444719563962608	2181.970171222447	1444.7834860146345	1905.5251642695173
0.71969578005342	695.7966988519825	530.1782451638339	633.6897787189267
0.7932373274586992	126.48057823668971	91.15428948916262	113.23321995636705
0.7479493924346388	102.56562280981842	89.16855220635469	97.54172133351952
0.746361127211244	421.77992386203096	310.2072287990118	379.94016321339876
0.6555782711563881	1056.017122799193	898.4137747933256	996.9158672969927
0.6839240752667956	396.6649489688894	340.5121398971674	375.60764556699365
0.7140538874894355	195.26549479785672	168.17550376861857	185.1067481618924
0.6850666978446839	266.4372686242065	235.7355688228204	254.92413119868672
0.9120872140039404	235.12971028365249	69.46461585844176	173.00529987419847
0.9540449502887773	3268.344278879443	393.78668028503716	2190.385179406541
0.6522192999545401	223.65730445280408	212.2792129437514	219.39052013690932
0.9328057606064506	42.00290868470586	13.544049474967512	31.330836481053975
0.8831940002037958	215.02215703032607	85.17378746877309	166.3290184447437
0.6780804157980603	1771.8436058626098	1409.5151715308557	1635.970442988202
0.596842988853634	433.5863286864238	416.27144691197714	427.09324802100633
0.905362432138133	177.82291934892356	58.841352629068844	133.20483182897803
0.6557684228353834	233.66019418341472	219.4959695887698	228.3486099604229
0.9034864885334092	222.62580737192465	72.72089075472368	166.4114636404743
0.6494999580401853	243.9012324217855	230.23640151924297	238.77692083333204
0.6566566260392943	195.4969478928427	188.1544010863917	192.74349284042358
0.7916376372649266	93.19825654914348	71.25740170832617	84.97043598383699
0.9321409516649906	21.36989801039857	9.398632849989912	16.88067357524532
0.87214415749332	48.18087967502323	28.029815650973283	40.6242306660045
0.6405156207962266	2149.0282952059715	1817.0695390739747	2024.5437616564727
0.8268061446027798	53.89475919781285	40.230266872389784	48.7705745757792
0.5207608422047934	1384.7523611530428	1342.9514817522545	1369.0770313777473
0.9831715325078669	1639.305567712766	75.02134325313887	1052.6989835404058
0.8226618873711283	60.26081901223264	44.4577193271517	54.33465663032729
0.9358359765621316	42.37783900771326	13.009563011455693	31.36473550911667
0.9506060897862165	32.15593091123167	8.364017234173156	23.233963282334727
0.9446257003410795	45.91953199387427	11.856609460994594	33.14593604404439
0.8939719573959941	30.461149976536237	17.54813601924867	25.6187697425534
0.9113694465098389	121.72727160954494	40.15705078664405	91.1384388009571
0.7105359291986071	521.07653584263	414.4937212761608	481.1079803802041
0.8064234844925185	125.46230695892967	85.74007347342513	110.56646940186546
0.7751964256215028	814.4148295059817	515.5305176108975	702.3332125453252
0.9404261512901068	69.1812761568628	17.22795890081968	49.69878218584663
0.7155837181385911	513.0238599996603	403.6493066551591	472.00840249547235
0.8575386479737851	323.45149099735403	147.44437830971663	257.44882373949
0.8882961511098533	64.13363722509833	30.323659207335496	51.454895468437265
0.8134358094892684	355.6987565087151	205.97970789900052	299.55411328007216
0.8725322352843276	1010.4345649750624	370.34425328524867	770.4006980913822
0.6800457796828397	246.71618004693744	221.78037123514304	237.36525174251454
0.7253882170661028	227.43359421810496	187.67966266664982	212.52586988630927
0.8898471795526686	51.15743143797242	25.33553173218951	41.47421904830383
0.7474076426504579	114.0952413448321	97.39490880119375	107.83261664096773
0.6141001457201007	596.1447853082827	552.8999320677667	579.9279653430892
0.774465556338854	196.0859570430952	142.52406349727667	176.00024696341325
0.6689598612645081	875.5439780575675	734.7171023357348	822.7338996618803
0.6782083633602832	752.0628903591903	625.6214631553919	704.6473551577659
0.9092679460331676	2245.2177844473017	552.384087897688	1610.4051482411965
0.7957772982560439	126.62976982231649	90.3312004421386	113.01780630474978
0.9958771905231838	34.7251348330126	0.7211988798034561	21.973658850559172
0.9950385137904875	16.3589097136162	0.6020233310990291	10.45007732017226
0.7995680522326911	78.37781415516109	60.17545498686984	71.55192946705188
0.8432375414094214	1575.1345271111818	683.5568588500632	1240.7929015132622
0.7752232921592157	200.1647176108117	144.73797743527894	179.37969004498692
0.710928652141626	196.2464049691919	170.0839676586027	186.43549097772095
0.9898274894376508	30.940119225738684	1.661462510835145	19.960622957649857
0.5354697138966964	711.4919774269147	698.3638552563459	706.5689316129514
0.6360274347076097	948.9696159769092	836.7129288663789	906.8733583104603
0.8794219131030148	31.539583481173946	20.4210990225864	27.370151809203616
0.794679884063379	153.61299440432015	106.93148074788552	136.10742678315717
0.5622434730579257	1017.9159724627231	969.2853259776615	999.679480030825
0.5754808700170678	1696.3183566511543	1570.860924158565	1649.2718194664333
0.5670492942518262	1388.2147604870893	1303.5657634294262	1356.4713865904655
0.9718293094238681	3728.8887279523365	272.262599852264	2432.6539299148094
0.5244781182998152	927.1903720757366	907.2245005795282	919.7031702646584
0.5386468310642413	1270.6046786654865	1221.9308418909004	1252.3519898750167
0.7600564306873306	129.62316736120368	104.44185153188675	120.18017392520984
0.8227456430069342	1633.170188466529	794.7199870127524	1318.751362921363
0.8395832320273827	1671.500323462431	738.5649081384609	1321.6495427159423
0.9915094536992741	144.58422504613173	4.365316736930808	92.0021344301814
0.6042952928686934	802.2414039212584	741.703618180408	779.5397342684395
0.8243261248290265	102.77581219271467	66.86902835131677	89.31076825219046
0.7174270172273767	1180.0361365650695	874.7220180418637	1065.5433421188673
0.7014629607033355	385.5204121316578	320.22173241827585	361.0334072391396
0.507427251471005	893.5115861713817	883.0139980815235	889.5749906376849
0.9937507467942268	307.24813788798235	6.111506599911763	194.32190115495587
0.4718566163498599	1657.231091085941	1635.6994803833127	1649.1567370724554
0.5552908978462912	627.8796222071479	611.7058119670486	621.8144433671107
0.7263902135732015	387.81797931195786	303.6594071717018	356.25851475936184
0.8267672198283857	1671.5590388537662	794.7777229032813	1342.7660453723345
0.9301992798022989	84.84640603378091	23.658812053872584	61.90105829131529
0.6181227076329384	1498.6342614797757	1328.1042625642497	1434.6855118864535
0.6460519763300867	463.240525447092	418.5765932435069	446.49155087074763
0.8121037203984495	341.5121026050811	199.87573400409536	288.39846437971147
0.7210293654494392	160.88534293263456	139.60844131720899	152.90650482684995
0.744840513002484	146.81874121447007	121.43276551199126	137.29900032604053
0.7733205312389722	1071.7178549508594	669.9155236489652	921.041980712649
0.6951141364712635	1371.1138754849521	1064.4865821316062	1256.1286404774473
0.9440542194395296	21.884473289166444	7.754000504400212	16.585545994879105
0.5412788808607868	1898.4247625052858	1803.1655475158673	1862.702556884254
0.6346515746183286	1167.4795497403697	1021.6842460262915	1112.8063108475903
0.9489002763011448	60.62397155693124	13.363672295693167	42.90135933396696
0.8795812112691732	141.55336807196832	61.47889612233203	111.52544109085471
0.8542975650310664	795.9966687963579	339.10398997158774	624.661914237069
0.558390273059769	672.0910498729556	651.5273665643301	664.3796686322211
0.851568560415235	38.55973280174585	28.16484082183508	34.661648309279315
0.8443371415102019	97.2198931962898	57.38815996232961	82.28299323355473
0.9272529486693545	222.33539800682698	54.73863761815724	159.48661286107583
0.9538819648052128	30.660503852635895	7.583279218716793	22.00654461491623
0.8476776857267049	210.75979347520564	107.9102671440528	172.19122110102333
0.7541930055301147	199.68802121277486	154.64033299396044	182.79513813071947
0.8304139745913535	357.1594869751791	189.6176982378546	294.33131619868243
0.9580515029132247	1357.3712651802116	158.34669640746063	907.7370518904299
0.8947766641760952	66.19449732900821	29.309841576695323	52.36275142189088
0.8324255162205207	274.2580843431672	148.36712732611971	227.04897546177438
0.5979952086273478	1571.6789484675453	1425.2147903106177	1516.7548891586973
0.6427660764955934	885.5083634564287	775.6725496935135	844.3199332953354
0.9272510097880716	20.651467934711384	10.019493074104409	16.664477361983767
0.8943245340018516	814.2066718427391	252.32693251358086	603.5017695943047
0.9087335338207793	40.731609269079534	18.00488027802443	32.20908589743387
0.6208586363529133	832.6193616612595	753.8368671916598	803.0759262351596
0.9067916778548246	274.25372897507816	84.16226062396348	202.9694283434102
0.7862238346470425	83.43990452613713	66.61413905234033	77.13024247346333
0.9460099098240934	329.8178110696242	57.085951317358536	227.5433636625246
0.8156784082425999	506.5827142032367	280.2488116873212	421.7075007597684
0.8898476585924968	333.19020912209976	117.84609692038093	252.4361670464552
0.8057687244511896	70.50036195926337	54.04064529265533	64.32796820928536
0.9689024079044155	87.11168966464115	10.693332602414962	58.454805766306336
0.6728834602391446	2107.8004755510315	1681.6303868457262	1947.986692286542
0.9987682961881936	329.10342354320835	1.2740797754759683	206.1674196303087
0.9343874236071741	21.15930696198483	9.037769986876366	16.613730596319154
0.9732878927062283	1372.0089702816442	101.21463674271831	895.4610952045471
0.7664949681571487	629.0965412821461	419.3008912901551	550.4231725351494
0.9072152197532661	49.27072486848751	20.857838135114385	38.61589234347259
0.8288258125309769	70.27797461041197	48.325730419611915	62.04588303886195
0.7801303603406201	71.35055937948042	60.6640728287961	67.3431269229738
0.7799736747848882	78.80391345999188	65.25724267715024	73.72391191642626
0.7870185630785458	296.43530477214716	196.21761366493314	258.85367060694193
0.7948321145701399	1609.8946421937271	897.4080015282534	1342.7121519441744
0.7483305111794467	220.56337138601734	171.81999643421656	202.28460577909206
0.810337382499761	1753.5157567209462	904.8068613777183	1435.2499209672358
0.7917542084792134	172.45554556781835	119.52674294906026	152.60724458578406
0.9083057540813895	44.50027554666795	19.201727461616642	35.01332001477371
0.9027291917118576	162.5559707509149	56.034413895377234	122.61038693008828
0.8654925139938952	1406.9719340042295	530.0934096970709	1078.142487389045
0.8640612846954849	90.04417632261018	47.609626031280555	74.13121996336157
0.9231387272814578	852.9800471786069	191.1225870217503	604.7834996197857
0.8591778282675516	447.86504620010095	194.87349804002457	352.9932156400723
0.5927993806757237	470.1266206656883	450.95694388301376	462.9379918721853
0.8646760869553063	595.022107717246	242.22988468467003	462.72502408003004
0.9514305593592317	190.06824940507954	31.84177971295709	130.73332327053362
0.8995395790045027	727.8410321052694	216.56735967240817	536.1134049429464
0.7866034811723089	88.3417161877474	69.58674302620663	81.30860125216961
0.8830717232072923	1055.3507869441185	353.9112443511926	792.3109584717713
0.9820108645057005	61.82636122246258	4.732178011001153	40.416042518164545
0.6025936601813106	1383.6973661539262	1253.902149089586	1335.0241597547986
0.9189669449337855	589.5667935466142	144.23140026285452	422.5660210652044
0.9022770259861841	34.59796633735279	17.367913475364745	28.13669651410727
0.8116516231440124	92.84138298505894	65.35372254517432	82.53351032010221
0.9694005980491892	52.15696546337985	7.135782697063135	35.27402192601108
0.96845457011671	31.569842865088624	5.257705418912378	21.702791322772534
0.5987619230084877	1387.0770085877448	1262.3719605946735	1340.312615590343
0.9665541019928127	51.692530538159176	7.755676601752636	35.21621031200672
0.797717868350755	558.7124830347587	332.8319527309426	474.0072841708277
0.810911685478109	169.9935356155363	108.8503405436443	147.0648374635768
0.9946768600569887	404.40504730675593	6.611458559833693	255.2324515266601
0.936815547018686	255.29102660592082	53.51432233864885	179.62476250569384
0.7477878496138647	116.83966029211356	99.22640317962717	110.23468887493117
0.8226280049847792	107.88284454404925	70.17121493186812	93.74098343948133
0.7473637106620075	182.11462125514657	145.45952693749	168.36896088602538
0.5858754434522144	619.5404753525086	589.8516088598515	608.4071504177622
0.5758855429822087	867.4884393320464	821.6338012935627	850.2929500676149
0.7754062519950454	757.0346797644311	481.4631147879566	653.6953428982531
0.7611578381292502	752.8127872984828	504.1287744365286	659.55628247525
0.8637630066693625	67.83765919644172	38.22343418773556	56.73232481817691
0.9600197276875235	783.3590583369362	91.20772964464362	523.8023100773265
0.8797769234434407	92.68192701599389	43.36305418027991	74.18734970260114
0.7835561785118659	593.4002765171191	372.9116940826062	510.7170581041768
0.7364441575795417	894.0268258662802	639.6642781449941	798.640870470798
0.8531360010547385	248.34227025638978	120.28553365074436	200.32099402927275
0.9188863866737681	241.19609533282417	65.5172979908177	175.31654632957174
0.6988379901666961	920.7406699217738	724.7865221176128	847.2578644952134
0.527218720158719	887.9946342723998	868.7699862372236	880.7853912592087
0.9362712011570751	32.58877611729053	10.905294145192157	24.45747037775364
0.8175372187727311	461.3504348404539	255.12194791347508	384.01475224283683
0.5858017940490463	1721.0985913059421	1576.724157406159	1666.9581785935234
0.7031270444730673	566.9421735133062	455.9930573958953	525.3362549692771
0.7786394089279443	779.9631332365782	488.8621875285209	670.8002785960567
0.8509030050060256	197.00626114956776	99.78121543533462	160.54686900673033
0.5254242161055371	1336.5520438947917	1293.9713879321814	1320.584297908813
0.6853696421388604	174.21873790600773	161.1585926739018	169.321183443968
0.6630263027284006	440.69244826434937	389.39813062153695	421.4570791482947
0.9951792625857069	1463.4520768806663	19.20918186740346	921.8609912506927
0.5037854999669377	1753.3529119957195	1706.247540856057	1735.688397818346
0.5356139848083226	672.9045024595109	662.092360419613	668.8499491945491
0.6951546886703112	869.6254482544898	692.5584131089493	803.2253100749122
0.7193338742122131	219.02778985618892	184.09191710365366	205.9268375739882
0.9620008247359514	242.2789043506239	30.585096660905464	162.89372646697947
0.46454931524133286	1584.3326266596694	1568.851991152222	1578.5273883443765
0.9950553431101621	395.6713915715071	6.024354313404245	249.55375259971856
0.6306643656909313	307.01798641847887	291.077969363113	301.0404800227167
0.5110176363376511	895.8423070640631	883.5740518590765	891.2417113621931
0.8878891056749564	38.36196831951335	21.213225834189377	31.931189887516865
0.8939510334593479	39.267313503720295	20.385230204063106	32.18653226634885
0.7628073329703472	132.33928719012692	105.39660467913559	122.23578124850519
0.6317595001018871	881.9458164863439	785.039217204741	845.6058417557429
0.6233765488436744	1000.8532645512805	895.7241128145158	961.4298326499937
0.678262625216031	423.2811249358595	365.4385283987992	401.59015123446187
0.8271981763325416	1251.6440551153592	605.6443644243432	1009.3941711062282
0.6797484091982503	292.5009169174943	259.14694811036014	279.993178614819
0.9133041344076002	2111.5583426672715	498.11612347844414	1506.5175104714613
0.6233285784672622	594.9164714105641	545.9231108420668	576.5439611973776
0.9288568914713664	111.0887182969999	29.92011922257967	80.65049364409231
0.8335012653775328	53.07919629456205	38.39006995994595	47.57077391908101
0.6411576643987172	297.0805481759061	278.67461239122645	290.1783222566512
0.7573650520476148	293.78236734953396	216.0533835252245	264.6339984154179
0.8634131773597776	275.29422118736613	122.87094498363265	218.13549261096605
0.9433287088707463	419.9243335728281	74.20848090258013	290.2808888214851
0.8468043917343643	806.226960440086	360.05713816722323	638.9132770877625
0.9237653658620515	153.7628712898298	41.949178881067496	111.83273663654394
0.7479860786938115	86.73502160902888	78.82466354106475	83.76863733354233
0.6708825502971552	914.1666576452063	762.6255413814246	857.3387390462882
0.8946994443903524	86.56241333539027	36.124171927362625	67.6480728073799
0.8431786894841563	180.3896843244596	96.92873453972959	149.09182815518585
0.7439206650219414	132.593395270963	111.56818385460804	124.70894098982988
0.955370999792504	407.6922526197352	56.74738082901152	276.08792569821384
0.731713917770267	1655.2245030808149	1156.867655505222	1468.3406852399676
0.8293346517819138	1204.4579243322326	577.6249201412252	969.3955477606048
0.7526769735041053	212.7593757851287	164.30301144634566	194.58823915808506
0.9616096216908337	943.8432839454327	103.74607580986537	628.806830894595
0.7666966068979135	132.84710310990687	104.44272122562865	122.19545990330253
0.7921785394305254	88.09680422749105	67.9672698777992	80.54822884635661
0.517295549544557	1588.5049873222904	1538.414761213838	1569.7211525316206
0.7899885201341255	1012.2236689759195	594.5053400035792	855.579295611292
0.818815970547618	84.35867674167542	58.55381775942007	74.68185462332967
0.7683642460609191	233.1382545126137	169.54555571098356	209.2909924620024
0.606298053983883	1407.777317998969	1269.3513740360445	1355.8675890128723
0.8839924459675254	1517.3568036629379	490.9289521633243	1132.4463593505827
0.7245795299241976	144.11699979655882	125.88114301156493	137.27855350218613
0.5728221948429224	1224.232926845062	1148.4860487800786	1195.8278475706932
0.9168223889176468	287.10913523019366	78.16689614645391	208.75579557379123
0.9417098808216835	65.06405148029195	16.08701279026748	46.697661971532774
0.9154008573963894	49.072933549807104	18.98345640329894	37.789379619866544
0.9220504355196806	30.014462536612818	12.732574463656462	23.533754509254184
0.8006894663842719	1149.7061088126386	638.6016282982519	958.0419286197435
0.9612597549241306	26.532691625743674	5.855103387888526	18.778596036547995
0.7394471184496372	579.0922197528529	423.6505800948317	520.8016048810949
0.5502164230739242	1525.5473527187637	1447.9388758146843	1496.4441738797339
0.6564257560294638	1261.1037707564235	1062.1778640114205	1186.5065557270473
0.9312517163590496	283.267154745735	63.77709258335004	200.95838143484065
0.8775682081861612	309.47483833157014	122.49326123917317	239.35674692192126
0.4934017714780112	1232.470884934315	1214.1958247732287	1225.6177373739076
0.912710893669541	92.24000079122456	31.590916581570916	69.49659421260445
0.6055195988979315	456.19464972583285	433.03971718026366	447.51155002124443
0.8212209498158186	499.91360057843997	269.310004555221	413.43725206973284
0.8955658111811858	108.93698683611248	43.10947877745044	84.25167131411422
0.6274876372016512	618.6998814077816	563.6826328913099	598.0684132141047
0.6010154406125613	992.4404791185856	912.6234083208225	962.5090775694244
0.914737939271326	150.8658083901015	46.17207370341566	111.60565788259431
0.8867972710244819	42.68292083534895	22.95216619227604	35.283887844196606
0.9309885849684221	853.9317993142113	171.5944118504185	598.055279015289
0.9973025552972536	10.81370981647742	0.33140643991061847	6.8828460502648685
0.7139068937718739	159.27824753391684	140.64877967352146	152.29219708626857
0.8107555530987742	1179.9082276984832	624.0262635800923	971.4524911540866
0.7366797675143979	218.5334200514702	175.99185096541376	202.58033164419902
0.8534801376096031	126.9813163361304	67.62516571498698	104.72275985320162
0.45701071510113495	1810.516724364064	1792.7036650645787	1803.836827126757
0.7237619034888763	160.98447825713058	138.79166919754616	152.6621748597864
0.9067130102513065	617.9025259850437	173.39967946046585	451.21395853832695
0.6207340489564019	1466.1067341631572	1295.8529230530337	1402.261554996861
0.9121814948778808	776.8679850891875	200.78779385509245	560.8379133764018
0.8491412796280517	371.2278641002731	175.94791736902232	297.99788407605405
0.5205609780940065	1467.9168429130796	1421.742081193207	1450.6013072681274
0.8260920822916399	202.78834444769114	117.80728291949602	170.92044637461797
0.9786819977436556	37.294805737995304	3.9335802860483398	24.78434619351519
0.7468586303212947	92.22236162201018	82.50025770402793	88.57657265276684
0.9573731232360525	34.67657853537546	7.5529295810789225	24.505210177514257
0.7450260269672493	572.4372002857397	412.2703725606343	512.3746398888252
0.6890438882537316	732.5099508289326	597.2478572316624	681.7866657299562
0.8347484423224633	890.2116942786712	423.88014897253936	715.3373647888718
0.8966424169558743	123.77134315092911	47.38326314759641	95.12581314967935
0.711661387732221	1001.8247974507738	761.025710510535	911.5251398481843
0.5686844453944154	2001.9887221473662	1856.6302430855692	1947.4792924991923
0.721663106001163	1371.394894137038	996.4725903790352	1230.799030227787
0.6061590838144378	488.961937408032	462.0763330090306	478.87983575840644
0.6267792336930655	545.9053575596441	501.1473443146087	529.1211025927558
0.7053914292351502	252.39929734305724	215.68805218076852	238.63258040719896
0.8920205370195748	35.565034877775375	19.50610666829947	29.54293679922191
0.9947262492694088	3670.4900075846044	49.72210941893263	2312.7020457724775
0.9201698978507046	1757.4887768459637	386.34303172306795	1243.3091224248778
0.8005297172809351	620.4589827069665	361.8029476780167	523.4629695711103
0.6527067310666181	1671.2069115553952	1398.726774450404	1569.0268601410235
0.5763593224322466	1161.9092564210391	1088.524196975136	1134.3898591288255
0.9125502201041226	22.018947888180662	12.537636057682121	18.46345595174371
0.4783810447910608	1496.1559890774859	1476.2399517569063	1488.6874750822685
0.9299619189902881	35.387123507506935	12.61987897843285	26.849406809104153
0.48467067844136485	1302.7865477463765	1286.2468851532767	1296.584174273964
0.6526283271082218	819.8025409773843	709.9745429081772	778.6170417014316
0.8731993528536436	429.3584173501408	169.50339063870805	331.91278233335356
0.794763727932099	96.56665229177332	72.44495434305097	87.52101556100244
0.8490812009096876	2469.962914969068	1003.4939117804581	1920.0370387733392
0.8332725657036733	832.4617322195651	401.8716843839096	670.9904642811942
0.9694786869964159	613.3309273887282	55.64125344415953	404.19729965951495
0.7621513741704751	1387.9604536894124	888.5352856793609	1200.676015685643
0.9218438286146866	1149.3790544461333	255.37451923190173	814.1273537407965
0.9115975412051838	152.78555520598633	48.37604800671174	113.63199000625836
0.9765769358150009	28.279221760197697	3.6484060726957317	19.042665877384458
0.6948429084392282	732.9856100635429	590.3066283426415	679.4809919182048
0.5435119931048257	1227.5912627029518	1177.9427007023753	1208.9730519527357
0.5566748279673983	809.787451037911	780.4068147641734	798.7697124352594
0.8865656422804832	75.45240401646167	34.85859713000728	60.229726434041275
0.7847420640454522	2056.880874315279	1179.2956661460712	1727.7864212518261
0.9990458504451243	15.142329633950576	0.11342744678433014	9.506491313763235
0.9925163171051156	100.70684914456	2.8633363100354217	64.01553183161329
0.8230273551968362	332.71111701048403	185.06476028528144	277.34373323853305
0.8457814464510691	168.06675119913632	89.83568205517794	138.73010027015192
0.9763469997245419	78.75203652771113	7.498370452691347	52.03191174957871
0.8818845640700299	447.2510608265354	164.00110237748473	341.0323264081414
0.7413035669783633	792.6369496932998	563.6374796610473	706.7621484312051
0.9666988271658491	56.69973683752504	8.25757234914391	38.53392515438212
0.899889934467709	26.007813977097086	15.360706951329819	22.01514884243436
0.5547111422641217	1960.9621464141399	1841.905963234862	1916.3160777219107
0.6937291113079697	194.36846442713838	174.63336994291527	186.9678039955547
0.9654657599170481	570.90070598702	59.12231017346764	378.9838075569379
0.8961467156084552	22.736482884141314	15.781334859775338	20.128302375004072
0.762010531140835	229.6591025525611	170.82827604327164	207.59754261157755
0.8986448999896198	950.8871328919445	278.85715966202633	698.8758929307252
0.6280628912593993	746.6797952045447	673.3280860044226	719.1729042544989
0.7750891941113172	122.59276476961006	94.89524301720814	112.20619411245934
0.5750092251938027	453.3975690064136	442.74359339328305	449.40232815148966
0.9592419795483313	501.65937656814543	62.25220673095038	336.8816878791973
0.8159288985605148	117.68970929766044	77.87274510245265	102.75834772445752
0.7695504649472494	92.36403128335728	76.60330529269542	86.45375903685908
0.9402335858111797	361.6880387246382	68.59440224818545	251.77792504596843
0.6958140942711699	386.71003804310766	324.949073760378	363.54967643708403
0.8737747476010985	172.6484004556408	76.08303744182297	136.43638932545912
0.8263698286298372	196.2411142636103	114.34111642814554	165.52861507531102
0.7462728776063247	146.60006058176654	120.79773932610202	136.92419011089234
0.5653974702021172	878.6608268491229	838.9218984901179	863.758728714496
0.9068592545459392	925.4900163276309	249.88173041083058	672.1369091088308
0.711710206122963	451.7409393243518	362.22202588001375	418.17134678272504
0.5540190927795903	583.2830090917726	570.716404031715	578.570532194251
0.9811633186906481	3536.146606148167	172.43220774748056	2274.7537067479093
0.5178656789458168	989.7162860210942	969.8300692145519	982.2589547186409
0.9603363839718329	41.53531760835819	7.905283760748603	28.924054915504595
0.5703569870387628	660.4459411473669	635.1125481259018	650.9459187643174
0.9122113324996854	204.72785020332978	61.57282858772581	151.0447170974783
0.8894327968577748	995.8002320833759	317.4084350281248	741.4033081876568
0.9520604240293141	1900.9617486269829	247.6822590036411	1280.9819400182296
0.7563060656625422	253.96377612609118	190.2294837092334	230.0634164697695
0.7678310264099214	121.18527494614199	96.27771454737876	111.84493979660579
0.9194033856183809	437.63795626262845	109.83675866009685	314.7125071616791
0.7096977656106482	139.7638404754207	126.96322725989499	134.96361051959857
0.8402493418959922	2669.627053730549	1141.1871296599375	2096.4620822040697
0.7771427795272154	118.56032326029793	91.61567084946759	108.45607860623656
0.9483691641428691	155.5021733805561	28.597300763053553	107.91284614899263
0.7187098119735457	117.1415093480311	107.67533611365187	113.59169438513888
0.8286958182393007	225.99113103666286	127.71671155727576	189.13822373189268
0.7268812977559095	680.2790676304687	509.4350998626189	616.212579717525
0.5153638050663267	1687.1933471849607	1633.4611998929386	1667.0437919504523
0.917668982321021	52.834095917970586	19.481340521266336	40.32681264420649
0.5100331114319976	1579.9450594611071	1536.1798534684149	1563.5331072138476
0.8557618408787089	804.5940316901969	339.11812422349965	630.0405663901854
0.7340135101613043	1049.5787976867787	748.4958777010723	936.6727026921387
0.5640084272763413	868.4192797591518	830.376979193712	854.1534170471119
0.9458993153672839	335.02630399982394	57.9986261331519	231.14092479982193
0.5900415779033685	2067.5548211640426	1874.4752718115665	1995.149990156864
0.5065751962851227	981.5335367960294	967.3088223193037	976.1992688672573
0.8582285898362514	381.50565250660105	169.92646420482998	302.1634568934369
0.7146528495341409	649.3130321862926	503.4687866643627	594.6214401155689
0.4463416072071253	2002.4221874955267	1985.5406017739185	1996.0915928499237
0.9705261158018389	85.32627823035045	9.966028209812556	57.066184472648736
0.9800506472997537	13.241545255810834	2.3876516375399754	9.171335148959262
0.8490862482735938	638.9033309913879	287.0405844568388	506.95480104093195
0.5544834779803108	2017.825899055942	1894.2229731360321	1971.4748018359758
0.6706908019187935	556.6489448579146	478.2394975155976	527.2454021045457
0.8934848164854886	140.52292663631874	54.226774383808696	108.16186954162748
0.9016413449320546	44.27396103103637	20.504441755567164	35.36039130273542
0.5967991340744285	1139.3603405397773	1046.849767716483	1104.668875731042
0.5273375899735719	1214.7996247878402	1177.7466834758263	1200.9047717958351
0.8101328440677374	151.8797828983278	99.17567301258858	132.11574169117557
0.6833894041515585	885.6731323484225	722.3530532497632	824.4281026864253
0.6795805993498741	215.16039564771617	196.1863299444706	208.04512100899908
0.9808329019701894	708.4532489834796	39.61803249999997	457.6400428021747
0.8289059981581142	127.91140901483747	78.32666460676451	109.31712986181012
0.8689489354482713	486.76574280269085	195.86810693097712	377.6791293507982
0.45803594272926784	1541.2062269831438	1530.2750201391975	1537.107024416664
0.7343085869546457	946.773250575678	679.0961843290565	846.394350733195
0.8707158006579	840.7427925680564	317.2778790741444	644.4434500078394
0.8381590229048735	320.30625920368715	164.83592973926926	262.0048856545304
0.7888935166830613	351.1437861988318	226.69044241162055	304.4737822786276
0.8543287743012277	438.8401707503755	197.6697450797425	348.4012611238881
0.8795516099335394	148.697469111417	64.083746672611	116.96732319686475
0.6190706955026872	1682.8167748555084	1482.7429766618852	1607.7891005328997
0.5114969569602626	1111.9542420792025	1089.529140267908	1103.544828899967
0.604368272446553	562.068449858549	528.2962351793133	549.4038693538356
0.795349031672613	323.4800490372523	205.12058817163592	279.09525121264613
0.6458891091820143	215.70453305969127	208.46638784843336	212.99022860546955
0.7753958188895187	133.5779310779671	101.93695642600163	121.71256558348006
0.6894739454704899	380.0291057446542	323.83809300855285	358.95747596861617
0.9493804971954714	85.41439952138518	17.21659896702345	59.84022431349953
0.6904400905775654	1360.827942292264	1068.0791257559843	1251.047136091159
0.8926187449861984	2562.0085833355815	740.7005592255507	1879.01807429432
0.507358855816528	1237.9724077545193	1212.077532816726	1228.2618296528467
0.7011510742080302	654.2469651405308	523.4091733437454	605.1827932167363
0.7546983816441762	155.21505109505856	123.87401347961028	143.46216198926544
0.9970446544005053	59.621819367311886	0.7515933175103058	37.54548459863629
0.7906207474769286	136.8581428163103	98.44562344424978	122.4534480517876
0.5077081017835194	1445.0709331699688	1409.5026154730606	1431.7328140336283
0.8393569235558057	2279.0171925825393	988.3751005989963	1795.0264080887107
0.8248317382935675	464.1505518205204	247.1563690284449	382.7777332734921
0.9561601631503154	65.58295361219723	12.146021226454117	45.54410396754356
0.8914953893788937	448.06703086505127	151.04094708157376	336.6822494462472
0.6827175317278861	355.5424946440482	308.444792454696	337.88085632304114
0.5996192565071703	1771.4641774053919	1596.6754583626923	1705.9184077643795
0.8758645034910761	294.5222309030399	118.86774587144022	228.65179901619
0.7017358319991821	1795.2328601731272	1353.431340228122	1629.5572901937503
0.435956767842442	1882.5375623806967	1874.415420420546	1879.4917591456401
0.8119084573709489	351.8834973377977	205.48642671634565	296.9845958547532
0.9140105329614397	889.1816506175489	222.2822307336824	639.0943681610989
0.5214690345580932	2027.9920491184016	1948.542061523046	1998.1983037701432
0.7344128697596559	138.08151335540856	118.43514099406127	130.71412371990334
0.7030803830775034	1078.6533021729933	832.9952306456186	986.5315253502279
0.6154539720912457	677.3066847426524	623.2813531096328	657.0471853802701
0.7141840681263744	420.34911700022485	336.9784103938232	389.08510202282423
0.977208343573731	255.9262385322977	19.13215129917539	167.12845581987685
0.4607305823886419	1955.4760240934834	1931.6179468156815	1946.5292451143077
0.9489393127853352	26.495295061889344	7.741263302153532	19.462533151988417
0.6062784851297127	1575.7474296951814	1414.89903899295	1515.4292831818445
0.5264592754406182	1997.7873531591115	1914.26296757773	1966.4657085660936
0.7999666082465888	252.64891617156715	161.45349146781697	218.45063190766083
0.6889388839238545	252.0656684548502	222.56256034473518	241.00200291355708
0.6247135081053105	628.3283218282165	573.98218487706	607.9485204715329
0.7858949992176717	124.55254431577761	92.53880592401809	112.54739241886779
0.6787052404241715	301.14028579358734	266.6400735205256	288.2027061911892
0.9724179073729365	662.5003038160364	53.80954835120565	434.24127051672485
0.9944461967733221	882.0953851889956	13.914219943597857	556.5274482219714
0.6373494153366519	817.9079015088474	724.996793196999	783.0662358919043
0.9207612234353874	198.8311372472857	54.20561541197169	144.59656655904297
0.5959425865121485	720.1422882814359	674.7420657800185	703.1172048434044
0.9863197089578498	143.97897197234226	7.024603656780755	92.6210838540067
0.8589310193549151	84.110352207934	46.6802760694425	70.07407365599968
0.8671821494931846	88.2745565140838	45.84995934264549	72.36533257479444
0.465608551800137	1801.5006065073394	1779.1663284124443	1793.1252522217537
0.958635590710091	2231.901354812543	247.58823912233106	1487.7839364287133
0.7034066077480432	133.4389590204746	124.16501325020603	129.96122935662387
0.6342556712746515	500.85043979651334	457.68116389558816	484.6619613336664
0.6036944598669709	1414.4307937894148	1279.0715193066828	1363.6710658583902
0.5894343983183539	414.07730371265285	401.46693496707763	409.34841543306214
0.5230409379141849	857.8098595196418	842.0676102435184	851.9065160410955
0.8522219528042815	1412.8250804452464	583.4004328996047	1101.7908376156308
0.8756402386209734	521.0435600445003	197.82541745144752	399.83675657210546
0.77514954288704	2469.8531679043726	1457.0167983761728	2090.0395293312977
0.9248781539774709	235.52433959458102	59.41939523241484	169.4849854587687
0.6056606578426155	763.8826925332644	706.7226663115619	742.4476827001259
0.6884257175073578	154.43476865941685	144.71429612461785	150.78959145886722
0.8185832444993647	1487.1003517690692	744.3159599559693	1208.5562048391569
0.742186113788438	368.16922344970914	277.41073926590474	334.1347918807825
0.7340115068175314	210.06606675853962	171.09687787343714	195.4526209266262
0.6758002135937045	1576.1743568139261	1266.7464000240068	1460.1388730177064
0.8246302471653479	110.71457178241516	70.98171809671959	95.81475165027932
0.47766385509410386	1601.8689854220443	1578.8425659380919	1593.2340781155622
0.6054485901723633	875.5452390540598	805.4214462716676	849.2488167606627
0.5183777118644813	1245.857276440449	1212.9828485640023	1233.5293659867814
0.4941200346727379	1853.9990551953638	1810.3047040998058	1837.6136735345297
0.4950398093635947	1924.3723771414564	1876.8978822701808	1906.569441564728
0.6806290548345919	1889.5257208013127	1490.674061206541	1739.9563484532732
0.6756929112517733	858.6435301926612	712.2758242552937	803.7556404661484
0.9901665648838023	269.42172896713913	8.582579700619647	171.60704799219434
0.550266158450642	1270.5621411844638	1212.2376738507203	1248.69046593431
0.9696055287651436	33.12635552420444	5.2159257813655024	22.65994437063984
0.9123529585640482	167.73477080922234	51.88399270595509	124.29072902049711
0.8065511244863858	69.99757068678055	53.56520289156451	63.83543276357453
0.9995282094570425	150.54145431007254	0.25000268408108184	94.18215995032574