0.9158918073718041	181.83956915233432	57.70981984170298	135.29091316084757
0.7872190858087937	1205.0391827767592	759.9346012693852	1038.124964711494
0.7324254968740254	1037.0034947426036	788.3461662297568	943.7569965502861
0.838338168003449	245.5522665604644	139.75602355682523	205.8786754340997
0.6960105920384545	363.51341285533	319.09457803522173	346.8563497977894
0.7577079765962366	208.59806566853905	166.76067689336418	192.9090448778485
0.6237302002100416	523.1391882075152	495.4415428940286	512.7525712149577
0.9074054755476383	471.9730189731273	147.3942085754218	350.25596507398774
0.880153019853863	385.2746805529985	158.1378018263086	300.09835103048977
0.5844461930962944	1148.548996059466	1094.0933923381522	1128.1281446639732
0.7950343901468562	209.97383480164007	148.38094840629122	186.87650240338425
0.7124522998712745	417.05482164551285	351.53812061363504	392.48605875855867
0.9403181023806656	888.0442493204736	168.35961718825695	618.1625122708923
0.8803202695974757	83.7982271280813	42.182897826137605	68.19247863985241
0.9905057327006815	596.1977152491978	18.36931279639191	379.51206432939557
0.8821816840155444	186.7671833005242	82.0207361222155	147.48726560865845
0.5750898218106386	880.3733900545898	850.5117322659099	869.1752683838348
0.5545182356067693	1039.93729296851	1012.4044330159936	1029.6124704863164
0.9863144635327878	1796.4387886571249	72.7788791076041	1150.0663225760545
0.5843725331197228	1545.0288833476375	1459.8950737518403	1513.1037047492136
0.7002860124900661	679.2960442511776	569.5109398462389	638.1266300993256
0.8586404883616614	371.2573484358894	178.9289269556932	299.1341903808158
0.6904438732094587	1353.67511285824	1117.097995426257	1264.9586938212465
0.8937149573311376	72.11115866048925	33.37242283120733	57.58413272450853
0.6936828168573974	833.6982177542632	700.1784373915475	783.6283001182449
0.9558167961742815	284.69873951422755	44.73160046807752	194.71106237192132
0.8569085545297952	135.44582259947165	74.46007942496664	112.57616890903228
0.9736947647359335	128.4221920082457	13.35174988889132	85.27077621348782
0.9308967828025425	93.80287853830777	27.14932226009828	68.80779493397921
0.6140707602812531	1050.3470335890902	977.7930841834598	1023.1393025619788
0.7628698930280833	417.26461356910056	309.1710764874507	376.7295371634819
0.9920683409790314	262.44886167419406	7.392551553441621	166.80274537891188
0.8097282234114515	958.0745593536841	557.5784856980828	807.8885317328336
0.9589150525118716	176.768846107485	27.460760428414417	120.77831397783353
0.5869879703993809	1115.3146359051668	1061.2699964923488	1095.04789612536
0.6085194897572992	661.809427347271	629.4913071471948	649.6901322722424
0.7555399652785946	514.1857845555296	383.4170007737927	465.1474906373783
0.6150442754410582	553.4297451895013	527.0632234811237	543.5422995488597
0.6997146019397474	1170.2340465776547	954.4285063572319	1089.3069689949962
0.7782815613411338	168.069486621365	129.12076163886763	153.4637147529285
0.6998723258893056	590.8235260506247	499.7131272967963	556.657126517939
0.7546892417548534	1014.4526511809079	724.6481987310758	905.7759815122208
0.8098700543235826	785.4786076417565	463.5396987531635	664.7515168085341
0.7947883232544575	721.5875430645672	457.3609050923524	622.5025538249866
0.5657308823550292	1572.6921286334486	1505.865625532223	1547.632189970489
0.6595328075745023	1237.2286321497172	1081.5613255554072	1178.853392176851
0.7426317493044771	181.98410372154711	153.36607186542574	171.2523417755016
0.6211643700904256	734.4491654902839	687.7678291495798	716.9436643625198
0.8644034126374728	133.40612297241182	69.97962286993554	109.62118543398323
0.9959956781115646	182.75956298932027	2.7174597036976422	115.24377425721178
0.6589121719165318	1569.600334464555	1360.2790593684367	1491.1048563035108
0.8802550335947508	60.53048291983969	32.452719176277704	50.00132151600395
0.8983873970749799	392.67810093439596	136.98103999654973	296.79170308270363
0.9849313986421105	186.40969611611644	10.454248900271196	120.42640341017446
0.9903852852885798	932.1478045006317	27.917720085936025	593.0615228451207
0.8935864216834998	223.31846191426507	86.91018769396572	172.1653590816528
0.8141298953306285	2075.5332694843796	1124.838592595971	1719.0227656512263
0.7793542894238642	1585.4088839117685	1013.3122409277111	1370.872642792747
0.8331310041153931	101.14255383509263	66.41298323001945	88.11896485819018
0.7730197993051912	297.7032286723652	219.74854607573778	268.47022269862987
0.8974815106123145	179.97227732801156	69.46162403612439	138.53078234355388
0.8622630862407614	77.5583746493514	45.031592801372895	65.36083145635946
0.8361781139888425	198.42125879874072	117.097469576491	167.92483784039706
0.9201915050421885	865.9369670716883	220.41350849193572	623.8656701042811
0.728112853084154	210.6271405004593	181.03139760102982	199.52873691317325
0.9317219107298351	464.37682228636953	107.12753902183493	330.40834106216903
0.9739303382542297	280.88637909991826	25.947567149657587	185.2843246185705
0.6071401089126428	858.7873789106687	810.278873664581	840.5966894433859
0.8039170211362668	1150.2747102119229	678.5728787970841	973.3865234313583
0.9605238848034064	48.459951391801894	9.178682594982021	33.72947559299444
0.7751241160088876	523.709731060926	366.1999140010055	464.64354966345576
0.9202294279092155	42.133963010198165	16.66067780440212	32.58148105802465
0.8307075606736674	1630.3412684406726	823.6547362168903	1327.8338188567543
0.8994094632481706	170.85134990801103	65.19429373563267	131.22995384336915
0.660944982428979	1101.7272476587336	965.7691151128043	1050.74294795401
0.8782136114292327	55.58432797790145	30.823559843727818	46.29903992758634
0.9166026989928404	103.92790956197061	35.598902776195104	78.3045320173048
0.8670580528991799	303.2182169705394	140.92179283614792	242.3570579201426
0.9710367941148491	220.00605054620388	23.312205341637366	146.24585859449144
0.8539355541639211	244.95209021200873	127.24665168253715	200.8125507634569
0.5598260778441756	1391.1916723716224	1340.9876354882365	1372.3651585403527
0.9337475202962113	339.3977574263123	78.57361757254975	241.58870498115135
0.6641490945421996	482.77215873091643	438.0325885704784	465.9948199207522
0.9397224637606661	66.95607941774175	18.036051489606848	48.61106894469116
0.8573885529442945	379.99300962817625	184.21782673179445	306.5773160420331
0.7366467620394817	317.994819345968	258.8838274743658	295.8281973941171
0.7353812161047683	1286.1547560753575	958.4155979665189	1163.2525717845429
0.894824835109628	65.9455835252713	30.753776903104814	52.748656041958874
0.800511585522511	378.7363796129813	247.17353773626235	329.4003139092117
0.8271030169888602	137.3198923091157	88.91674999915236	119.16871394287944
0.9399165288329081	97.80647943901516	24.440105143839332	70.29408907832422
0.7009748244717247	804.369348047892	667.1678685810829	752.9187932478386
0.8613399215384457	140.90303002381862	74.85876970328712	116.13643240361931
0.971020039500577	113.90838697739716	13.314121285986317	76.18553734311809
0.7640034207833728	1065.811446453865	736.6879436718032	942.3901329105919
0.5841789248167483	1174.550889168368	1118.3812268301103	1153.4872657915214
0.8469988065335663	496.00378479328344	250.2075170800107	403.83018440080616
0.9671534319555876	2708.4480769149313	257.9555139058996	1789.5133657865442
0.9039797626998168	287.5304313019399	98.17736806946306	216.5230325897611
0.8007034244534489	464.5324492744047	297.56490865736146	401.9196215430135
0.9552214027800666	299.64274959352326	47.42361101082221	205.06057262501037
0.5681237889019405	917.1421429889012	888.8599656182835	906.5363264749195
0.6816728984359904	392.31779732595226	350.9959837795582	376.82211724605446
0.9814489193911017	32.23322958344329	3.1883018270287344	21.341381674787833
0.9631259623698849	603.939285327038	72.87411763547118	404.7898474427004
0.7834556936309651	219.274305904365	160.9069487078973	197.38654695568962
0.6756973884782833	1345.6435546348223	1141.576071798079	1269.1182485710435
0.7880438368485383	288.1434795630767	202.47496678350024	256.01778727073554
0.6374108568370831	439.1418444955945	413.5337943198244	429.5388256796807
0.9753000250924044	46.02427890168808	5.50707104541701	30.830325955586424
0.8043499838552479	115.7407365403796	84.78528588101585	104.13244254311819
0.807491948205328	359.22890854886026	228.7067691197928	310.28310626295996
0.9659410799814624	88.82773610606753	12.76222087528678	60.303167894524755
0.652331599968523	1578.1298449236494	1381.113546672619	1504.248733079513
0.5958909258187289	982.960626487423	932.2664496943992	963.9503101900391
0.9482017257593494	477.53992721083443	83.15380331777462	329.645130750937
0.8578709383955817	356.4398329180567	173.38024981357637	287.79248925387657
0.9690359514257975	482.03507880633623	49.87252771311074	319.97412214637666
0.7195158339922576	221.9638979598021	193.37166095563535	211.24180908323956
0.9394022966330529	245.2460968330529	53.947488358014155	173.50911865491335
0.9919030230397347	1314.4790948952336	32.16330944184381	833.6106753502124
0.7228741454840008	933.3458898433494	731.2931237979744	857.5761025763338
0.6117607413550253	576.2897638469284	549.512515825205	566.2482958387822
0.7684347940902811	379.3304267306486	278.31464535512487	341.4495087148272
0.7496498693459898	378.7997974897242	294.0144694556249	347.00529947693695
0.6724153684168839	596.0695400672562	528.4775567059564	570.7225463067688
0.9266758729925006	64.56019171268306	21.288642517738058	48.333360764578686
0.7907456736281679	1275.9947197971492	790.5715707353806	1093.9610388989859
0.9368939505938707	2115.3317475916942	396.8415170426465	1470.8979111358012
0.9462148412787256	873.796854704091	149.35619740969906	602.1316082186939
0.8806340713530433	684.0739424709175	264.82537691457924	526.8557303872907
0.9173419835927205	1548.1304977765399	389.8996114344221	1113.7939153982459
0.9463155447418354	244.24899821814395	47.58768592533548	170.5010061083408
0.8106565777241383	150.14466841545465	103.57421170896998	132.6807471505229
0.7664516235173305	1905.9579932532004	1262.8895656668822	1664.807332908331
0.9176140920752748	464.7785059012458	129.40279540236608	339.01261446416595
0.8786865961198088	1583.0946892504026	582.9684167314875	1208.0473370558095
0.7114073494337672	642.5445428370703	528.1668486625157	599.6529075216123
0.9763462596745881	77.06517376840203	7.878275209872882	51.1200868089536
0.890266100748123	115.11144595773483	50.62363186068488	90.9285156713411
0.9792271416569213	131.32196071695438	10.725185996745132	86.09817019687591
0.8783196035599011	111.15971002039885	54.207003586169016	89.80244510756266
0.8813111320911119	67.92253169978586	35.285463818751126	55.68363124439784
0.6767225005703758	801.2216695322212	695.0266500696376	761.3985372337523
0.9258903542714636	150.48885469828767	43.266887172792245	110.28061687622689
0.7737090547480264	734.4531791905106	503.43295063134383	647.820593480823
0.6816123234035003	402.5549839237633	359.63017260712206	386.45817968002285
0.9579312657825443	240.8820496028536	36.76943185898993	164.33981794890474
0.6107353329799271	789.4040098859084	744.5978679696439	772.6017066673093
0.7730795088060323	141.56427151543983	112.76907233010078	130.7660718209377
0.752789816845829	1318.1165659699	932.4833581260162	1173.5041130284437
0.9471213213417229	2088.65288370826	327.89672596711455	1428.3693245553304
0.84255304631852	213.58300987681423	120.64896437495402	178.73274281361665
0.8913718853268211	772.1822351378112	269.79090629461217	583.7854868216115
0.8362321198005042	980.1879436380066	497.6528505961262	799.2372837473014
0.9166515312272904	434.8540623010273	123.33313453837232	318.03371439003166
0.9142313407758058	43.51207642869625	18.316056893006866	34.06356910281273
0.7438675053293493	301.5434833610961	242.10109398888318	279.25258734651624
0.715037019786334	614.6518351204297	502.60742812446057	572.6351824969413
0.8052116032240699	203.96215989984574	138.85458894592313	179.54682079212478
0.6427906078608672	587.4243371028529	542.4382182758486	570.5545425427263
0.9166995448130599	76.98515628801697	27.79275511464301	58.53800584800174
0.9703259681780639	97.14703411399421	11.953021739486566	65.19927947355384
0.9777670418358769	615.3921898199172	44.501111300701155	401.3080353752112
0.8362116172988263	219.23793942288694	127.8588445424312	184.97077884271604
0.9924212250611469	94.1513474338584	2.952722225935503	59.95186298088731
0.7542451782733122	216.4122244235627	174.05696328161213	200.52900149533122
0.7478569107694778	316.1612083983424	250.19867618481354	291.42525881826907
0.9089253396124917	519.8749851877836	158.20162866098158	384.2474764902328
0.6289661363973499	473.5502768405515	448.18186295055096	464.03712163180126
0.7497557945845146	408.5934228922085	315.18456489866566	373.5651011446299
0.9617836631185959	376.6839599492024	49.484399631489936	253.98412483006024
0.8717977589186937	119.84328157090785	60.64920158373597	97.6455015757184
0.9007281977449819	195.08833755326896	72.19904844690102	149.00485413838098
0.8991560123084686	1671.4549745398904	510.82402568847544	1236.2183687206098
0.7927984320460807	268.060970857751	186.32894352074783	237.41146060637482
0.8009896168152589	933.8394792882174	566.0640831515938	795.9237057369835
0.7055143220996544	936.2962092412728	763.0536535542318	871.3302508586324
0.9379959289402252	62.956442444927006	17.669052574777933	45.973671243621105
0.9562491401460521	454.42472216605194	67.08592079943054	309.1726716535689
0.7711953674018945	1888.6696246843956	1231.3119312640144	1642.1604896517526
0.6227799988801833	708.4511404405833	663.2828702846647	691.5130391321138
0.96385911432025	1875.2682625619154	201.84534637576417	1247.7346689921087
0.9819562230105161	710.6183067803477	41.03815805414365	459.5257510080212
0.8796446249018233	57.75055399843568	31.417452690726563	47.87564100804476
0.7892761875195636	328.08190091252516	226.72857633264593	290.0744041950705
0.6624041140280409	1665.361904885503	1431.9670223733438	1577.8388239434432
0.8990523347868307	105.70542672384175	43.49940658014156	82.37816916995419
0.6578144731794624	454.31295480326804	417.0437327039195	440.33699651601233
0.9899836741609817	81.14095679670504	3.4594739842554034	52.01040074203643
0.6834377693446969	634.4383604633377	550.7147624256337	603.0420111991988
0.8421862686520533	72.79207283618022	48.17201548304627	63.559551328755
0.8105109861450581	155.30411337546192	106.75139392464897	137.09684358140706
0.9903025278272964	1226.0785556306166	36.23218477521846	779.8861665598423
0.8256305196354073	957.6129761962567	515.7054065960268	791.8976375961705
0.8849187716410165	641.2516404113136	240.9492098786195	491.1382289615533
0.9238240431427845	76.01903357810843	25.192915725226733	56.959239383277804
0.664759673737987	432.7434694089906	394.6338948018545	418.45237893131457
0.9476828067789858	1280.7412151062613	206.1935590000146	877.7858440664188
0.990618761139304	30.14968084557747	1.5343989731585168	19.418950143420364
0.9290740921227432	1757.3147802313956	375.8838610315855	1239.278185531467
0.6958674975755126	358.0532893451362	314.6954609095881	341.79410368180567
0.7057847778061951	460.15408679765676	390.6154611882438	434.0771021941269
0.9182897480872326	72.25745636215595	25.913753375295233	54.87856774208318
0.7968073012546568	480.02152516702927	311.6049518049243	416.8653101562399
0.9142320561525485	1511.1673166790195	395.6568982753495	1092.8509097776432
0.8574064838858606	422.16450870569673	202.52180455340869	339.7984946485887
0.711307120994779	437.38046522415056	368.38067227550897	411.50554286841
0.9353033903965328	197.7674258786329	47.7728100433402	141.51944494039813
0.8178698794551497	1656.2759566815357	893.6589268791676	1370.2945705056477
0.8828296209049954	313.63034124984574	128.74986314972196	244.30016196229934
0.5787019300948893	1237.8714058551116	1181.7571813363236	1216.828571660566
0.7809957718153361	1066.1093335067533	694.04775894429	926.5862430458295
0.9481432839529952	1716.690714225214	267.9976157593636	1173.43080230052
0.7336807188218318	235.60701388391863	198.0286480048362	221.51512667926272
0.9921726062701012	736.8783118125755	18.329775838412445	467.4226108222643
0.8047776526289119	521.4662905623719	325.1366462412135	447.8426739419375
0.7782871762667258	462.07072059483346	322.7204567913233	409.81437166851714
0.9651739237412228	666.7547560910207	75.23421964969708	444.9345549255243
0.5389208649367044	1186.4288540881898	1160.515033308222	1176.711171295702
0.5996287568154389	1222.5837086198776	1148.0535950446115	1194.6349160291527
0.9466230319162375	425.8440424374074	77.359599100443	295.1623761860457
0.7861125265367823	1782.6740966751638	1102.3463848314848	1527.5512047337843
0.6009900800700853	1429.0279513011535	1333.94033639568	1393.370095711601
0.8575378466358775	419.4546203475186	201.17230342945712	337.5987515032455
0.9825791578982765	474.0494993172964	27.513373824347184	306.59845225744044
0.8273690244795149	746.0299467465994	405.7846376213114	618.4379558246164
0.6860648213436353	335.17919296705855	300.7598055925102	322.27192270160293
0.9127641687101127	218.68479559339454	70.22421096392628	163.01207635734394
0.861134088592037	194.25810505959714	99.03896563157122	158.55092777408743
0.7728427498161254	1338.4306283862702	884.9747149536073	1168.3846608490217
0.5889658917569937	778.364069859134	747.653991101204	766.8477903249103
0.5745589253915817	1095.3177743148333	1052.1616915750826	1079.134243287427
0.9089362656466375	416.3713240020952	129.54725458374003	308.812297970212
0.5632073907137878	951.1552846993467	923.5944588765866	940.8199750158117
0.9918770129293123	2384.9643619613807	56.13239369989492	1511.6523738633236
0.581515612818429	1126.0132478301161	1075.5645266198749	1107.0949773762757
0.9420853615709313	59.60814953103323	15.812427177189896	43.18475364834198
0.6996255495030886	941.5842129076515	776.6056469236247	879.7172506636415
0.9792110872722869	60.5996023718422	5.717017622096854	40.0186330906877
0.9151527369593527	167.79944935923558	54.3186566424466	125.24415209043971
0.6560165393354874	520.1811401355503	475.32045255096847	503.3583822913321
0.9343209564770159	953.6316194637039	197.8988366791665	670.2318259195024
0.7378054335462784	488.9145899265551	384.35845499133995	449.7060393258494
0.8152908784232965	1226.4196389363833	683.4387057008257	1022.8017889730493
0.917804253035442	74.73780897097984	26.782445632125082	56.7545477189093
0.6594296824272033	428.41813882888033	393.6816473096607	415.391954509173
0.8552163203343885	180.03467456564715	96.28861086428624	148.6299006776368
0.8132368197834571	551.2527774816207	329.39307124440046	468.05538764266305
0.6587139467615106	403.27675846978894	372.1328387342756	391.59778856897145
0.7255038047557846	1066.4501467232494	823.9750389491948	975.521981307979
0.9945879277891188	886.433851134994	14.966595148006604	559.6336301398737
0.8565427229825693	527.6818701008012	249.29227806224372	423.28577308634215
0.8545758851328427	330.727645468005	165.60503448764638	268.8066663503705
0.8735286375609508	235.4636467806297	107.45458319253129	187.46024793509278
0.9541086499706243	1145.0693847375594	162.95561224375336	776.7767200523822
0.8104681591120982	149.18723755512596	103.07861033434186	131.8965023473319
0.9329603905692315	40.91752969413496	13.73677967494462	30.724748436938587
0.9304968139811566	72.11485458877786	22.052349714280858	53.34141526084149
0.9967455007121593	1025.4572284368185	10.28216636164575	644.7665801586287
0.9457328859072719	894.3798578691465	153.93692033966317	616.7137562955902
0.9520089593190083	48.772843740671796	11.222573257983825	34.69149230966381
0.6577839236716149	642.4270673454914	579.643742358618	618.8833204754139
0.8496509536255676	654.51817325911	317.01803854357	527.9556227407825
0.7010985732465975	1046.175248172432	855.596826358975	974.7083399923856
0.8957554750167256	123.81159301742869	51.25164453799738	96.60161233764195
0.8855468700949621	929.5292236044103	336.6270445563872	707.1909064614016
0.948340482373822	40.269666431565184	10.471541158214777	29.095369454058783
0.8748323277916172	2236.0874392093847	829.5362100455077	1708.6307282729308
0.777704479992964	200.8362548126407	151.65025003321577	182.39150302035637
0.8117510506019099	267.65774843370656	172.12052758122041	231.83129061402425
0.9102532020803122	104.940880666916	38.56720314856974	80.05075159753616
0.9283811747920708	696.4643221640279	162.0991003591668	496.07736398720493
0.9900575695722811	28.728757845530346	1.5740222365609657	18.54573199216683
0.6160041441099873	562.4825508431703	534.8788595053287	552.1311665914797
0.7981277057756089	718.8309435963181	449.5051535678388	617.8337723356383
0.957197090717502	34.824837490087134	7.808214034286307	24.693603694161826
0.7544700204712572	323.5914396594233	250.95581844200757	296.35308170289244
0.7705203373442222	1884.4311122906124	1231.6593529938414	1639.6417025543233
0.7316673814239488	465.15228419855	372.66725826349284	430.4703994729036
0.9627063764471134	52.56882631888797	9.223418433462012	36.31429836185324
0.9916005193073816	197.1365553798811	6.1014925700952745	125.49840682621141
0.7844996122633576	794.9836522160838	521.030527781468	692.2512305531029
0.5338724784305474	1476.8783681514	1441.5884262796685	1463.6446399495007
0.5444138689271508	1093.5649201076114	1068.8142165616734	1084.2834062778848
0.8136774404296511	369.76803882257275	228.39369812659632	316.7526610615816
0.8821482302056614	99.56616965895259	47.96370081204691	80.21524384136296
0.9150036503465002	90.12023191644738	32.23537315600468	68.41340988128137
0.9064563994063806	95.25788055073667	37.054482694203955	73.43160635453691
0.7787650146800664	403.6404678793655	284.57249224263876	358.98997701559296
0.6854018208907227	645.8350814581293	558.1813276648477	612.9649237856487
0.8367555653743406	123.63410936809535	77.34796248108648	106.27680428546702
0.8958602444158572	2408.2629414835765	741.2700060131342	1783.1405906821606
0.8093029079074997	130.3335948144204	92.0844082674796	115.9901498593176
0.666323281976457	373.5259428678705	342.7325592905505	361.97842402637554
0.7527013469780937	181.70020882939193	149.286906960021	169.54522062837782
0.6186350360361849	1600.9129723772623	1462.5457590927006	1549.0252673955517
0.5878570606852849	1226.3356162626042	1162.940426737248	1202.5624201905955
0.7218287654122594	896.789983392729	706.0310824814569	825.2553955510019
0.717368534843545	249.62984569756406	216.30573849632339	237.1333054970988
0.8925686399862885	204.42009392056787	81.19484469046108	158.21062545927782
0.7964493692661679	177.89728197555112	127.34543693400909	158.94034008497286
0.884462640031906	206.72667338196726	87.94351130510803	162.18298760314505
0.982934433415838	2536.973941510733	125.46735797625934	1632.6589726853053
0.53792030611712	1418.5872224653099	1383.1562698500998	1405.300615234606
0.6110152797582246	719.2801294606711	680.5697193226667	704.7637256589195
0.53331589411188	1486.5107033272222	1451.1804686219145	1473.2618653127317
0.9282610349628349	461.41221146306214	111.93375028772195	330.3577885223096
0.9739824935852986	542.3980613054167	46.50147393620122	356.4368410419609
0.5481535764861386	1064.631227991183	1039.2696772221193	1055.120646452784
0.7202948599329009	288.2703528427704	245.48063930735202	272.2242102669885
0.920774930498321	1871.0162587228047	445.39774753420227	1336.4093170270787
0.9794210448683136	438.296582238175	30.31473440342154	285.30338930014244
0.9366464282149592	429.4849134613488	92.64625533488712	303.17041666392566
0.9521624991316984	249.18785875871166	43.11212401194294	171.90945822867337
0.8130254492983553	257.0459994797729	165.0558201724512	222.54968223952724
0.6835082620330589	1180.3173501235685	993.2440340608939	1110.1648566000656
0.778814854955427	820.1515777141458	547.7924239088543	718.0168950371615
0.884898648163223	210.32886730563752	88.95929091152938	164.81527615784697
0.688139772540304	1488.801569059744	1228.808121963525	1391.3040263986618
0.8434648639869374	811.757098811665	401.05536907902456	657.7439501619248
0.8614439839977492	116.06733153195498	63.387439045279166	96.31237184945155
0.6852550959793656	1295.1063781502664	1081.6552195357801	1215.062193669834
0.788725433220382	639.3682586661057	418.9190018325769	556.6997873535324
0.7676967591350141	194.76355287886142	152.27687470090964	178.8310485621295
0.8276989997999563	1591.6139587654206	818.5284776060744	1301.7069033306657
0.8738742585379154	76.959996461754	41.302876644685504	63.58857653035332
0.8375885930286882	130.714037007113	80.7843196016415	111.99039298006119
0.713255924472455	449.0919469085528	376.0597034312824	421.70485560457644
0.7486409450361489	334.435531630029	262.8925382644828	307.6069091179492
0.7496927193036925	603.7453700453935	452.78902842824175	547.1367419389616
0.7226879878223359	870.6253834232253	685.1658550163021	801.0780602706292
0.9082003058253765	172.85741417053907	60.21929279523441	130.61811865479982
0.7273832212958703	426.4405957495836	347.2817412716463	396.75602532035714
0.9186603751508481	103.1194753302014	34.50831527113743	77.39029030805241
0.7674308554322351	391.77695069772847	287.60471684217475	352.7123630018958
0.7069671598733136	1085.2318116798717	874.8576059539004	1006.3414845326324
0.8011637230596282	834.5051333726414	509.55714684368	712.6496384242809
0.6485007170269268	1048.3106150125386	937.4555698259693	1006.7399730675752
0.9204144126608749	384.3111997870816	105.44928425013663	279.7379814607272
0.9089483230277111	70.98309621961938	28.39497717463574	55.012551577750514
0.5946721639919318	698.0462107599146	670.089567318465	687.562469469371
0.6930584814821803	1602.762774204356	1305.6284026849694	1491.337384884586
0.9138019251430517	251.26013684545615	78.36772530051178	186.42548251610202
0.9741394147735043	916.2639924006539	74.38105005903998	600.5578890225487
0.7537918122450176	1169.074079304112	830.2839907934688	1042.0277961126208
0.918884454192981	160.65597608314425	50.05005939018656	119.17875732328511
0.962960819329484	262.4718005892819	34.84984614609438	177.11356767308655
0.8708177039255115	143.5381922236653	71.25153301512076	116.43069502046109
0.7913902310138848	402.3368324506333	270.86582012477925	353.03520282843806
0.9003711866509859	81.90765858611744	34.78873594395309	64.2380625953058
0.5930047073579243	790.021374767004	756.226864206638	777.3484333068667
0.7639852880422586	1347.7124624291641	918.4425463946169	1186.7362439162089
0.8178400534689294	1145.803059100478	633.5732686507389	953.7168876818259
0.7059230148618675	1021.7710878404943	828.1529857713209	949.1642995645543
0.991729603973931	48.44946080437035	1.9055645534303416	30.995499710267847
0.8295203302835757	128.43795969487593	82.93531428574532	111.37446766645196
0.9537208442221541	52.34654202277163	11.421797143014022	36.99976269286253
0.9657594710258792	117.61346844074288	16.179321494420073	79.57566333587182
0.9064681332445986	818.1909101877468	245.2940015457359	603.3545694469927
0.5717925026621804	1298.9369330847824	1244.5216088500263	1278.531186496749
0.7691806509872329	989.2437714927463	675.1512853631012	871.4590891941294
0.6658734782213475	907.8654016293685	796.6185511766446	866.1478327095971
0.9508117936714781	69.89035295774232	15.224494833837138	49.39065616127788
0.9963033912064846	1112.7721242153712	12.577189389794398	700.1990236557798
0.768096017489389	1383.9677776140131	928.5981126024124	1213.204153234663
0.9501945610937422	575.7280495155244	94.59038542232841	395.30142548057586
0.7954231975430465	172.2491304562732	124.24197438619726	154.24644692999473
0.9271085650687313	50.01146187787088	17.348774176314315	37.762953989787164
0.7911582254264442	110.81426864425842	85.80123137760174	101.43437966926216
0.8746301110491084	137.48356421155975	66.77203413405118	110.96674043249403
0.9748495792172336	275.3290743812423	24.59032731076816	181.3020442298145
0.5736795724005666	1090.4777982151072	1048.2551601564146	1074.6443089430975
0.9907849962760089	507.44460588916945	15.42631274681662	322.93774596078714
0.5276455553827522	1318.2236014016294	1293.0730578232974	1308.792147559755
0.5860463433783099	984.8928192406717	941.2485224979083	968.5262079621353
0.9230720196712078	343.38823493270297	92.21077396697754	249.19668707055595
0.627205308420451	519.219700558465	490.2426453663065	508.3533048614055
0.5924203725265748	1507.7272974755388	1416.0582841468126	1473.3514174772665
0.8841569396073886	2340.9264818112315	802.3760807673659	1763.9700814197818
0.7528798341719308	291.71625060343877	229.25447397760138	268.29308436874976
0.8237567046933009	1149.574215729762	616.9268086650791	949.8314380805059
0.9507295311564335	2212.77077455614	322.17358685367526	1503.7968291677157
0.838854737248828	75.22426070644246	50.37235252890603	65.90479513986631
0.9840228857518855	40.18412245470689	3.2120603852709166	26.319599178668398
0.9427078301667037	682.4971431647357	127.11252879145769	474.2279127747564
0.7408551693025545	249.8754982340786	205.391644731492	233.19405317060864
0.9463970476639576	62.30519261644464	15.152674136207992	44.6229981863559
0.6483851704176763	467.8510069249878	433.8527392614386	455.10165655115685
0.8277794813690732	618.1347497989591	340.65194387636285	514.0786975779855
0.6964255646347551	311.2628077453929	275.9009143568914	298.0020977247048
0.7164937236747383	428.42813024683437	357.4187416990155	401.79960954140233
0.7248816066885675	1568.4632400513206	1189.1954823273827	1426.2378309048438
0.957406866419153	35.1711269313987	7.82471883444536	24.916223895041202
0.7023774904810659	1347.046877965462	1084.9438416252906	1248.7582393378977
0.9370947788864299	2214.703034670064	412.97275172818536	1539.0541785668595
0.9301254741232174	68.89439787411412	21.37316320278761	51.07393487236668
0.6083641712422437	1084.6739082920526	1014.263421560986	1058.2699757679027
0.8763473006188127	215.39718983383293	97.26010927325453	171.09578462361603
0.966993194775991	1884.8153136340993	185.05075099560815	1247.4036026446652
0.7813846842923635	183.49158483100663	138.18290830153117	166.50083113245333
0.6069128090870036	696.5298235519347	662.180764090564	683.6489262539206
0.9834240681604988	673.1738205528366	35.86597834582568	434.18337972520743
0.655672766705471	1036.6461714234285	918.1931073368268	992.2262723909528
0.6731208294309197	747.5927505890498	654.5517932731126	712.7023915955734
0.7776406096799213	347.2991177057691	248.98124328403418	310.4299147976185
0.8894489336475098	1311.1122935480732	446.7209866277863	986.9655534529657
0.9944132840551224	125.17213179102576	2.752534836989227	79.26478293326207
0.5272831706450325	1423.3793948462283	1394.4042662139407	1412.5137216091205
0.9851944539854572	289.28332131962065	15.054182801629025	186.4473943753738
0.8404416533837724	653.6606353437277	334.5640223584936	533.9994054742649
0.9352215500055954	120.56281687746632	31.360438902499837	87.11192513685388
0.9670321894365641	752.3669462720959	79.4376037717509	500.01844283446655
0.9207484335004688	96.72764655869796	31.895147193837722	72.41545929687537
0.6300820052374424	1457.8440234852496	1318.3664841241166	1405.5399462248247
0.9270440428457042	444.21617666196636	110.01996052638839	318.89259561112465
0.6205636704233609	1260.9552848401022	1158.670114366757	1222.5983459125978
0.7879956463767518	142.24689272892232	107.82809250429314	129.33984264468637
0.7133362750992768	462.22003695979106	386.2508941301843	433.73160839868854
0.7259982143577566	256.95059006173136	218.1307932447763	242.3931662553732
0.8853924304916551	1297.8136152783666	458.5005183426483	983.0712039274722
0.8029395417649032	1328.4493062109264	779.6576653219504	1122.6524408775604
0.8727948783929717	1010.3947796874093	402.870728395179	782.5732604528229
0.8987433966490748	1244.3220899952553	390.24072579107616	924.0415784186881
0.709040865708691	505.0500063312127	423.4139567667958	474.4364877445564
0.7320190312418711	362.35147738365566	295.3427054815558	337.2231879203682
0.8772313385963769	778.8065461763823	306.4408104582611	601.6693952820868
0.6253295417628981	606.0301982558207	569.5131376291671	592.3363005208256
0.8729346973093345	1483.9988219711563	574.4767553152145	1142.9280469751782
0.7964644294623434	180.19599521427295	128.79552131098944	160.92081750054163
0.7856488460952861	1626.0573305960377	1012.8983515804064	1396.122713465176
0.9161763873449608	603.7731933946857	166.7414056737074	439.8862729993188
0.6693719128380741	710.3998065910023	627.2319729669177	679.2118689819706
0.9239648485623397	140.8949039867008	41.96471340044009	103.79608251685302
0.7091115178966401	425.35120311070807	360.5133314004448	401.03700121935935
0.8599532130310974	585.9959580620274	268.10252111267107	466.7859192060188
0.8426820094966329	109.01984740994986	67.29178210686167	93.3718229212918
0.696486815057416	1229.3415232180712	1006.87321576303	1145.9159079224307
0.8327667450840075	1559.7348539173527	781.4019791296523	1267.860025871965
0.8311285913478282	192.87109999494209	117.26402324592163	164.51844621405942
0.6354600003127293	569.542045354608	531.0276395837432	555.0991431905337
0.9000179876724017	101.80123686526113	41.76708580207778	79.28843021656738
0.5899263674026259	1201.63679496719	1138.297917768026	1177.8847160175037
0.8166075556966627	1152.3444429245462	640.7856929931736	960.5099117002815
0.9404032604990613	126.76125378365373	30.089709160508995	90.50942454997445
0.987109219231173	923.6211547122203	37.164513310699135	591.19991418665
0.6406120844765159	943.5439723355382	856.1087011672339	910.7557456474241
0.8499219145121544	820.5818162467825	389.4676782423145	658.914014495107
0.9427340457979211	590.201635335145	111.36505815952972	410.63791889428927
0.6245091694888327	657.7051161175384	616.526414176285	642.2631028895684
0.5908549352429794	727.6347973626747	699.490847941263	717.0808163296454
0.993471032096026	1290.6696407909756	25.515600777541522	816.2368757859379
0.5637869016086757	980.6878602603535	951.1991872471306	969.6296078803949
0.974475014193446	80.30863750027623	8.793886742080296	53.49060596595275
0.8080997051413197	481.95974826330144	298.1299546775401	413.02357566864094
0.852595555695649	802.4632943952483	375.15568883602856	642.2229423105409
0.76940916503279	474.6234995182108	340.9423131435253	424.49305462770377
0.6322278144624494	659.7386505444914	613.399571532793	642.3614959151045
0.9507011453120663	74.20581046782397	16.008587721856927	52.38185193808633
0.9571897848143308	38.16707637379588	8.340638933567629	26.982162333710285
0.7102713939874093	501.72555587603637	419.7340464487999	470.9787398408227
0.8747810185561388	176.51260526944807	82.73065442685166	141.34437370347442
0.6379135144829979	516.836457747227	482.71380762413537	504.04046395106764
0.6628046849954443	359.87652870510016	332.4645943968075	349.5970533394904
0.9706585997641637	85.49318967673469	10.646375608903803	57.42563440129811
0.6467059999107274	894.2462403240916	806.8769175648379	861.4827442893715
0.6033796562482712	695.627702758591	663.3074646322681	683.5076134612199
0.8670944757972979	2060.899750085904	814.8616575328456	1593.6354653785072
0.7044751110595091	1573.047337180463	1251.8624853765216	1452.603017753985
0.8061363564098774	250.12670319541675	165.96521015670848	218.56614330590116
0.909983156419226	458.2158077919794	139.55521466357655	338.7180853688283
0.6803519475231903	652.1865811558812	568.2483584193121	620.7097476296678
0.7519833921998238	493.659750358477	373.081637116656	448.44295789279414
0.9082619382054025	1342.7046554397032	379.3958003339034	981.4638347750283
0.768430237411336	177.88293697661948	140.09048354608558	163.71076694016926
0.9968141903887384	96.03891727106705	1.2584338007294846	60.49623596969047
0.9999103694300351	316.3167221842956	0.09805153268106892	197.73472068994016
0.9221114269652753	952.2312304102069	234.66303369868353	683.1431566433856
0.9960075483828674	27.647302519703562	0.6143290872923188	17.509937482549347
0.5841452498995885	1306.9577549604844	1240.798873800098	1282.1481745253395
0.992641210250612	968.7084212625402	22.123101845492386	613.7389264811474
0.7741191411286387	277.9877352674775	205.73586459962848	250.89328376703412
0.9637827320466056	778.0343836866232	90.04803164524225	520.0395016711053
0.6161732861203674	627.4588052673842	593.9930796625979	614.9091581655894
0.6614943409122818	630.4437987173278	566.4211684260306	606.4353123580913
0.880612649974641	256.88991440184145	109.83015954170794	201.7425063292914
0.5549971839296168	1196.7927436580815	1160.923845252424	1183.3419067559598
0.5933669238033744	1349.673597344543	1270.6118138579686	1320.0254285370775
0.7954651170821272	1012.599480395844	624.8275796181645	867.1850176042142
0.6061269707158992	698.0655161355136	664.0297332304693	685.302097546122