1229.944010152177	0.010563530940819415
1224.7339894674797	0.010533136265714086
1219.5497321104351	0.01050263657713507
1214.3910966314177	0.010472030316574392
1209.257941580796	0.010441315875370087
1204.1501255089431	0.010410491593760575
1199.0675069662286	0.01037955575993451
1194.0099445030255	0.01034850660906544
1188.9772966697044	0.010317342322335265
1183.9694220166348	0.01028606102594435
1178.9859939728346	0.010254343934152402
1174.0269704734892	0.010222355910235926
1169.0922994782886	0.010190247365402241
1164.1818411811773	0.010158019103379809
1159.2954557761002	0.010125671915724416
1154.4330034570062	0.010093206581166445
1149.5943444178395	0.01006062386494776
1144.7793388525454	0.010027924518152135
1139.987846955072	0.009995109277019307
1135.2197289193634	0.009962178862256378
1130.4748449393683	0.009929133978325011
1125.7530552090311	0.009895975312734584
1121.0542199222966	0.009862703535312493
1116.3781992731138	0.009829319297466582
1111.7248534554271	0.009795823231437835
1107.0940426631819	0.009762215949542909
1102.4856270903263	0.009728498043398799
1097.8994669308038	0.0096946700831452
1093.3354223785632	0.009660732616649112
1088.7933536275482	0.009626686168701697
1084.2731208717073	0.009592531240196638
1079.774584304985	0.009558268307307076
1075.2976041213267	0.009523897820643255
1070.8420405146805	0.00948942020439707
1066.3915659635516	0.009456110233480036
1061.9444377901486	0.009424105224312381
1057.5183500246812	0.009392005353148835
1053.1132075294584	0.009359807365265049
1048.728915166792	0.009327507936086157
1044.3653777989898	0.009295103670220711
1040.022500288361	0.009262591100483518
1035.7000234032862	0.009229647442829732
1031.398004398887	0.009196562837314438
1027.116362869114	0.00916336219596557
1022.8550048763617	0.009130044176594812
1018.6138364830216	0.009096607399568172
1014.3927637514853	0.00906305044711798
1010.1916927441476	0.009029371862637525
1006.0105295233992	0.008995570149980526
1001.8491801516348	0.008961643772737844
997.7075506912448	0.008927591153515251
993.5855472046242	0.008893410673195882
989.4830757541631	0.00885910067020217
985.4000424022569	0.008824659439737734
981.3363532112967	0.00879008523302999
977.2919142436742	0.00875537625655863
973.2666315617844	0.008720530671275957
969.2604112280176	0.00868554659181723
965.2731593047687	0.008650422085704827
961.3047818544292	0.008615155172535471
957.3551849393908	0.008579743823169297
953.4242746220482	0.008544185958896599
949.5119569647931	0.00850847945060405
945.6181380300169	0.008472622117926513
941.7427238801146	0.00843661172839043
937.8856205774774	0.0084004459965475
934.0467341844976	0.008364122583095691
930.2259707635693	0.008327639093990256
926.4232363770844	0.008290993079548557
922.6384370874345	0.008254182033538681
918.8713643457403	0.008216952412533118
915.1220370890753	0.008179546722652767
911.3903654868147	0.008141971292213454
907.6762565079486	0.008104225441835
903.9796171214708	0.008066308463771656
900.3003542963716	0.008028219621215022
896.6383750016448	0.00798995814758623
892.9935862062816	0.00795152324582056
889.3658948792731	0.007912914087639207
885.7552079896132	0.007874129812812087
882.1614325062931	0.007835169528411554
878.5844753983038	0.007796032308051284
875.0242436346392	0.007756717191118936
871.4806441842895	0.007717223181997534
867.9535840162489	0.007677549249269486
864.4429700995081	0.007637694324921786
860.9487094030593	0.007597657303525647
857.4707088958937	0.0075574370414175475
854.0088755470052	0.007517032355860416
850.563116325384	0.007476442024194963
847.1333382000238	0.007435664782982824
843.719448139916	0.007394699327133437
840.3213531140517	0.007353544309020503
836.9389600914245	0.007312198337586891
833.572176041025	0.0072706599774345045
830.2209079318469	0.007228927747906208
826.8850627328803	0.0071870001221504744
823.5644862744392	0.007144726329600052
820.2591441491746	0.007102246593449816
816.9689473506728	0.00705956906239548
