3778.2402809439245	0.03108049109320945
3762.500652146664	0.03097324581971284
3746.8348023507438	0.03086640040652622
3731.2424227221195	0.030759957647581913
3715.7232044267303	0.030653920386912035
3700.276838630532	0.03054829151950565
3684.903016499465	0.030443073992174774
3669.601429199485	0.03033827080443515
3654.371767896535	0.030233885009384027
3639.21372375656	0.030129919714596037
3624.126987945515	0.030026378083029936
3609.11125162934	0.029923263333930746
3594.1662059739906	0.029820578743757254
3579.291542145411	0.02971832764710945
3564.4869513095455	0.02961651343766601
3549.7521246323477	0.02951513956913488
3535.0867532797643	0.029414209556208486
3520.490528417737	0.029313726975528708
3505.962414923289	0.02921412608416714
3491.5024412834955	0.029115214967389797
3477.1106985236074	0.02901676121436813
3462.7868831333353	0.028918765414453033
3448.5306916023906	0.028821228172270612
3434.3418204204954	0.028724150108303294
3420.219966077362	0.028627531859470496
3406.1648250627013	0.028531374079732552
3392.1760938662355	0.028435677440682833
3378.2534689776726	0.028340442632167742
3364.3966468867347	0.02824567036290418
3350.60532408313	0.02815136136110541
3336.8791970565803	0.028057516375118836
3323.217962296797	0.027964136174076525
3309.621316293492	0.027871221548538168
3296.0889555363874	0.027778773311165916
3282.620576515191	0.027686792297389316
3269.2158757196244	0.027595279366085947
3255.8745496394004	0.027504235400271755
3242.596294764229	0.0274136613078012
3229.3808075838333	0.027323558022071225
3216.2277845879244	0.027233926502738155
3203.1369222662147	0.027144767736445478
3190.107917108425	0.0270560827375598
3177.140465604268	0.026967872548909127
3164.2342642434537	0.02688013824254289
3151.3890095157053	0.026792880920491577
3138.6043979107344	0.026706101715541268
3125.8801259182524	0.026619801792012655
3113.215890027981	0.026533982346559192
3100.6113867296285	0.026448644608963758
3088.0663125129167	0.026363789842950458
3075.5803638675548	0.02627941934701255
3063.1532372832626	0.02619553445523696
3050.78462924975	0.026112136538151857
3038.4736922719	0.026029597569320963
3026.2204252272945	0.025947716569460728
3014.0247748260354	0.02586632519207778
3001.8864415948497	0.025785422130898586
2989.8051260604498	0.025705006076349617
2977.7805287495644	0.025625075716104662
2965.8123501889104	0.025545629735629263
2953.9002909052056	0.025466666818743492
2942.0440514251763	0.02538818564818572
2930.2433322755405	0.025310184906191722
2918.4978339830163	0.025232663275077973
2906.8072570743298	0.02515561943784077
2895.1713020761986	0.025079052078757384
2883.589669515341	0.025002959884002227
2872.0620599184826	0.024927341542267493
2860.5881738123426	0.02485219574540143
2849.1677117236372	0.024777521189044662
2837.800374179094	0.02470331657328425
2826.4858617054274	0.02462958060332002
2815.2238748293635	0.024556311990131228
2804.014114077618	0.02448350945115801
2792.856279976917	0.02441117171099872
2781.750073053975	0.02433929750210473
2770.695193835519	0.024267885565495667
2759.6913428482667	0.02419693465148251
2748.738220618936	0.024126443520395904
2737.8355276742527	0.024056410943332468
2726.982964540935	0.023986835702904483
2716.1802317457004	0.023917716594006353
2705.4270298152765	0.02384905242458616
2694.7230592763767	0.02378084201643315
2684.068020655728	0.023713084205971065
2673.4616144800484	0.023645777845065868
2662.903502654958	0.023578951714997166
2652.3416932101904	0.023510774256872587
2641.8081349209824	0.02344219975565485
2631.3221319192553	0.02337406127929388
2620.883479762964	0.023306359347303247
2610.4919740100563	0.023239094497029468
2600.1474102184798	0.023172267284196055
2589.8495839461903	0.023105878283461483
2579.5982907511334	0.023039928088970183
2569.393326191264	0.022974417314924566
2559.234485824527	0.022909346596153124
2549.1215652088795	0.022844716588694098
2539.0543599022644	0.022780527970383872
2529.0326654626388	0.022716781441452834
