8507.046440977161	0.00255377338018541
8476.927413917303	0.0023927359783311865
8446.942640920855	0.002232084576824843
8417.09152213841	0.002071819180144799
8387.373457720527	0.0019119397747224334
8357.7878478178	0.0017524463289752723
8328.334092580797	0.0015933387933379773
8299.011592160106	0.0014346171002983484
8269.819746706296	0.0012762811644340154
8240.757956369942	0.0011183308824544728
8211.825621301632	0.000960766133242652
8183.0221416519325	0.0008035867778999759
8154.346917571435	0.0006467926597952909
8125.799349210709	0.0004903836046147621
8097.378836720325	0.0003343594204145052
8069.084780250877	0.000178719897675459
8040.916579952933	0.00002346480936403205
8012.873635977066	0.00013140608900928227
7984.955348473867	0.00028589305932695633
7957.1611175939	0.0004399963807967073
7929.490343487757	0.0005937163498819959
7901.942426306007	0.0007470532802356852
7874.516766199223	0.0009000075026213672
7847.212763317995	0.0010525793648382
7820.029817812896	0.0012047692316425474
7792.967329834494	0.001356577484665323
7766.024699533384	0.0015080045223271562
7739.2013270601265	0.00165905075975304
7712.496612565315	0.0018097166286795345
7685.909956199514	0.001960002577364971
7659.440758113315	0.002109909070492197
7633.088418457286	0.0022594365890713547
7606.852337382001	0.002408585630339553
7580.731915038051	0.0025573567076555047
7554.726551575999	0.0027057503503958888
7528.835647146438	0.0028537671038439067
7503.058601899937	0.0030014075290800144
7477.394815987069	0.0031486722028653998
7451.843689558424	0.003295561717524975
7426.404622764573	0.003442076680828308
7401.077015756088	0.003588217715867179
7375.860268683559	0.0037339854609269485
7350.753781697558	0.003879380569360798
7325.756954948657	0.004024403709460065
7300.869188587445	0.004169055564314413
7276.089882764494	0.004313336831681921
7251.418437630376	0.004457248223843572
7226.85425333568	0.004600790467463986
7202.396730030973	0.004743964303444315
7178.045267866844	0.00488677048677652
7153.799266993859	0.005029209786387943
7129.658127562609	0.005171282984991191
7105.6212497236575	0.005312990878925928
7081.688033627596	0.005454334277997453
7057.857879424995	0.005595314005315752
7034.130187266427	0.005735930897129977
7010.504357302482	0.0058761858026573285
6986.979789683726	0.006016079583916154
6963.5558845607475	0.006155613115545004
6940.232042084119	0.006294787284631884
6917.007662404412	0.006433602990527389
6893.882145672217	0.006572061144666421
6870.854892038106	0.0067101626703798415
6847.92530165265	0.00684790850270078
6825.09059413369	0.006984635639404778
6802.334492644215	0.007115549994703845
6779.674261321076	0.007246074508914462
6757.109318362247	0.007376215590129335
6734.310836681489	0.007516343529171037
6711.508223102398	0.007659267493506638
6688.799069984618	0.0078019029633631274
6666.183035379382	0.007944249227643151
6643.659777337947	0.008086305575633378
6621.228953911547	0.008228071296909526
6598.890223151439	0.008369545681240764
6576.643243108858	0.00851072801848962
6554.48767183506	0.00865161759851707
6532.423167381284	0.008792213711075521
6510.449387798772	0.00893251564571255
6488.5659911387775	0.009072522691663795
6466.772635452544	0.009212234137748224
6445.068978791309	0.009351649272262098
6423.454679206331	0.009490767382870807
6401.929394748841	0.009629587756500175
6380.492783470099	0.009768109679222595
6359.144503421344	0.009906332436147488
6337.88421265382	0.010044255311302859
6316.71156921877	0.01018187758752649
6295.626231167446	0.010319198546342227
6274.6278565510875	0.01045621746784318
6253.716103420948	0.010592933630573703
6232.890629828267	0.01072934631140601
6212.151093824287	0.010865454785414692
6191.497153460262	0.01100125832575559
6170.928466787428	0.011136756203538158
6150.44469185704	0.011271947687696047
6130.045486720335	0.011406832044858357
6109.730509428567	0.011541408539218732
6089.499418032971	0.011675676432402644
6069.351870584805	0.011809634983334169
