600.9483248428386	0.0037073791682062725
598.1789231086776	0.003694857835549337
595.4240068780246	0.003682169154480291
592.683494535598	0.0036693111827715828
589.9573044661133	0.003656281923367792
587.2453550542891	0.0036430793232095785
584.547564684841	0.003629701272044424
581.8638517424872	0.003616145601214046
579.1941346119443	0.003602410082424286
576.5383316779285	0.0035884924265034016
573.896361325158	0.003574390282137346
571.2681419383485	0.0035601012345782028
568.6535919022186	0.003545622804354748
566.0526296014845	0.0035309524459377333
563.4651734208625	0.0035160875464088966
560.891141745071	0.00350102542409438
558.3304529588261	0.0034857633271833405
555.783018476916	0.003470273342959075
553.2487440012115	0.003454506375355985
550.7275682778953	0.0034385324479366025
548.2194100857178	0.0034223499814961967
545.7241882034277	0.0034059573456326707
543.2418214097736	0.0033893528574917143
540.7722284835062	0.003372534780492055
538.3153282033736	0.003355501323030534
535.871039348125	0.0033382506371708075
533.4392806965105	0.0033207808172975623
531.0199710272784	0.00330308989876702
528.613029119179	0.0032851758565174863
526.2183737509604	0.0032670366036722668
523.8359237013731	0.003248669990111367
521.4655977491656	0.0032300738010228184
519.1073146730868	0.0032112457554274655
516.7609932518868	0.0031921835046878704
514.4139342742092	0.0031743767857883996
512.077849106536	0.0031564357764449083
509.75352076732133	0.0031382558902180715
507.4408854581632	0.0031198061954861127
505.1398909232623	0.003101100854213585
502.8504814948767	0.003082140727993426
500.5725999620065	0.0030629205334717587
498.3061891136538	0.0030434348902508936
496.051191738819	0.0030236783194791225
493.8075506265023	0.003003645242413244
491.5752085657057	0.0029833299789784194
489.35410834542955	0.00296272674629532
487.1441927546742	0.0029418296572034496
484.9454045824416	0.0029206327187553515
482.7576866177315	0.002899129830698
480.58098164954595	0.002877314783935966
478.4152324668846	0.002855181258973372
476.26038185874967	0.0028327228243390425
474.1163726141407	0.002809932934990158
471.9831475220597	0.002786804930695542
469.8606494528549	0.002763332379949821
467.7488262379222	0.002739529906192428
465.64761536877893	0.0027153680823170413
463.55695952435434	0.0026908392881956743
461.47680138358	0.0026659357716297127
459.4070836253855	0.0026406496465193677
457.347748928701	0.002614972891023962
455.2987399724576	0.0025888973456835405
453.2599994355854	0.002562414711529532
451.2314699970141	0.0025355165481619423
449.2130943356752	0.002508194271807457
447.20481513049856	0.0024804391533479334
445.2065750604139	0.0024522423163295284
443.21831680435275	0.0024235947349364427
441.2399830412449	0.002394487231949166
439.2715164500203	0.0023649104766626195
437.3128597096102	0.002334854982790633
435.3639767671352	0.002304408508354648
433.4247902061885	0.002273470102843576
431.49524002039357	0.002242017470108608
429.5752682789157	0.002210037563133042
427.66481705091803	0.0021775171177385827
425.76382840556596	0.0021444426498034817
423.8722444120231	0.002110800452442212
421.9900071394534	0.002076576593146479
420.11705865702197	0.002041756910889288
418.2533410338925	0.0020063270131866037
416.398796339229	0.001970272273118842
414.55336664219647	0.0019335778263099546
412.7169940119583	0.0018962285678630524
410.8896205176797	0.0018582091492542429
409.0712136674046	0.0018196278699293574
407.2617126310773	0.0017804563343516413
405.4610335286438	0.0017405524100317527
403.66911679274256	0.00169989145814072
401.8859028560101	0.0016584484366335144
400.1113321510848	0.0016161978953945614
398.3453451106038	0.0015731139713276766
396.5849912850428	0.0015295525118750434
394.82661660439425	0.0014859641074931175
393.0766641435667	0.0014414631357633006
391.33509050693004	0.001396019769043031
389.60185229885246	0.001349603726306721
387.87690612370386	0.001302184268295606
386.1602813552396	0.001254105381362093
384.45187220834845	0.0012050172576112009
