3778.817606014395	0.018542601319545292
3764.561339880968	0.018674748644228585
3750.3706962393644	0.01880649839559586
3736.2453836457667	0.018937850454589535
3722.185110656343	0.01906880470477642
3708.189585827274	0.019199361032148882
3694.2585177147275	0.019329519324932154
3680.3916148748854	0.0194592794733711
3666.5885858639167	0.019588641369530105
3652.849139237995	0.019717604907084484
3639.1729835533006	0.01984616998110178
3625.559827366001	0.01997433648783153
3612.0093792322778	0.02010210432448188
3598.521347708302	0.02022947338899766
3585.095441350244	0.020356443579839057
3571.7313687142855	0.020483014795744842
3558.428838356598	0.020609186935506923
3545.1875588333533	0.020734959897731272
3532.007238700731	0.020860333580596007
3518.887586514899	0.020985307881616604
3505.8283108320393	0.02110988269739527
3492.8291202083233	0.021234057923368282
3479.8897231999213	0.02135783345356337
3467.009828363015	0.02148120918033312
3454.1891442537744	0.02160418499410226
3441.4273794283727	0.021726760783103986
3428.724242442989	0.021848936433110103
3416.079441853793	0.021970711827165722
3403.492686216964	0.02209208684531301
3390.963684088671	0.022213061364315785
3378.4921440250946	0.022333635257378
3366.077774582406	0.02245380839385953
3353.7202843167775	0.02257358063899343
3341.419381784389	0.022692951853585268
3329.174775541408	0.022811921893726866
3316.986174144017	0.022930490610495024
3304.8532861483855	0.02304865784964616
3292.7758201106863	0.023166423451316236
3280.753484587099	0.02328378724970534
3268.7859881337963	0.023400749072769244
3256.8730393069486	0.02351730874189689
3245.0143466627364	0.023633466071593348
3233.209618757332	0.023749220869154052
3221.458564146906	0.023864572934335103
3209.7608913876393	0.023979522059017246
3198.116309035704	0.02409406802687608
3186.52452564727	0.024208210613035224
3174.9852497785196	0.024321949583723777
3163.49818998562	0.02443528469592673
3152.063054824752	0.024548215697031094
3140.679552852084	0.024660742324471043
3129.3473926237966	0.024772864305362352
3118.066282696059	0.024884581356139277
3106.8359316250503	0.024995893182183586
3095.6560479669424	0.025106799477449922
3084.5263402779083	0.02521729992408813
3073.4405849666236	0.025323492430954223
3062.4042526193375	0.0254291389780946
3051.4172334963046	0.025534358275348435
3040.479243671121	0.025639154917719505
3029.589999217379	0.025743533555834665
3018.7492162086814	0.02584749889599432
3007.956610718622	0.02595105570020291
2997.2118988207953	0.026054208786214134
2986.5147965888027	0.02615696302756164
2975.865020096239	0.026259323353594502
2965.262285416697	0.026361294749504643
2954.7063086237804	0.026462882256357574
2944.1968057910826	0.026564090971119128
2933.7334929921976	0.026664926046675776
2923.316086300727	0.0267653926918608
2912.944301790263	0.026865496171473987
2902.567073534152	0.02696817437619184
2892.134934174038	0.027076304381496916
2881.7475339131815	0.027184136300597704
2871.4046979260506	0.02729166940311926
2861.106251387127	0.02739890294678888
2850.8520194708817	0.027505836177177497
2840.6418273517866	0.027612468327455245
2830.4755002043207	0.027718798618135004
2820.3528632029575	0.027824826256816364
2810.273741522168	0.027930550437927443
2800.2379603364316	0.02803597034246637
2790.2453448202186	0.02814108513773292
2780.2957201480076	0.02824589397706877
2770.3889114942717	0.028350395999588513
2760.524744033485	0.028454590329906156
2750.703042940119	0.028558476077867163
2740.923633388654	0.02866205233827314
2731.186340553559	0.028765318190601182
2721.490989609314	0.02886827269872819
2711.837405730391	0.028970914910649133
2702.225414091262	0.02907324385818987
2692.6548398664054	0.029175258556722882
2683.125508230293	0.02927695800487735
2673.6372443574023	0.029378341184249132
2664.189873422204	0.029479407059104533
2654.783220599177	0.029580154576087543
2645.4171110627917	0.029680582663915503
2636.0913699875264	0.029780690233083607
