817.7323342993169	0.00039825600294244993
814.0493288859199	0.00043509142963591053
810.3847621729446	0.00047214427974978803
806.73854692643	0.0005094191498687309
803.1105959124103	0.0005469207271069039
799.5008218969239	0.000584653790456332
795.9091376460057	0.000622623212141802
792.335455925694	0.0006608339589944845
788.7796895020241	0.0006992910938451942
785.241751141032	0.0007379997769262753
781.7215536087557	0.000776965267295593
778.2190096712302	0.0008161929242755761
774.7340320944936	0.0008556882089051766
771.2665336445816	0.000895456685415023
767.8164270875299	0.0009355040227158409
764.3836092309704	0.000975878069497224
760.968004245058	0.0010165550687245407
757.5695301834681	0.0010575271105276013
754.1881001235847	0.0010987994428478692
750.8236271427882	0.0011403774110867353
747.4760243184625	0.0011822664595574324
744.145204727989	0.001224472132954328
740.8310814487493	0.0012670000778425374
737.533567558127	0.0013098560441640462
734.2525761335036	0.0013530458867631546
730.9880202522604	0.0013965755669331592
727.7398129917817	0.0014404511539774943
724.5078674294477	0.0014846788267995662
721.2920966426424	0.0015292648754985396
718.0924137087462	0.001574215703002504
714.9087317051433	0.0016195378267077247
711.740963709215	0.0016652378801493744
708.5890227983425	0.001711322614684676
705.4528220499099	0.0017577989012080338
702.3322788760771	0.0018046613055718577
699.2273060119305	0.0018519177647786846
696.1378122200625	0.001899587844651271
693.0637104257697	0.001947679364557463
690.0049135543507	0.00199620028012987
686.9613345311018	0.002045158685184426
683.9328862813196	0.0020945628136775263
680.9194817303027	0.0021444210416757667
677.9210338033474	0.002194741889361246
674.93745542575	0.002245534023063229
671.9686595228096	0.002296806257307553
669.0145590198223	0.002348567556910416
666.0750668420845	0.002400827039086154
663.1500959148949	0.0024535939755914713
660.2395591635491	0.00250687779489875
657.3433695133459	0.002560688084398812
654.4614398895809	0.0026150345926365445
651.593686601077	0.0026699167851266417
648.7400561104627	0.0027252406074663245
645.9004228866672	0.0027811345779391963
643.0746989525713	0.0028376119914627477
640.2627963310564	0.0028946863653167214
637.4646270450049	0.002952371442062637
634.6801031172977	0.0030106811925003345
631.9091365708174	0.003069629818675605
629.1516394284453	0.003129231756921759
626.4075237130621	0.003189501680951482
623.6767014475511	0.0032504545049940885
620.9590846547933	0.0033121053869784025
618.2545853576695	0.003374469731765035
615.5631155790627	0.0034375631944284276
612.8768531629948	0.0035006608211804527
610.1957729904082	0.00356378148836495
607.5275369030228	0.0036275208610221676
604.8720775169529	0.0036919110436000237
602.2292831970643	0.003757132380349319
599.5990884165376	0.0038232137370477126
596.9814276485502	0.003890184425548432
594.3762353662821	0.0039580742085116565
591.7834460429112	0.004026913304193608
589.2029941516178	0.004096732391279188
586.6348141655791	0.004167562613768973
584.0788405579755	0.004239435585912789
581.5350078019853	0.004312383397200685
579.0032503707869	0.004386438617405641
576.4835027375602	0.004461634301678714
573.9756993754836	0.004538003995709238
571.4799145766614	0.004615090119886563
568.995967065851	0.004693329575619247
566.5237514604462	0.004772897635758012
564.0631957511345	0.004853853648120829
561.6142279286018	0.004936257883402738
559.1767759835344	0.005020171544886879
556.7507679066184	0.005105656778260938
554.3361316885411	0.00519277668158036
551.9327953199879	0.005281595315337212
549.5406867916465	0.005372177712680818
547.1597340942026	0.005464589889770254
544.789865218342	0.005558898856260189
542.4313465376785	0.00565391953952419
540.0837440454964	0.005751051044323741
537.7469626159959	0.005850450840893377
535.420912314091	0.00595225946620074
533.1055032046974	0.0060566196872026265
530.8006453527289	0.006163676525240258
528.5062488231015	0.0062735772808907835
