686.0335472176055	0.002435331607690515
682.8363323387945	0.002446740477629613
679.6551960279118	0.0024582387548149004
676.4900368672224	0.0024699239917083332
673.3408200979925	0.0024816963054499403
670.2074759204585	0.0024935591941410255
667.0899345348536	0.002505516234167546
663.9881261414142	0.0025175710814105915
660.9019809403744	0.0025297274724708453
657.8314291319684	0.0025419892259090824
654.7764009164324	0.002554360243500233
651.7368264939998	0.0025668445114951873
648.7126360649071	0.0025794461019067747
645.7037598293882	0.0025921691738005417
642.7101279876773	0.0026050179746058976
639.7316707400108	0.002617996841441348
636.7683182866226	0.0026311102024473274
633.8200008277472	0.0026443625781449234
630.8866485636206	0.002657758582800666
627.9681916944761	0.0026713029258111794
625.0645604205504	0.0026850004130983367
622.1756849420773	0.002698855948527146
619.3014868429568	0.002712902502589887
616.4418917159835	0.0027271605862119745
613.5968436922848	0.0027415903665889063
610.7662733437477	0.0027561959031373096
607.9501112422621	0.002770981337942707
605.1482879597146	0.0027859508970456137
602.3607340679947	0.002801108891730248
599.587380138989	0.0028164597198413006
596.8281567445875	0.00283200786710418
594.0829944566773	0.0028477579084732496
591.3518238471459	0.002863714509486447
588.6345754878827	0.002879882427641236
585.9311799507744	0.002896266513784869
583.241567807711	0.0029128717135228693
580.5656696305796	0.0029297030686446955
577.9034159912676	0.002946765718567151
575.2547374616646	0.00296406490178971
572.619564613658	0.0029816059573768575
569.9978270644089	0.002999397689341657
567.3894530852787	0.003017453828109814
564.7943766518703	0.0030357680821613787
562.2125284210213	0.0030543458982844
559.6438390495713	0.0030731928259472765
557.0882391943578	0.003092314518832439
554.5456595122184	0.0031117167363890726
552.0160306599926	0.003131405345402649
549.4992832945173	0.0031513863215927016
546.9953480726322	0.003171665751221241
544.5041556511738	0.003192249832727556
542.0256366869821	0.0032131448783806684
539.5597218368938	0.0032343573159583513
537.1063417577484	0.003255893690438657
534.6654271063834	0.003277760665722871
532.2369085396366	0.0032999650263748175
529.8207167143472	0.003322513679386499
527.416788998016	0.0033453881380224883
525.0250530169503	0.0033686067912372065
522.6454351897436	0.0033921929948101995
520.2778659148536	0.0034161551860596
517.9222755907402	0.003440501951996336
515.5785946158612	0.0034652420314129117
513.2467533886744	0.0034903843170029296
510.92668230763957	0.0035159378575053794
508.61831177121456	0.0035419118598800166
506.3215721778572	0.0035683156915074475
504.03639392602724	0.003595158882427053
501.76270741418256	0.0036224511275984666
499.50044304078097	0.003650202289196852
497.24953120428216	0.0036784223989410215
495.0099023031434	0.003707121660453052
492.7815041737758	0.0037362395462713464
490.5642592902449	0.003765818027679321
488.35808673083113	0.003795913756001351
486.16291605780305	0.003826541185677953
483.9786768334314	0.003857715017532169
481.80529861998525	0.0038894502019662922
479.6427109797337	0.003921761942203327
477.4908434749475	0.003954665697575347
475.34962566789585	0.003988177186862877
473.2189871208476	0.004022312391677402
471.0988573960738	0.004057087559900745
468.9891660558428	0.004092519209168012
466.88984266242534	0.0041286241304102425
464.7952845625751	0.004164754687149927
462.7060597802724	0.004200862626286682
460.62701287535947	0.004237709634720705
458.5580905391522	0.004275325499490133
456.4992394629647	0.004313740484133771
454.45040633811294	0.004352985333863757
452.41153785591155	0.004393091280785459
450.382580707675	0.004434090049172793
448.36348158471935	0.004476013860794224
446.35418717835864	0.004518895440306654
444.3546441799089	0.004562768020691022
442.36479928068417	0.004607665348758587
440.3846424276966	0.004653425150548188
438.4141316863964	0.0047000276864513
436.4531491257021	0.00474780118295499
