840.0128405141584	0.013758313958012186
836.3561226831665	0.013747308035517965
832.7169463662769	0.01373631052693326
829.0952391229614	0.013725319234975296
825.4909285126878	0.013714331904354386
821.9039420949272	0.013703346220901191
818.3342074291477	0.013692359810680243
814.7816520748207	0.013681370239092534
811.246203591415	0.013670375009975314
807.7277895383993	0.013659371564689361
804.226337475245	0.013648357281199876
800.74177496142	0.013637329473144699
797.2740295563958	0.01362628538889667
793.823028819641	0.013615222210619398
790.3887003106245	0.013604137053308239
786.9709715888176	0.013593026963826072
783.5697702136891	0.013581888919930157
780.1850237447079	0.013570719829289143
776.8166597413452	0.013559516528489246
773.4646057630691	0.01354827578203367
770.1287893693507	0.013536994281332345
766.8091381196591	0.01352566864368189
763.5055795734628	0.01351429541123225
760.2180412902333	0.013502871049953688
756.9464508294395	0.013491391948583904
753.6905935637872	0.013479476970328367
750.4505346069863	0.013467484232614565
747.226208581061	0.013455428618769657
744.0175440225587	0.01344330888938811
740.8244694680228	0.01343112376762434
737.6469134540007	0.013418871938496033
734.4848045170369	0.01340655204817755
731.3380711936761	0.013394162703289816
728.2066420204654	0.013381702470176022
725.0904455339486	0.013369169874173144
721.9894102706727	0.013356563398869618
718.9034647671825	0.013343881485360608
715.8325375600225	0.013331122531492542
712.7765571857398	0.013318284891090944
709.7354521808791	0.013305366873193867
706.709151081985	0.013292366741261784
703.6975824256047	0.013279282712387595
700.7006747482826	0.013266112956494446
697.7183565865636	0.0132528555955227
694.7505564769945	0.013239508702611629
691.7972029561203	0.013226070301265727
688.8582245604853	0.01321253836451585
685.9335498266367	0.013198910814071388
683.0231072911184	0.013185185519457637
680.1268254904776	0.013171360297147891
677.2446329612578	0.013157432909681993
674.3764582400062	0.01314340106478045
671.5222298632667	0.01312926241444167
668.6818763675863	0.013115014554031785
665.8552747946129	0.013100500571280514
663.0423597134734	0.013085734177691221
660.2431066281176	0.013070853120622733
657.4574447939112	0.013055856986748385
654.685303466223	0.013040745338198273
651.9266119004193	0.013025517711906333
649.1812993518665	0.013010173618950188
646.4492950759335	0.012994712543879908
643.7305283279867	0.012979133944039834
641.0249283633922	0.012963437248873947
638.3324244375191	0.012947621859232457
635.6529458057335	0.012931687146656361
632.986421723402	0.012915632452659686
630.3327814458934	0.012899457088001484
627.6919542285739	0.012883160331942495
625.0638693268102	0.012866741431495738
622.4484559959706	0.012850199600663945
619.8456434914211	0.012833534019670363
617.2553610685302	0.012816743834175321
614.6775379826638	0.012799828154481009
612.1121034891905	0.012782786054727501
609.5589868434759	0.01276561657208074
607.0181173008885	0.012748318705901764
604.4894241167951	0.012730891416909957
601.9728365465621	0.012713333626333699
599.468283845558	0.012695644215049415
596.9756952691491	0.012677822022708354
594.4950000727023	0.012659865846850625
592.0260749943624	0.012641597580106878
589.568888994189	0.012623148015656446
587.123385464057	0.01260456327720547
584.6894942120479	0.012585843914931526
582.2671450462436	0.012566990463547615
579.8562677747262	0.012548003441612334
577.4567922055787	0.012528883350833228
575.0686481468823	0.012509630675359505
572.6917654067203	0.01249024588105962
570.3260737931743	0.012470729414790261
567.971503114326	0.01245108170365549
565.6230040045032	0.01243193892320613
563.274461334541	0.012414079907223877
560.9368483542587	0.012396098377520169
558.6101166350057	0.012377991848171234
556.2942177481342	0.012359757781743134
553.9891032649934	0.012341393588519217
551.6947247569352	0.01232289662571289
