9775.491921554685	0.0008501626058488456
9741.500321747477	0.0006809249566350437
9707.65501991799	0.0005119255480286516
9673.955440439227	0.00034316686176776777
9640.401007684151	0.00017465139847506526
9606.991146025763	6.381677867243175e-6
9573.725279837028	0.0001616397610233232
9540.602833490944	0.0003294103596356796
9507.623231360487	0.0004969275396577783
9474.78589781863	0.0006641887028102071
9442.09025723837	0.0008311912306211207
9409.535733992678	0.0009979324842015814
9377.121752454548	0.0011644098040276623
9344.847736996957	0.0013306205097082596
9312.713111992878	0.001496561899759152
9280.717301815312	0.0016622312513747803
9248.859730837228	0.001827625820198426
9217.139823431604	0.001992742840090732
9185.557003971438	0.002157579522894267
9154.110696829699	0.0023221330582027517
9122.800326379383	0.0024864006131188913
9091.625316993463	0.0026503793320257875
9060.585093044916	0.002814066336338553
9029.679078906738	0.002977458724270534
8998.906698951905	0.003140553570587349
8968.267377553391	0.003303347926365189
8937.760539084196	0.0034658388187461696
8907.385607917284	0.003628023250689669
8877.142008425653	0.0037898982007268517
8847.029164982276	0.0039514606227071345
8817.04650196014	0.004112707445550545
8787.193443732227	0.004273635572992543
8757.469414671512	0.004434241883331436
8727.87383915099	0.004594523229167966
8698.40614154363	0.004754476437151735
8669.065746222428	0.0049140983077192255
8639.852077560361	0.005073385614833609
8610.764559930401	0.005232335105720275
8581.802617705547	0.005390943500601264
8552.965675258776	0.005549207492432044
8524.25315696306	0.005707123746628422
8495.664487191396	0.005864688900798746
8467.199090316763	0.0060218995644717895
8438.85639071213	0.006178752318819372
8410.6358127505	0.0063352437163849105
8382.536780804843	0.006491370280799164
8354.558719248138	0.006647128506505683
8326.70105245338	0.006802514858474919
8298.96320479354	0.0069575257719204624
8271.344600641609	0.0071121576520117614
8243.844664370561	0.007266406873586603
8216.461104564794	0.007419833522414601
8189.165137452564	0.0075652348552516496
8161.986110858078	0.007710191346593982
8134.923473289431	0.00785470526833994
8107.976673254711	0.007998778938559296
8081.145159262029	0.008142414721615386
8054.428379819469	0.008285615028288175
8027.8257834351425	0.008428382315889745
8001.336818617139	0.008570719088381437
7974.960933873551	0.008712627896486306
7948.697577712488	0.008854111337801866
7922.5461986420405	0.008995172056906114
7896.5062451703	0.009135812745469688
7870.577165805375	0.009276036142350758
7844.75840905536	0.009415845033706665
7819.049423428342	0.00955524225308596
7793.449657432435	0.009694230681531586
7767.958559575726	0.009832813247671985
7742.57557836631	0.009970992927816603
7717.300162312293	0.010108772746045562
7692.131759921763	0.010246155774298063
7667.069819702829	0.010383145132460653
7642.113790163575	0.010519743988448321
7617.263119812112	0.010655955558292128
7592.517257156524	0.010791783106212668
7567.87565070492	0.01092722994470551
7543.337748965394	0.011062299434610848
7518.903000446035	0.011196994985194794
7494.570853654954	0.011331320054214482
7470.340757100239	0.011465278147994088
7446.212159289985	0.011598872821490358
7422.184508732301	0.01173210767836296
7398.2572539352705	0.011864986371034442
7374.429843407004	0.011997512600758741
7350.701725655594	0.012129690117679314
7327.072349189135	0.012261522720892832
7303.54116251572	0.012393014258502607
7280.107614143459	0.012524168627680164
7256.771152580437	0.012654989774719154
7233.531226334762	0.012785481695087855
7210.387283914527	0.012915648433484242
7187.3387738278225	0.01304549408388629
7164.385144582759	0.013175022789601885
7141.5258446874195	0.013304238743317159
7118.760322649916	0.013433146187146031
7096.088026978332	0.013561749412675708
7073.508406180778	0.013690052761011318
7051.020908765339	0.013818060622822526
7028.624983240125	0.013945777438385673
