1452.027242416816	0.00020791172101503419
1445.8108739544173	0.00014937717810589463
1439.6249703769513	0.00009059261017989147
1433.4693783602793	0.000031553916895634356
1427.3439445802567	0.00002774308395280625
1421.2485157127448	0.0000873026576671117
1415.1829384335986	0.00014712915389575754
1409.1470594186799	0.000207227007899444
1403.1406849924429	0.0002676592219615247
1397.1636197138992	0.00032849244873093717
1391.2157950699886	0.0003896089584981417
1385.2970589085794	0.00045101178635429605
1379.4072590775463	0.0005127040301174839
1373.5462434247584	0.0005746888514281597
1367.7138597980857	0.0006369694768521891
1361.9099560454022	0.0006995491990062991
1356.1343800145776	0.0007624313776934475
1350.3869795534815	0.000825619441056515
1344.6676025099882	0.0008891168867461684
1338.976096731966	0.0009529272831052431
1333.3123100672888	0.0010170542703682524
1327.6760903638262	0.0010815015618802384
1322.0672854694483	0.0011462729453247471
1316.4857432320289	0.001211372283979199
1310.931311499438	0.0012768035179793829
1305.4038381195448	0.001342570665602451
1299.9031709402238	0.001408677824570035
1294.429157809343	0.0014751291733688787
1288.9816465747767	0.0015419289725860626
1283.5604850843931	0.0016090815662665433
1278.1655211860666	0.0016765913832884802
1272.7966027276661	0.001744462938758022
1267.4535710382215	0.0018127112863057055
1262.1362364569322	0.001881401633615689
1256.8444919095352	0.0019504667787386132
1251.5781858160583	0.0020199106495942033
1246.3371665965253	0.0020897372519512103
1241.1212826709598	0.0021599506708024504
1235.93038245939	0.0022305550717601702
1230.7643143818395	0.002301554702476592
1225.6229268583322	0.002372953894075977
1220.5060683088964	0.0024447570626176
1215.4135871535552	0.0025169687105784577
1210.3453318123327	0.002589593428352223
1205.301150705257	0.0026626358957796375
1200.2808922523516	0.0027361008836968284
1195.2844048736408	0.002809993255506
1190.3115369891523	0.002884317968776985
1185.3621370189082	0.002959080076864752
1180.4360533829367	0.0030342847305574474
1175.5233522106703	0.003109323575588461
1170.6097353959701	0.0031833091152334665
1165.7190222674744	0.003257747437718229
1160.8511078118752	0.003332647117047185
1156.005888969487	0.003408013426407104
1151.1832931820297	0.0034837979113516637
1146.3831801306974	0.0035600713221874626
1141.605444300648	0.003636843675121318
1136.8499801770447	0.0037141251385843553
1132.116682245047	0.0037919260349739956
1127.4054449898138	0.003870256842411854
1122.7161628965086	0.003949128196523412
1118.0487304502906	0.004028550892235613
1113.4030421363193	0.004108535885588757
1108.7789924397575	0.004189094295571769
1104.176475845765	0.004270237405975089
1099.5953868395006	0.004351976667262471
1095.0356199061277	0.004434323698464259
1090.4970695308057	0.00451729028908865
1085.979630198694	0.00460088840105404
1081.4831963949553	0.004685130170647991
1077.007662604748	0.004770027910496536
1072.5529233132352	0.004855594111565548
1068.118873005575	0.004941841445180405
1063.705429196505	0.005028738821712344
1059.312564411941	0.005116149209535857
1054.9400678812638	0.005204285937352104
1050.5878319313879	0.005293166676638594
1046.2557488892292	0.005382809359070379
1041.943711081705	0.005473232179320524
1037.6516108357307	0.005564453597897629
1033.3793404782211	0.005656492344003764
1029.126792336095	0.005749367418437746
1024.8938587362654	0.005843098096522377
1020.6804320056514	0.0059377039310677185
1016.4864044711675	0.006033204755373029
1012.3116684597298	0.0061296206862591004
1008.1561162982534	0.006226972127138249
1004.0196403136565	0.006325279771125299
999.9021328328531	0.006424564604180629
995.8034861827613	0.006524847908298608
991.7235926902961	0.006626151264731533
987.662507783453	0.006728161488341857
983.6200707679699	0.006831006022561075
979.5960490969301	0.006934963203215275
975.5903288039406	0.007040069280072085
971.6027959226049	0.007146361035774555
967.6333364865302	0.007253875791371926
963.6818365293199	0.0073626514119243544
959.7481820845809	0.007472726312187277
