1219.867270612519	0.0003593220475881962
1214.4896427834994	0.0003385756470041311
1209.1385164411795	0.00031780893235927165
1203.8137727431497	0.00029701971541484275
1198.5152928469952	0.00027620574731863066
1193.2429579103068	0.0002553647176431676
1187.9966490906693	0.0002344942534097846
1182.7762475456736	0.00021359191810398195
1177.5816344329064	0.00019265521068310523
1172.412690909954	0.00017168156456855754
1167.2692981344073	0.0001506683466327587
1162.151337263851	0.00012961285617309968
1157.0586894558762	0.00010851232387871221
1151.9912358680692	0.00008736391077865066
1146.9488576580165	0.0000661647071905322
1141.931435983309	0.000044911731650615524
1136.938852001533	0.000023601929835915092
1131.9709868702755	2.2321734745327927e-6
1127.0277217471266	0.000019200740754862752
1122.1087662882885	0.00004100981688645694
1117.214173807613	0.00006289017803984563
1112.3438281450447	0.00008484037275683737
1107.497611797713	0.00010686140130568903
1102.6754072627505	0.00012895430181943777
1097.8770970372855	0.0001511201510701456
1093.102563618447	0.0001733600652549046
1088.3516895033677	0.0001956752007858497
1083.6243571891748	0.00021806675509974586
1078.920449173001	0.00024053596746716053
1074.2398479519738	0.00026308411982090403
1069.5824360232257	0.0002857125375884729
1064.9480958838853	0.00030842259053828015
1060.3367100310816	0.00033121569363829426
1055.7481609619472	0.0003540933079160569
1051.182331173609	0.00037705694134444127
1046.6391031632002	0.00040010814972268514
1042.1183594278493	0.0004232485375786958
1037.6199824646853	0.00044647975908142636
1033.14385477084	0.00046980351895845263
1028.689858843443	0.0004932215734302919
1024.2578771796227	0.0005167357311566231
1019.8477922765115	0.0005403478541887037
1015.4594866312384	0.0005640598589402954
1011.092842740932	0.0005878737171648076
1006.747743102725	0.0006117914569471626
1002.4240702137458	0.0006358151637096649
998.121602218129	0.0006601585299798975
993.8403107342002	0.0006846450192529925
989.580096007509	0.00070924101331337
985.3408415863474	0.0007339466246406031
981.1224310190029	0.0007587619911854243
976.9247478537674	0.0007836872771151389
972.7476756389285	0.000808722673573151
968.5910979227781	0.0008338683994498233
964.4548982536049	0.000859124702161347
960.3389601796977	0.0008844918584424534
956.2431672493483	0.0009099701751539022
952.1674030108444	0.0009355599900927197
948.1115510124778	0.0009612616728258623
944.0754948025372	0.0009870756255246015
940.0591179293114	0.0010130022838197898
936.0623039410921	0.0010390421176636544
932.0849363861682	0.0010651956322072912
928.1268988128284	0.0010914633686886926
924.1880747693643	0.001117845905335645
920.268347804065	0.0011443438582781629
916.367601465219	0.0011709578824768549
912.485719301118	0.0011976886726638171
908.622584860051	0.001224536964293723
904.7780816903066	0.0012515035345146265
900.9520933401767	0.001278589203146029
897.1444787174057	0.0013058503331627115
893.3550960042218	0.0013333459029722455
889.583880154132	0.0013609615343751508
885.830715456792	0.001388696504906545
882.0728282625428	0.001414771788537668
878.3323755291669	0.00144092584114601
874.6096827657335	0.001467192584516333
870.9046691817093	0.001493574180847126
867.2172539865638	0.0015200728426695662
863.5473563897635	0.0015466908336628168
859.894895600775	0.0015734304694771152
856.2597908290676	0.001600294118573889
852.6419612841072	0.001627284203062884
849.041326175363	0.0016544031995649657
845.4578047123018	0.0016816536400715671
841.891316104391	0.0017090381128165469
838.3417795610973	0.0017365592631667676
834.80911429189	0.0017642197945115254
831.2932395062348	0.001792022469168947
827.7940744136013	0.0018199701092997192
824.311538223456	0.0018480655978337075
820.8455501452653	0.001876311879406586
817.3960293884988	0.0019047119613033975
813.9628951626223	0.0019332689144196025
810.5460449927565	0.0019620398640228273
807.1453957425183	0.0019910345499793425
803.7608917313023	0.002020193951794045
800.3924526949237	0.002049520049031842
797.0399983692012	0.002079014867553861
