873.295012066457	0.007909018405832522
869.1931700153259	0.007910571649362262
865.1124493720359	0.007912311773229434
861.052823078067	0.007914074164097696
857.014192358609	0.007915860663708857
852.9964584388559	0.007917673169354754
848.9995225439978	0.007919513634885614
845.0232858992287	0.007921384071734674
841.0676497297395	0.007923286549950729
837.1325152607213	0.007925223199245511
833.2177837173684	0.00792719621005789
829.3233563248705	0.007929207834621152
825.4491343084217	0.007931260388053314
821.5950188932131	0.007933356249450718
817.7609113044357	0.007935497863006406
813.9467127672835	0.007937687739130532
810.1523245069475	0.007939928455590224
806.3776477486188	0.007942222658660918
802.6225837174914	0.007944573064295395
798.8870336387553	0.007946982459299753
795.1708987376044	0.007949453702526879
791.47408023923	0.007951989726087598
787.796479368823	0.00795459353656721
784.1379865714807	0.007957296026187844
780.4984736366284	0.007960177022570078
776.8778831600649	0.00796313349170452
773.2761170583802	0.007966166908273556
769.6930772481605	0.007969278794311642
766.1286656459959	0.007972470720186187
762.5827841684722	0.007975744305587465
759.0553347321799	0.007979101220530761
755.5462192537057	0.007982543186377034
752.0553396496371	0.007986071976861945
748.5825978365638	0.00798968941914472
745.1278957310722	0.007993397394865548
741.6911352497519	0.007997197841223044
738.2722183091905	0.008001092752057572
734.8710468259751	0.008005084178964684
731.4875227166954	0.00800917423240484
728.1215478979387	0.008013365082843997
724.7730242862922	0.00801765896189811
721.4418537983457	0.008022058163502804
718.1279383506866	0.008026565045088009
714.8311798599018	0.008031182028783715
711.5514556499687	0.008035981411816077
708.2886852123816	0.008040916584320358
705.0427785987606	0.00804596714353116
701.8136382245502	0.008051134308597697
698.6011665051917	0.008056419343278652
695.4052658561291	0.008061823556984182
692.2258386928038	0.008067348305828797
689.06278743066	0.008072994993703501
685.9160144851389	0.00807876507336247
682.7854222716849	0.008084660047525116
679.6709132057398	0.008090681469998993
676.5723897027456	0.008096830946810626
673.4897541781464	0.008103110137367227
670.4229090473838	0.008109520755620771
667.3717567259017	0.008116064571260862
664.3361996291424	0.008122743410917576
661.3161401725475	0.008129559159392685
658.3114807715615	0.008136513760891438
655.3221238416264	0.008143609220296782
652.3479599922846	0.008150884109543118
649.3888997455986	0.00815831587109895
646.4448498548752	0.008165893322398098
643.5157130215126	0.008173617803629863
640.6013919469116	0.008181490705997913
637.7017893324708	0.008189513472944356
634.8143740907234	0.008197476762172506
631.9297595362052	0.008204573921612912
629.0595962401262	0.008211821853307216
626.2038143424869	0.00821922465072819
623.3623439832844	0.008226786489448313
620.5351153025188	0.008234511628353338
617.7220584401877	0.008242404410885596
614.9231035362908	0.008250469266298565
612.1381807308265	0.00825871071091823
609.3672201637928	0.00826713334943194
606.6101519751895	0.008275741876180302
603.8669053482975	0.00828454426848543
601.1374073589299	0.008293555715892787
598.4215923489116	0.00830276722581882
595.7193905655412	0.008312183494411329
593.0307322561194	0.008321809307648215
590.3555476679456	0.008331649542668733
587.6937670483196	0.008341709169112034
585.0453206445403	0.008351993250480768
582.4101387039091	0.008362506945514004
579.7881514737242	0.008373255509583679
577.1792892012868	0.008384244296101174
574.5834821338959	0.008395478757949435
572.0006605188509	0.008406964448924815
569.4307546034527	0.00841870702520206
566.8736946349998	0.008430712246820304
564.3294108607932	0.008442985979176785
561.7978344256546	0.0084555309792808
559.2789009890434	0.008468333810594458
556.7725341841442	0.008481424266506344
554.2786640708149	0.008494809342988642
