2004.7656905650686	0.0072931907804709775
1996.3259634894087	0.00727457909748734
1987.9263558669834	0.007255996447443376
1979.566698682144	0.007237441644743584
1971.2468229192332	0.007218913462480666
1962.9665595626027	0.00720041063176878
1954.7257395965955	0.007181931841071265
1946.5241940055628	0.007163475735527747
1938.3617537738496	0.007145040916267164
1930.2382498858015	0.007126625939720398
1922.1535133257696	0.007108229316921148
1914.107375078097	0.0070898495128075955
1906.0996661271347	0.007071484945507198
1898.1302174572284	0.007053133985628431
1890.1988600527227	0.007034794955531554
1882.3054248979695	0.00701646612860304
1874.4497429773132	0.006998145728520391
1866.6316452750998	0.00697983192850943
1858.8509627756798	0.006961522850594292
1851.1075264633969	0.006943216564842247
1843.4011673226019	0.006924911088603253
1835.7317163376406	0.006906604385737051
1828.0990044928574	0.006888294365841041
1820.5028627726042	0.006869978883464687
1812.9431221612258	0.006851655737318895
1805.4196136430674	0.006833322669482998
1797.9321682024802	0.0068149773645955316
1790.4806168238078	0.006796617449048069
1783.0647904914013	0.006778240490162279
1775.6845201896033	0.006759843995369571
1768.3396369027655	0.006741425411373325
1761.0299716152329	0.006722982123312696
1753.7553553113512	0.0067045114539127995
1746.5156189754707	0.00668601066263209
1739.3105935919357	0.006667476944797969
1732.1400050790307	0.006648784115219809
1725.003294480344	0.006629468184406405
1717.9007919251053	0.006610109637930405
1710.8323310079215	0.006590708537680109
1703.7977453233964	0.0065712649279153455
1696.7968684661316	0.006551778834776267
1689.8295340307354	0.00653225026580784
1682.8955756118103	0.006512679209457362
1675.9948268039589	0.006493065634578593
1669.1271212017887	0.0064734094899249
1662.2922923999029	0.0064537107036375585
1655.4901739929032	0.006433969182722093
1648.7205995753982	0.006414184812528951
1641.9834027419886	0.006394357456214943
1635.278417087282	0.00637448695420738
1628.605476205879	0.0063545731236559315
1621.9644136923882	0.006334615757881221
1615.3550631414098	0.006314614625815081
1608.7772581475515	0.006294569471433346
1602.2308323054162	0.006274480013181635
1595.7156192096068	0.006254345943398239
1589.2314524547305	0.006234166927720363
1582.7781656353884	0.006213942604496964
1576.3555923461881	0.0061936725841813855
1569.9635661817324	0.006173356448723752
1563.6019207366242	0.006152993750955727
1557.2704896054706	0.006132584013965437
1550.9691063828748	0.006112126730467498
1544.6976046634388	0.0060916213621628355
1538.455818041771	0.0060710673390954395
1532.2435801124736	0.006050464058994555
1526.0607244701494	0.006029810886615599
1519.9070847094058	0.006009107153071608
1513.782494424846	0.005988352155153575
1507.686787211072	0.0059675451546473204
1501.6197966626921	0.005946685377640781
1495.5813563743068	0.005925772013818458
1489.571049167586	0.005904462579385624
1483.5887954249995	0.005882870811699317
1477.6345967473549	0.005861223801954518
1471.7082886741703	0.005839523311970149
1465.8097067449698	0.005817771106499667
1459.938686499273	0.005795968952831162
1454.0950634765995	0.005774118620379795
1448.2786732164739	0.0057522218802745885
1442.4893512584156	0.005730280504937141
1436.7269331419443	0.005708296267658417
1430.9912544065842	0.005686270942165287
1425.282150591854	0.005664206302181586
1419.599457237277	0.005642104120981745
1413.9430098823736	0.005619966170942185
1408.284978993037	0.005599481174239479
1402.6386735349538	0.005579841406728528
1397.018177316133	0.005560182281333868
1391.4233783099448	0.005540502335753836
1385.854164489765	0.005520800067626292
1380.3104238289645	0.005501073933928332
1374.7920443009152	0.005481322350365168
1369.2989138789924	0.0054615436907552006
1363.830920536566	0.00544173628640751
1358.3879522470115	0.005421898425494335
1352.9698969836995	0.005402028352421178
1347.5766427200047	0.005382124267182154
1342.2080774292976	0.005362184324719009
1336.8640890849538	0.005342206634269163
