4287.837972097728	0.029625309154811832
4272.358437692981	0.029760462940753254
4256.945610150005	0.029895378705941292
4241.599231396466	0.030030050591544722
4226.319043360013	0.030164472657660667
4211.10478796831	0.030298638882591745
4195.956207149007	0.030432543162124542
4180.873042829768	0.03056617930880025
4165.8550369382465	0.030699541051189782
4150.891887142134	0.03082771132577615
4135.990584271778	0.03095418905135857
4121.153679550521	0.031080336338823213
4106.380927621641	0.031206152744961264
4091.672083128406	0.031331637825875426
4077.0269007140832	0.031456791136828706
4062.445135021951	0.03158161223210139
4047.9265406952773	0.03170610066483833
4033.470872377329	0.03183025598689772
4019.077884711384	0.031954077748697025
4004.747332340707	0.03207756549905523
3990.478969908576	0.032200718785037816
3976.272552058258	0.03232353715179252
3962.127833433021	0.032446020142389925
3948.0445686761436	0.03256816729765859
3934.022512430892	0.03268997815601502
3920.0614193405345	0.03281145225329966
3906.1610440483496	0.032932589122601684
3892.321141197601	0.03305338829409092
3878.541465431566	0.033173849294837035
3864.8217713935096	0.033293971648636685
3851.16181372671	0.03341375487583377
3837.561347074434	0.03353319849313451
3824.02012607995	0.03365230201342724
3810.537905386535	0.033771064945594814
3797.114439637454	0.03388948679432736
3783.7494834759846	0.03400756705993174
3770.4427915453944	0.0341253052381395
3757.194118488951	0.034242700819912396
3744.0032189499325	0.03435975329124443
3730.8698475716064	0.03447646213296409
3717.7937589972407	0.03459282682053389
3704.7747078701127	0.03470884682384333
3691.8124488334906	0.03482452160701018
3678.906736530642	0.03493985062816438
3666.057325604844	0.03505483333924317
3653.263970699365	0.03516946918577837
3640.526426457473	0.03528375760667939
3627.8444475224446	0.03539769803401895
3615.2177885375454	0.035511289892810674
3602.6462041460527	0.035624532600791764
3590.1294489912307	0.03573742556819581
3577.6672777163567	0.03584996819752838
3565.259444964696	0.035962159883337425
3552.9057053795264	0.036074000011983985
3540.605813604114	0.03618548796140593
3528.359524281729	0.03629662310088759
3516.1665920556475	0.036407404790815286
3504.026771569134	0.036517832382442855
3491.939817465466	0.0366279052176486
3479.9054843879126	0.03673762262868398
3467.92352697974	0.03684698393793152
3455.9936998842268	0.036955988457655645
3444.11575774464	0.03706463548974463
3432.289455204249	0.0371729243254611
3420.514546906329	0.03728085424518222
3408.7907874941498	0.03738842451813741
3397.1179316109783	0.037495634402151555
3385.495733900092	0.03760248314337563
3373.923949004759	0.037708969976014375
3362.4023315682475	0.037815094122069265
3350.9306362338343	0.03792085479105226
3339.508617644785	0.038026251179715836
3328.136030444375	0.03813128247177385
3316.812629275871	0.038235947837622485
3305.53816878255	0.03834024643405267
3294.312403607677	0.03844417740396613
3283.135088394528	0.03854773987608656
3272.005977786372	0.038650932964663307
3260.924826426477	0.038753755769181476
3249.89138895812	0.03885620737406048
3238.9054200245682	0.038958286848355284
3227.9666742690915	0.039059993245451764
3217.0749063349654	0.039161325602759374
3206.2298708654557	0.0392622829414009
3195.431322503839	0.03936286426590277
3184.679015893383	0.03946306856387538
3173.97270567736	0.039562894805695636
3163.3121464990377	0.03966234194418389
3152.689626404621	0.039756651353971745
3142.11163572848	0.03985008134822774
3131.5786704340053	0.039943101588756795
3121.0904929063854	0.04003571587777203
3110.6468655308117	0.04012792806286081
3100.247550692483	0.04021974203701719
3089.8923107765863	0.04031116173867254
3079.5809081683196	0.04040219115173062
3069.3131052528724	0.04049283430558985
3059.088664415441	0.04058309527516979
3048.907348041215	0.040672978180937125
3038.7689185153913	0.04076248718892474
