2344.7558082399823	0.01499365711022427
2335.3529759237854	0.015093552989353023
2325.9953675079223	0.015193013951101363
2316.6827623348813	0.01529204062003482
2307.4149397471406	0.0153906336224492
2298.1916790871883	0.015488793586024237
2289.0127596975035	0.015586521139456107
2279.877960920572	0.015683816912086278
2270.7870620988765	0.015780681533540328
2261.7398425748975	0.015877115633334875
2252.736081691122	0.015973119840503983
2243.7755587900283	0.016068694783201956
2234.8580532141054	0.0161638410883088
2225.983344305833	0.01625855938103134
2217.1512114076927	0.016352850284489726
2208.3614338621715	0.01644671441930587
2199.6137910117504	0.016540152403183156
2190.9080621989106	0.016633164850479464
2182.24402676614	0.01672575237177745
2173.621464055916	0.016817915573443577
2165.0401534107277	0.016909655057184236
2156.4998741730546	0.017000971419595
2148.000405685379	0.017091865251704686
2139.5415272901873	0.017182337138513946
2131.123018329961	0.017272387658521193
2122.744658147181	0.0173620173832516
2114.4062260843343	0.017451226876773213
2106.1075014839003	0.01754001669520884
2097.8482636883655	0.017628387386240677
2089.62829204021	0.017716339488610938
2081.4473658819206	0.017803873531611423
2073.305264555978	0.01789099003457083
2065.2017674048634	0.017977689506334174
2057.1366537710646	0.018063972444734733
2049.1097029970597	0.018149839336056517
2041.1206944253368	0.018235290654497652
2033.1694073983763	0.0183203268616219
2025.2556212586596	0.018404948405800373
2017.3791153486738	0.01848915572164986
2009.5396690109	0.018572949229470052
2001.7370615878194	0.01865632933465837
1993.971072421919	0.0187392964271332
1986.24148085568	0.018821850880741654
1978.5475564426079	0.018903474674177398
1970.8882250368313	0.018983291103465756
1963.2646345843266	0.019062686895674183
1955.6765684224379	0.01914166645823361
1948.1238098885144	0.019220234241608437
1940.6061423198983	0.019298394739133893
1933.1233490539387	0.019376152486838664
1925.6752134279782	0.01945351206327303
1918.2615187793654	0.019530478089321488
1910.8820484454432	0.019607055228020403
1903.53658576356	0.019683248184368087
1896.2194308316427	0.01975944659246233
1888.864806585753	0.01984027245000235
1881.5435418557872	0.019920756955424557
1874.2554962112197	0.020000899644585016
1867.000529221532	0.02008070003728492
1859.7785004562	0.02016015763687744
1852.5892694846998	0.020239271929855716
1845.4326958765132	0.020318042385454066
1838.3086392011162	0.02039646845522464
1831.2169590279843	0.02047454957262796
1824.1575149265998	0.020552285152604637
1817.1301664664384	0.02062967459115362
1810.134773216976	0.02070671726489816
1803.1711947476942	0.02078341253065274
1796.2392906280693	0.020859759724978503
1789.338920427577	0.020935758163741446
1782.4699437156992	0.021011407141665744
1775.63222006191	0.021086705931874696
1768.8256090356906	0.02116165378543312
1762.0499702065158	0.021236249930885725
1755.3051631438664	0.021310493573789016
1748.5910474172176	0.02138438389623651
1741.90748259605	0.021457920056383164
1735.25432824984	0.021531101187961862
1728.631443948064	0.0216039263997969
1722.038689260203	0.021676394775307785
1715.4759237557332	0.021748505372022536
1708.9430070041312	0.021820257221061835
1702.4397985748774	0.021891649326645057
1695.9661580374473	0.02196268066556887
1689.5219449613212	0.02203335018669415
1683.1070189159761	0.022103656810428054
1676.7212394708895	0.022173599428188313
1670.3644661955373	0.022243176901875907
1664.0365586594014	0.022312388063338302
1657.737376431956	0.022381231713824327
1651.4667790826823	0.022449706623436875
1645.2246261810565	0.022517811530581952
1639.010777296555	0.022585545141404508
1632.8250919986585	0.022652906129228923
1626.6674298568423	0.022719893133988922
1620.537650440587	0.022786504761647477
1614.4352255785284	0.022852258736179756
1608.359508547621	0.02291651808005928
1602.311256963572	0.022980390885234594
1596.2903331629009	0.023043879088018877
