5566.814394106471	0.040969726870995295
5544.853085705598	0.04090660399077386
5522.9925955336985	0.04084425240544854
5501.232450141622	0.040782677060871304
5479.572176080191	0.040721882960813346
5458.011299900249	0.040661875167912837
5436.549348152621	0.04060265880464119
5415.185847388151	0.0405442390542826
5393.92032415767	0.04048662116192427
5372.752305012005	0.040429810435460886
5351.681316502003	0.040373812246611344
5330.706885178486	0.040318632031950706
5309.828537592301	0.04026427529395162
5289.045800294276	0.04021074760204584
5268.358199835239	0.040158054593691074
5247.764837654968	0.040106372734248705
5227.265531320225	0.04005559240849577
5206.859951811763	0.040005661630775416
5186.547629579443	0.039956584698316484
5166.328095073115	0.039908365957615405
5146.200878742641	0.039861009805397134
5126.165511037873	0.03981452068959488
5106.221522408661	0.03976890311033722
5086.368443304869	0.03972416162095552
5066.605804176349	0.039680300829005095
5046.933135472949	0.039637325397302775
5027.349967644535	0.039595240044974514
5007.855831140955	0.03955404954852539
4988.45025641207	0.03951375874292227
4969.132773907728	0.039474372522689975
4949.902914077794	0.03943589584303076
4930.760207372116	0.039398333720952444
4911.704184240547	0.039361691236420276
4892.734375132951	0.039325973533519916
4873.850310499173	0.039291185821642954
4855.0515207890785	0.03925733337668646
4836.337536452518	0.0392244215422742
4817.707887939342	0.039192455730990484
4799.1621056994145	0.03916144142563907
4780.699720182587	0.03913138418051616
4762.3202618387095	0.039102289622706975
4744.023261117646	0.0390741634533941
4725.808248469248	0.03904701144919796
4707.674761417979	0.03902083630553483
4689.622329337272	0.038995644400766145
4671.650476401376	0.038971444538053325
4653.758732948961	0.03894824286087096
4635.946629318714	0.03892604559586107
4618.213695849305	0.03890485905430695
4600.559462879418	0.03888468963361937
4582.983460747721	0.03886554381884579
4565.485219792903	0.03884742818421001
4548.06427035363	0.03883034939467113
4530.720142768588	0.03881431420750444
4513.45236737645	0.03879932947391266
4496.260474515888	0.03878540214065757
4479.14399452559	0.038772539251722284
4462.102457744224	0.03876074794999503
4445.135394510474	0.03875003547898028
4428.242335163013	0.03874040918454293
4411.314674660135	0.03872854803982814
4394.424413177699	0.03871667678719278
4377.606933372944	0.038705904861464524
4360.861917005694	0.03869624486496183
4344.189045835788	0.03868770954618323
4327.58800162305	0.03868031180134927
4311.058466127302	0.038674064675967054
4294.600121108382	0.03866898136640234
4278.212795348751	0.038665003174174144
4261.896611319454	0.038661926018268906
4245.650645656462	0.038660059069567175
4229.474572238608	0.03865942013186673
4213.36806494474	0.038660027226953615
4197.330797653692	0.03866189859677651
4181.36244424431	0.038665052705663894
4165.462678595429	0.03866950824254271
4149.6311745858975	0.03867528412319051
4133.867606094551	0.038682399492508
4118.1716470002275	0.03869087372681437
4102.542971181776	0.038700726436171576
4086.981252518031	0.038711977466726485
4071.4861648878314	0.038724646903080175
4056.057382170025	0.03873875507068614
4040.6945782434445	0.0387543225382737
4025.3974269869386	0.03877137012029295
4010.1656022793445	0.038789918879392704
3994.9987779995026	0.03880999012892866
3979.8966280262493	0.03883160543548446
3964.8588262384337	0.03885478662145038
3949.885046514888	0.038879555767598384
3934.974962734462	0.03890593521571391
3920.129868291706	0.038933082994319045
3905.347977752354	0.038961794282093766
3890.6287290879186	0.03899221810597028
3875.971770338539	0.0390243922435644
3861.3767495443717	0.0390583549572877
3846.843314745557	0.03909414499900646
3832.371113982249	0.03913180161476642
3817.9597952945887	0.03917136454956516
3803.6090067227315	0.039212874052191406
