1323.7460388927173	0.012253386791592035
1318.1733040428376	0.012223439276167867
1312.6271689240623	0.012193443126593534
1307.107516166572	0.012163395050199071
1301.6142284005416	0.012133291680332203
1296.1471882561518	0.012103129575352634
1290.7062783635772	0.012072905217622195
1285.2913813529988	0.012042615012478863
1279.9023798545925	0.012012255287209072
1274.5391564985348	0.011981822290007488
1269.201583733748	0.011951295996419899
1263.889233139464	0.011920175533706718
1258.6023114971604	0.011888970344459215
1253.340703269005	0.011857679334922395
1248.1042929171667	0.011826301376198632
1242.8929649038184	0.011794835303580688
1237.7066036911287	0.01176327991588669
1232.545093741266	0.011731633974774728
1227.408319516403	0.011699896204060345
1222.2961654787075	0.011668065289018254
1217.2085160903514	0.011636139875679023
1212.1452558135038	0.011604118570117717
1207.1062691103332	0.011571999937736
1202.091440443012	0.011539782502527204
1197.1006542737096	0.011507464746346284
1192.1337950645939	0.011475045108159167
1187.1907472778378	0.011442521983289409
1182.2713953756083	0.011409893722656767
1177.3756238200785	0.011377158632004251
1172.5033170734157	0.011344314971115717
1167.6543595977919	0.011311360953029013
1162.8286358553767	0.011278294743234421
1158.026030308338	0.011245114458868983
1153.2464274188487	0.011211818167897566
1148.489711649076	0.011178403888286146
1143.7557674611928	0.01114486958716848
1139.0444793173676	0.011111213179997668
1134.355731679769	0.01107743252969004
1129.6894090105695	0.011043525445767095
1125.0453957719378	0.011009489683471475
1120.423576426043	0.010975322942888744
1115.823835435057	0.010941022868049755
1111.2460572611487	0.010906587046028223
1106.6899360681837	0.010871666450646992
1102.155521231113	0.010836555870336603
1097.642725939402	0.010801304877401907
1093.1514359979612	0.010765913355467756
1088.681537211705	0.010730381167161792
1084.2329153855437	0.010694708153487859
1079.8054563243911	0.010658894133184648
1075.3990458331577	0.010622938902086222
1071.0135697167575	0.010586842232465199
1066.6489137801004	0.010550603872366154
1062.3049638281009	0.010514223544933796
1057.9816056656696	0.010477700947729497
1053.6787250977181	0.010441035752037862
1049.3962079291605	0.010404227602161555
1045.1339399649066	0.010367276114710663
1040.891807009871	0.010330180877875697
1036.6696948689644	0.010292941450701127
1032.467489347098	0.010255557362332735
1028.2850762491864	0.010218028111270254
1024.1223413801401	0.010180353164598765
1019.9791705448704	0.010142531957216155
1015.8554495482916	0.010104563891046012
1011.7510641953147	0.010066448334240169
1007.6659002908509	0.010028184620370792
1003.5998436398143	0.009989772047612942
999.552780047116	0.00995120987791345
995.5245953176671	0.009912497336148053
991.5151752563818	0.009873633609271574
987.5244056681703	0.009834617845450177
983.5521723579466	0.009795449153184742
979.5982823796148	0.009755964797760443
975.6626397539181	0.00971619944469941
971.7451930022709	0.00967628046577187
967.8458289115898	0.009636208886014443
963.9584119098165	0.009596497492246628
960.0654173392135	0.009558634410383295
956.1901915600375	0.009520632013597761
952.3326575715068	0.009482488154994386
948.4927383728394	0.009444200642304472
944.6703569632565	0.009405767237196197
940.865436341975	0.009367185654572915
937.077899508216	0.009328453561862416
933.3076694611976	0.009289568578304784
929.5546692001388	0.009250528274224885
925.818821724258	0.00921133017030294
922.1000500327759	0.009171971736832738
918.3982771249097	0.009132450392974957
914.7134259998803	0.009092763506000589
911.0454196569062	0.009052908390527654
907.3941810952051	0.009012882307744977
903.7596333139982	0.008972682464635885
900.1416993125026	0.008932306013187763
896.5403020899392	0.008891750049589206
892.9553646455254	0.008851011613430045
889.3868099784819	0.00881008768688083
885.8345610880261	0.008768975193870944
882.2985409733789	0.008727670999253785
