1632.4770886816832	0.0030710651928079415
1625.3765158656433	0.0030678842448861876
1618.310215125498	0.003064788099791115
1611.2780430679354	0.0030617735398811075
1604.2798562996365	0.0030588372676219745
1597.3155114272893	0.003055975904536114
1590.3848650575746	0.0030531859901397488
1583.4877737971806	0.0030504639808774004
1576.62409425279	0.0030478062490468106
1569.7936830310855	0.0030452090817118683
1562.9963967387548	0.003042668679613401
1556.232091982479	0.003040181156067056
1549.5006175421308	0.0030377322654596057
1542.801301485902	0.0030346212910291963
1536.1345401000726	0.0030315492501224606
1529.5001924825115	0.003028515228336143
1522.8981177310825	0.0030255182751427303
1516.328174943649	0.0030225574032625244
1509.79022321808	0.003019631588036839
1503.2841216522374	0.0030167397667849832
1496.80972934399	0.0030138808381638626
1490.3669053912017	0.0030110536615149137
1483.9555088917361	0.003008257056207446
1477.575398943462	0.003005489800973933
1471.226434644243	0.003002750633238983
1464.908475091943	0.0030000382484435518
1458.6213793844304	0.0029973512993591686
1452.3650066195678	0.002994688395397689
1446.1392158952233	0.0029920481019140334
1439.9438663092596	0.0029894289395019495
1433.7788169595449	0.0029868293832808245
1427.6439269439431	0.0029842478621805732
1421.5390553603181	0.0029816827582140114
1415.4640613065387	0.0029791324057475304
1409.4188038804666	0.0029765950907579813
1403.4031421799707	0.002974069050090272
1397.4169353029147	0.002971552470702601
1391.4600423471625	0.002969043488906936
1385.5323224105828	0.002966540189599439
1379.6336345910388	0.002964040605488534
1373.7638379863952	0.0029615427163100037
1367.92279169452	0.0029590444480387308
1362.110354813277	0.0029565436720917085
1356.3263864405303	0.002954038204523041
1350.5707456741484	0.002951525805212659
1344.8432916119948	0.002949004177045714
1339.1438833519337	0.0029464709650856846
1333.4723799918336	0.0029439237557390466
1327.8285433018264	0.002941211372987638
1322.2120449816948	0.0029380419002342896
1316.6230318563476	0.002934850547201315
1311.0613648781157	0.0029316375584361224
1305.5269049993246	0.0029284031637988226
1300.019513172305	0.0029251475779968244
1294.539050349384	0.002921871000111161
1289.0853774828881	0.002918573613122175
1283.6583555251482	0.0029152555834205483
1278.2578454284896	0.0029119170603210285
1272.8837081452434	0.0029085581755607594
1267.5358046277363	0.00290517904279711
1262.213995828295	0.0029017797570942486
1256.9181426992504	0.0028983603944072703
1251.6481061929294	0.002894921011057662
1246.4037472616587	0.002891461643199379
1241.1849268577691	0.0028879823062810204
1235.9915059335872	0.002884482994502432
1230.82334544144	0.002880963680258862
1225.6803063336586	0.0028774243135824364
1220.5622495625696	0.002873864821577534
1215.4690360804993	0.002870285107842891
1210.4005268397793	0.0028666850518934655
1205.3565827927343	0.0028630645085687507
1200.3370648916957	0.002859423307440951
1195.341834088989	0.0028557612522080835
1190.3707513369447	0.0028520781200842503
1185.4236775878883	0.0028483736611796024
1180.5004737941506	0.0028446475978786434
1175.6010009080585	0.002840899624199813
1170.7251198819388	0.0028371294051599424
1165.8726916681223	0.002833336576120356
1161.0435772189358	0.0028295207421315384
1156.237637486706	0.0028256814772665115
1151.4547334237639	0.002821818323948163
1146.6945694905917	0.0028176545228263735
1141.9570541381356	0.0028132703599892846
1137.242160070349	0.0028088618006532296
1132.5497496213677	0.0028044307634961453
1127.8796851253262	0.002799979172656474
1123.2318289163627	0.0027955089573497866
1118.6060433286102	0.002791022051488041
1114.002190696207	0.002786520393286898
1109.4201333532876	0.0027820059248687347
1104.8513723100166	0.002778072307123276
1100.2824776114164	0.00277567025487044
1095.7349969930506	0.00277327166058232
1091.2088352528497	0.0027708754545124315
1086.7038971887407	0.002768480532637114
1082.2200875986546	0.002766085756088229
1077.7573112805173	0.002763689950579551
1073.3154730322603	0.0027612919058320248
