6837.263019237418	0.024517310239767744
6813.621416149036	0.024679335152685264
6790.078877873887	0.02484119107176903
6766.63503451346	0.025002871273335277
6743.289516169222	0.025164368950006216
6720.041952942664	0.025325677210066896
6696.891974935252	0.025486789076823342
6673.8392122484765	0.02564769748795776
6650.8832949838115	0.025808395294880063
6628.0238532427275	0.025968875262085057
6605.260517126717	0.02612913006650103
6582.5611961386885	0.026279235433120576
6559.956317170551	0.02642874601139555
6537.4464482830535	0.026577946277378656
6515.0312425007305	0.026726835576375157
6492.71035284814	0.02687541325767897
6470.48343234982	0.02702367867451775
6448.350134030308	0.0271716311839918
6426.310110914161	0.027319270147017637
6404.363016025911	0.027466594928266364
6382.508502390112	0.02761360489609994
6360.746223031305	0.027760299422511518
6339.075830974026	0.02790667788305797
6317.496979242832	0.02805273965679381
6296.009320862261	0.02819848412620512
6274.6125088568515	0.028343910677140934
6253.306196251158	0.028489018698742017
6232.090036069714	0.028633807583368795
6210.963681337075	0.02877827672653271
6189.926785077775	0.028922425526813716
6168.979000316366	0.029066253385796118
6148.119980077389	0.029209759707981783
6127.349377385383	0.02935294390071455
6106.666845264901	0.029495805374105084
6086.072036740477	0.029638343540940866
6065.564604836668	0.029780557816612947
6045.14420257801	0.029922447619027643
6024.810482989043	0.030064012368517537
6004.563099094319	0.030205251487761337
5984.401703918381	0.030346164401691918
5964.325950485766	0.0304867505374069
5944.335491821028	0.03062700932407801
5924.4299809487065	0.030766940192859107
5904.60907089334	0.030906542576791495
5884.872414679484	0.031045815910706747
5865.219665331676	0.031184759631133478
5845.650475874455	0.03132337317619521
5826.164499332376	0.03146165598551342
5806.761388729974	0.03159960750010451
5787.440797091801	0.03173722716227805
5768.2023774423915	0.03187451441553009
5749.045782806301	0.03201146870444155
5729.970666208062	0.0321480894745651
5710.97668067223	0.03228437617232405
5692.063479223342	0.03242032824489349
5673.230714885939	0.032555945140095265
5654.478040684576	0.03269122630628102
5635.805109643784	0.03282617119221753
5617.211574788119	0.03296077924697078
5598.697089142119	0.033095049919789184
5580.261305730324	0.03322898265998351
5561.903877577288	0.03336257691680236
5543.62445770755	0.03349583213931402
5525.422699145649	0.0336287477762807
5507.29825491614	0.033761323276030826
5489.25077804356	0.03389355808633603
5471.27992155245	0.03402545165427586
5453.385338467363	0.034157003426111644
5435.566681812838	0.034288212847153776
5417.823604613414	0.034419079361626886
5400.155759893648	0.03454960241253395
5382.56280067807	0.034679781441518585
5365.0443799912355	0.03480961588872833
5347.60015085768	0.03493910519267399
5330.229766301955	0.035068248790083176
5312.932879348597	0.03519704611576199
5295.709143022159	0.03532549660244634
5278.558210347179	0.03545359968065341
5261.4797343482	0.0355813547785379
5244.47336804977	0.03570876132173335
5227.538764476432	0.03583581873320527
5210.675576652727	0.035962526433097344
5193.883457603204	0.03608888383856952
5177.162060352401	0.03621489036364551
5160.51103792487	0.03634054541905038
5143.930043345151	0.03646584841205103
5127.418729637788	0.036590798746289316
5110.9767498273195	0.03671539582161931
5094.603756938301	0.03683963903393995
5078.299403995265	0.03696352777502331
5062.063344022766	0.03708706143234667
5045.895230045342	0.03721023938891921
5029.794715087536	0.03733306102310363
5013.761452173898	0.03745552570844314
4997.795094328964	0.037577632813478305
4981.895294577287	0.03769938170157213
4966.061705943403	0.03782077173071792
4950.293981451863	0.03794180225336368
4934.591774127204	0.038062472616218104
4918.954736993978	0.038182782160062524
