3115.3822646477147	0.015258722744979634
3103.3387207718356	0.015372783352569109
3091.3494541945456	0.01548654146759627
3079.4142448758003	0.015599992650237716
3067.532872775544	0.015713132389629077
3055.705117853732	0.01582595610306444
3043.930760070308	0.015938459135189178
3032.2095793852277	0.01605063675718834
3020.541355758438	0.01616248416596667
3008.925869149885	0.01627399648332961
2997.362899519525	0.016385168755157314
2985.8491307178706	0.016493892299546207
2974.386376673578	0.016601525619146275
2962.9754915710396	0.016708790690847734
2951.6162626105347	0.016815687217269153
2940.3084769923516	0.01692221489534568
2929.051921916768	0.017028373416049
2917.846384584064	0.017134162464094924
2906.6916521945273	0.017239581717655255
2895.587511948433	0.01734463084806008
2884.5337510460704	0.017449309519497785
2873.530156687717	0.017553617388715515
2862.5765160736532	0.017657554104709556
2851.6726164041656	0.017761119308416475
2840.818244879534	0.01786431263239478
2830.013188700037	0.01796713370051059
2819.2572350659625	0.01806958212761456
2808.550171177587	0.018171657519215213
2797.8917842351975	0.018273359471146052
2787.281861439071	0.018374687569237377
2776.7201899894944	0.01847564138897295
2766.2065570867467	0.018576220495150148
2755.740749931108	0.018676424441534584
2745.3225557228648	0.018776252770507623
2734.951761662294	0.01887570501271676
2724.628154949683	0.01897478068671065
2714.351522785311	0.019073479298584526
2704.121652369457	0.019171800341611034
2693.938330902409	0.019269743295864578
2683.8013455844452	0.019367307627855462
2673.7104836158455	0.019464492790146146
2663.6655321968974	0.019561298220968987
2653.66627852788	0.019657723343839913
2643.712509809072	0.019753767567165736
2633.8040132407614	0.019849430283852734
2623.9405760232266	0.019944710870901113
2614.1219853567477	0.020039608689002123
2604.348028441612	0.02013412308213507
2594.6184924780955	0.02022825337714795
2584.9331646664864	0.020321998883341696
2575.29183220706	0.020415358892052003
2565.6942823001045	0.0205083326762184
2556.1403021458964	0.020600919489957
2546.629678944723	0.02069311856812626
2537.162199896862	0.02078492912588146
2527.7376522025957	0.020876350358237577
2518.3558230622093	0.02096738143961469
2509.0164996759795	0.021058021523391576
2499.7194692441935	0.021148269741437596
2490.4645189671314	0.02123812520365881
2481.2514360450728	0.02132758699752583
2472.080007678303	0.021416654187601386
2462.950021067103	0.02150532581506457
2453.861263411752	0.02159360089722501
2444.8135219125356	0.02168147842703918
2435.8065837697354	0.021768957372619142
2426.840236183629	0.021856036676729588
2417.914266354504	0.021942715256290764
2409.0284614826405	0.022028992001864894
2400.1826087683166	0.022114865777151722
2391.374003767553	0.022198235902215136
2382.604630271439	0.02228093617793594
2373.874579809975	0.02236322091761343
2365.183644425503	0.02244509300905531
2356.531616160377	0.022526555369675762
2347.9182870569393	0.02260761094635911
2339.3434491575413	0.02268826271532091
2330.8068945045297	0.022768513681965447
2322.30841514025	0.022848366880737207
2313.847803107054	0.02292782537496783
2305.424850447287	0.023006892256723865
2297.0393492032954	0.02308557064664674
2288.6910914174305	0.023163863693786025
2280.379869132036	0.023241774575441444
2272.1054743894647	0.023319306496982994
2263.867699232061	0.023396462691681077
2255.666335702174	0.02347324642052782
2247.501175842148	0.023549660972055898
2239.3720116943355	0.023625709662152657
2231.2786353010806	0.023701395833870202
2223.220838704734	0.023776722857231824
2215.1984139476426	0.023851694129037374
2207.211153072152	0.02392631307266212
2199.258848120613	0.024000583137855462
2191.3412911353703	0.02407450780052798
2183.4582741587756	0.024148090562546333
2175.6095892331728	0.024221334951517102
2167.7950284009125	0.024294244520568525
2160.0143837043397	0.024366822848130167
2152.1913484796405	0.024444216654651917
