5126.770026698134	0.04840870367462161
5105.918370782762	0.04834363603985614
5085.163526367497	0.04827931888449577
5064.505051836376	0.04821575780275437
5043.942505573412	0.04815295846036945
5023.475445962641	0.04809092659570935
5003.10343138808	0.04802966802089489
4982.826020233765	0.047969188622933395
4962.6427708837155	0.04790949436486518
4942.553241721954	0.047850591286923844
4922.556991132514	0.04779248550771613
4902.653448573088	0.04773523875619921
4882.84201486386	0.047678926099581916
4863.122542209051	0.047623427811779404
4843.494592529699	0.04756874876522137
4823.957727746856	0.04751489389234225
4804.511509781558	0.04746186818663189
4785.155500554844	0.04740967670370627
4765.889261987767	0.04735832456239659
4746.712356001357	0.04730781694584201
4727.624344516668	0.04725815910260874
4708.624789454738	0.047209356347816464
4689.713252736603	0.04716141406428724
4670.889296283315	0.047114337703704975
4652.152482015912	0.04706813278779082
4633.502371855432	0.047022804909498804
4614.938527722928	0.0469783597342262
4596.46051153943	0.04693480300103662
4578.067885225992	0.04689214052390616
4559.760210703645	0.046850378192984515
4541.537049893443	0.04680952197587007
4523.397964716421	0.04676957791890981
4505.342517093621	0.04673055214850876
4487.37026894609	0.046692450872467754
4469.480782194863	0.04665528038132842
4451.673618760993	0.046619047049747626
4433.948340565516	0.04658375733788393
4416.304486478595	0.04654942878219614
4398.741635138679	0.046516060145342195
4381.259355586431	0.04648365476761325
4363.85721004747	0.0464522193147222
4346.534760747429	0.046421760542816014
4329.291569911925	0.04639228529997712
4312.127199766577	0.046363800527730044
4295.041212537018	0.04633631326258242
4278.033170448866	0.04630983063757608
4261.102635727741	0.04628435988387264
4244.2491705992725	0.0462599083323564
4227.4723372890785	0.04623648341525558
4210.771698022788	0.046214092667800334
4194.146815026017	0.04619274372989546
4177.597250524396	0.04617244434781919
4161.122566743542	0.04615320237594887
4144.722325909084	0.046135025778514596
4128.396090246642	0.04611792263137601
4112.143421981837	0.04610190112382219
4095.963883340297	0.046086969560411625
4079.8570365476394	0.04607313636282269
4063.822443829494	0.04606041007175243
4047.859667411482	0.04604879934882427
4031.9685503039277	0.04603816668347014
4016.148509810468	0.04602859509367714
4000.3989588316495	0.04602017119112798
3984.719454221544	0.04601290704484763
3969.1095528342353	0.04600681489889496
3953.5688115237954	0.046001907174848915
3938.096787144297	0.04599819647433959
3922.6068827398735	0.045993059040363785
3907.161268626583	0.04598841496040616
3891.7832279727368	0.04598500252769063
3876.472451474957	0.04598283935541297
3861.228629829852	0.04598194327720004
3846.0514537340437	0.04598233234941329
3830.940613884141	0.04598402485347596
3815.895800976766	0.04598703929821614
3800.9167057085274	0.04599139442224762
3786.0030187760467	0.045997109196361415
3771.1544308759367	0.0460042028259547
3756.370632704808	0.046012694753477384
3741.6513149592847	0.0460226046609062
3726.9962555651814	0.046033903386790254
3712.4060028073063	0.04604612609157052
3697.879269446252	0.046059841571141895
3683.4157292325076	0.046075080330037224
3669.0150559165786	0.04609187327516737
3654.676923248958	0.04611025171982052
3640.4010049801436	0.04613024738771685
3626.186974860629	0.04615189241710097
3612.034506640919	0.04617521936488091
3597.943274071504	0.04620026121081329
3583.9129509028885	0.04622705136173826
3569.9432108855663	0.04625562365586174
3556.033727770031	0.04628601236708741
3542.1841753067865	0.04631825220939887
3528.3942272463255	0.046352378341297226
3514.6635573391495	0.04638842637028946
3500.9918393357507	0.04642643235743367
3487.3787469866334	0.04646643282193868
3473.8242132564083	0.04650830844131043
3460.329573097337	0.04655108932094259
