4790.291658061371	0.0063502577058516035
4772.445633438635	0.00647910605602752
4754.6804529457795	0.006607575864052497
4736.995758723919	0.00673566540249915
4719.391192914149	0.006863372922387669
4701.866397657581	0.006990696652785077
4684.421015095312	0.007117634800407856
4667.054687368455	0.007244185549217237
4649.767056618112	0.00737034706000812
4632.55776498538	0.007496117470000566
4615.4264546113745	0.0076214948924206525
4598.37276763719	0.007746477416081835
4581.39634620394	0.007871063104963055
4564.496832452725	0.00799524999777627
4547.673868524645	0.008119036107539829
4530.927096560812	0.008242419421137223
4514.256158702327	0.008365397898882816
4497.660697090291	0.008487969474074144
4481.140353865817	0.008610132052546184
4464.694771169999	0.008731883512215443
4448.3235911439515	0.008853221702626004
4432.026455928774	0.008974144444490177
4415.803007665567	0.009094649529220905
4399.652888495444	0.009214734718463454
4383.575740559504	0.009334397743621468
4367.571205998848	0.0094536363053806
4351.63892695459	0.009572448073222082
4335.778545567824	0.009690830684938584
4319.989703979663	0.009808781746142723
4304.2720443312055	0.009926298829770076
4288.625208763562	0.010043379475576309
4273.048839417834	0.0101600211896346
4257.53818025574	0.010274103696759235
4242.0949871799985	0.010386623533396455
4226.721203131714	0.0104986820704985
4211.416480360771	0.010610281584563468
4196.180471117036	0.01072142438481147
4181.012827650381	0.010832112813109765
4165.913202210686	0.010942349243888101
4150.88124704782	0.01105213608405019
4135.9166144116525	0.011161475772891272
4121.018956552066	0.011270370781997305
4106.1879257189275	0.011378823615152084
4091.4231741621084	0.011486836808234134
4076.724354131489	0.01159441292911174
4062.091117876939	0.011701554577534124
4047.523117648327	0.011808264385018289
4033.0200056955355	0.011914545014732466
4018.581434268429	0.012020399161374
4004.2070556168887	0.012125829551049058
3989.896521990781	0.012230838941138238
3975.649485639986	0.012335430120168231
3961.465598814369	0.012439605907676864
3947.344513763812	0.012543369154069135
3933.285882738184	0.012646722740478821
3919.2893579873544	0.012749669578617112
3905.354591761204	0.012852212610622527
3891.4812363095994	0.01295435480890768
3877.6689438824205	0.01305609917600196
3863.917366729537	0.0131574487443844
3850.226157100819	0.013258406576321918
3836.5949672461466	0.013358975763701196
3823.0234494153897	0.013459159427850037
3809.5112558584187	0.013558960719368456
3796.0580388251124	0.013658382817941395
3782.663450565342	0.013757428932160174
3769.327143328977	0.013856102299330986
3756.048769365897	0.013954406185290067
3742.827980925973	0.014052343884203348
3729.664430259074	0.014149918718374212
3716.5577696150804	0.0142471340380375
3703.507651243859	0.014343993221161946
3690.5137273952887	0.014440499673234101
3677.4621093455007	0.014541985282278633
3664.3976445567173	0.014646368480504235
3651.3883597057784	0.014750452357134637
3638.434037796903	0.014854234328255654
3625.534461834299	0.014957711772388702
3612.6894148221754	0.015060882030037264
3599.8986797647517	0.015163742403241304
3587.1620396662365	0.015266290155115974
3574.4792775308388	0.015368522509392578
3561.8501763627764	0.01547043664995933
3549.2745191662566	0.015572029720395269
3536.7520889454963	0.015673298823501935
3524.2826687047054	0.01577424102083421
3511.8660414480955	0.01587485333222486
3499.501990179876	0.015975132735306027
3487.1902979042657	0.016075076165035524
3474.93074762547	0.016174680513205482
3462.7231223477065	0.016273942627961994
3450.5672050751864	0.01637285931331275
3438.4627788121165	0.01647142732863867
3426.4096265627168	0.016569643388190912
3414.407531331192	0.016667504160600335
3402.4536843872083	0.016763457049694508
3390.5486693453095	0.0168579630552911
3378.6940714815228	0.01695209237092494
3366.889680446342	0.01704584548654657
3355.1352858902756	0.017139222898562356
