1667.75792325733	0.013916917838371123
1660.7623709125105	0.013907934344791997
1653.8009422739435	0.013898833705706815
1646.8735495504798	0.013889707722694315
1639.9800292562722	0.013880556278983007
1633.1202179054808	0.013871379238612994
1626.2939520122586	0.013862176445964323
1619.5010680907662	0.013852947725277606
1612.7414026551578	0.013843692880167386
1606.0147922195883	0.013834411693134508
1599.3210732982184	0.013825103925063389
1592.6600824052007	0.013815769314724205
1586.0316560546953	0.013806407578258541
1579.435630760857	0.01379701840866675
1572.8718430378408	0.013787601475283929
1566.3401293998068	0.01377815642325165
1559.84032636091	0.013768682872983726
1553.372270435305	0.013759180419623733
1546.9357981371516	0.01374964863249881
1540.5307459806038	0.013740087054563062
1534.1569504798206	0.013730495201838935
1527.8142481489576	0.013720872562848319
1521.5024755021693	0.013711218598039757
1515.221469053616	0.013701532739205668
1508.9710653174523	0.013691814388898332
1502.7511008078336	0.013682062919830653
1496.5614120389191	0.013672277674279039
1490.401835524863	0.013662457963474537
1484.2722077798242	0.01365260306698439
1478.172365317957	0.013642712232095698
1472.1021446534203	0.013632784673181195
1466.0613823003694	0.013622819571065637
1460.0499147729597	0.013612816072380967
1454.0675785853505	0.013602773288916181
1448.1142102516956	0.013592690296957678
1442.1896462861546	0.013582566136624934
1436.2937232028823	0.013572399811198219
1430.426277516034	0.01356219028643272
1424.5871457397693	0.013551936489877618
1418.7761643882432	0.013541637310172626
1412.9931699756107	0.01353129159634768
1407.237646556277	0.013520392184736444
1401.5095519610043	0.013509106581488874
1395.8089582518512	0.013497770336947872
1390.1357041691883	0.013486385412633334
1384.4896284533831	0.013474953779221064
1378.8705698448018	0.01346347741621571
1373.278367083816	0.013451958311613896
1367.7128589107908	0.01344039846156884
1362.1738840660978	0.013428799870043962
1356.661281290102	0.013417164548462078
1351.1748893231745	0.013405494515348181
1345.714546905681	0.013393791795971189
1340.2800927779922	0.013382058421968991
1334.8713656804755	0.013370296430979802
1329.4882043534974	0.013358507866260937
1324.130447537429	0.013346694776301621
1318.797933972636	0.013334859214433534
1313.4905023994893	0.01332300323843311
1308.1742895189568	0.013313497467924214
1302.8734531056018	0.01330465131625352
1297.5972729978196	0.01329580537014326
1292.3456406161195	0.013286957974963374
1287.11844738101	0.013278107432848211
1281.9155847130044	0.013269252002072211
1276.736944032612	0.013260389896425005
1271.5824167603416	0.013251519284573195
1266.4518943167063	0.01324263828942597
1261.3452681222157	0.013233744987488907
1256.2624295973778	0.013224837408212104
1251.2032701627063	0.01321591353333685
1246.1676812387093	0.013206971296231086
1241.1555542458989	0.01319800858122172
1236.1667806047838	0.013189023222924619
1231.2012517358764	0.013180013005559588
1226.2588590596847	0.013170975662269234
1221.3394939967216	0.013161908874424744
1216.4430479674963	0.013152810270930309
1211.569412392518	0.013143677427517495
1206.7184786922994	0.013134507866036581
1201.8899669111881	0.013125011629199358
1197.0837069928177	0.013115079201403966
1192.299826262201	0.01310510206050685
1187.5382177804051	0.013095080324484344
1182.7987746085043	0.013085014098112305
1178.0813898075667	0.013074903472577183
1173.3859564386635	0.013064748525083967
1168.7123675628638	0.013054549318458276
1164.0605162412405	0.01304430590073989
1159.4302955348612	0.01303401830477685
1154.8215985047998	0.013023686547808989
1150.234318212125	0.013013310631050014
1145.6683477179058	0.01300289053926103
1141.1235800832155	0.01299242624031882
1136.5999083691224	0.012981917684783798
1132.0972256366992	0.012971364805453616
1127.615424947014	0.012960767516918445
1123.1543993611394	0.01295012571510888
1118.7140419401437	0.01293943927683465
1114.2942457451	0.012928708059324633
