7898.702101214974	0.0099205918224988
7870.050814359464	0.009760924065974926
7841.525620136424	0.009601539268041463
7813.125997511786	0.009442441327887748
7784.851425451457	0.009283634187965966
7756.701382921364	0.009125121834444102
7728.675348887416	0.008966908297662626
7700.772802315542	0.008808997652591759
7672.9932221716535	0.00865139401929745
7645.336087421663	0.00849410156340064
7617.800877031503	0.008337124496548007
7590.387069967074	0.008180467076879928
7563.094145194311	0.008024133609503974
7535.921581679124	0.007868128446967288
7508.868858387425	0.00771245598973838
7481.935454285144	0.007557120686684409
7455.120848338195	0.007402127035554437
7428.424519512487	0.0072474795834686695
7401.845946773952	0.0070931829274042705
7375.384609088495	0.006939241714687205
7349.039985422048	0.006785660643490104
7322.811554740521	0.006632444463327054
7296.698796009827	0.006479597975552057
7270.70061593006	0.006327290883671708
7244.801298028822	0.006179921949609204
7219.01610134767	0.006032965963925453
7193.344524286462	0.00588642237428409
7167.786065245028	0.005740290605862769
7142.340222623229	0.005594570061367802
7117.006494820898	0.005449260121070589
7091.784380237892	0.005304360142828639
7066.67337727405	0.005159869462123184
7041.672984329212	0.00501578739209259
7016.782699803236	0.00487211322357038
6992.002022095953	0.004728846225128506
6967.330449607223	0.0045859856431194135
6942.767480736885	0.004443530701719428
6918.312613884778	0.0043014806029857055
6893.96534745076	0.004159834526902907
6869.725179834671	0.004018591631442052
6845.591609436349	0.0038777510526147004
6821.564134655653	0.0037373119045395445
6797.64225389242	0.003597273279502713
6773.825465546492	0.00345763424802511
6750.113268017726	0.003318393858934435
6726.50515970596	0.0031795511394394796
6703.000639011036	0.0030411050951982075
6679.599204332809	0.002903054710408346
6656.300354071114	0.0027653989478792834
6633.103586625808	0.002628136749124301
6610.008400396724	0.002491267034441321
6587.014293783721	0.0023547887030111506
6564.120765186632	0.0022187006329844427
6541.327313005311	0.002083001681586102
6518.633435639603	0.0019476906852065384
6496.038631489345	0.0018127664595121954
6473.542398954393	0.0016782277995458321
6451.144236434583	0.0015440734798403
6428.843642329771	0.0014103022545252928
6406.640115039797	0.0012769128574461898
6384.5331529645	0.0011439040022798504
6362.522254503738	0.0010112743826568614
6340.6069180573495	0.0008790226722845779
6318.786642025176	0.0007471475250743234
6297.060924807073	0.0006156475752704694
6275.42926480288	0.00048452143758664695
6253.89116041244	0.00035376770733638353
6232.446110035605	0.00022338496057726503
6211.093612072218	0.00009337175425031682
6189.833164922117	0.00003627337367404302
6168.664266985162	0.00016555190404912167
6147.586416661184	0.0002944653364011762
6126.59911235004	0.00042301518877035314
6105.701852451566	0.0005512029975598562
6084.894135365616	0.000679030317374738
6064.1754594920285	0.000806498720854277
6043.545323230655	0.0009336097985117277
6023.003224981339	0.0010603651585587256
6002.54866314392	0.001186766426742993
5982.181136118254	0.0013128152461600315
5961.900142304181	0.0014385132770875092
5941.7051801015405	0.0015638621967932413
5921.595747910189	0.0016888636993610533
5901.571344129962	0.0018135194954958908
5881.631467160715	0.0019378313123370483
5861.775615402289	0.0020618008932655886
5842.003287254527	0.002185429997703947
5822.313981117274	0.002308720400924473
5802.707195390381	0.00243167389383861
5783.182428473686	0.0025542922827982806
5763.59842588087	0.002681355041027884
5743.931716699643	0.002813683465584022
5724.345478966022	0.0029457382886162375
5704.839403281225	0.0030775149386245634
5685.413180246449	0.0032090087892189994
5666.0621258930605	0.003338616156018681
5646.783999346202	0.003465608337315507
5627.584811184948	0.0035922830586748817
5608.4642643593115	0.0037186399768983115
5589.422061819325	0.0038446787510291094
