5393.931775041751	0.006600515310574535
5374.139393403934	0.006732925485060237
5354.435338657875	0.006864933494503129
5334.819237469484	0.006996539103481302
5315.290716504658	0.007127742082261783
5295.849402429309	0.007258542206624646
5276.494921909333	0.007388939257713318
5257.226901610642	0.007518933021854897
5238.044968199137	0.007648523290399089
5218.948748340716	0.007777709859538595
5199.937868701292	0.00790649253013474
5181.01195594676	0.008034871107536996
5162.170636743035	0.0081628454013991
5143.413537756014	0.008290415225491742
5124.740285651597	0.008417580397515645
5106.150507095699	0.00854434073890315
5087.643828754218	0.008670696074627829
5069.219877293052	0.00879664623299915
5050.8782793781165	0.008922191045462864
5032.618661675307	0.009047330346391904
5014.440650850533	0.00917206397287876
4996.3438735696955	0.00929639176451848
4978.327956498696	0.009420313563197245
4960.392526303446	0.009543829212866744
4942.537209649845	0.009666938559325313
4924.761633203792	0.00978964144998427
4907.065423631201	0.009911937733645697
4889.448207597968	0.010033827260261625
4871.909611770003	0.010155309880698573
4854.449262813203	0.010276385446496235
4837.066787393481	0.010397053809625387
4819.7618121767355	0.010517314822231495
4802.533963828867	0.010637168336394517
4785.382869015788	0.010756614203863363
4768.308154403394	0.01087565227580126
4751.309446657598	0.010994282402519822
4734.386372444298	0.011112504433218293
4717.538558429395	0.011230318215708279
4700.765631278802	0.011347723596138126
4684.0672176584185	0.01146472041872149
4667.442944234143	0.011581308525451642
4650.892437671891	0.011697487755814404
4634.415324637558	0.011813257946504051
4618.011231797047	0.011928618931126159
4601.67978581627	0.012043570539901204
4585.420613361125	0.012158112599368054
4569.233341097513	0.012272244932070379
4553.117595691348	0.01238596735625788
4537.073003808523	0.012499279685567093
4521.099192114952	0.012612181728706675
4505.19578727653	0.012724673289134838
4489.362415959169	0.012836754164739488
4473.598704828765	0.012948424147501844
4457.904280551231	0.013059683023171146
4442.278769792466	0.013170530570918914
4426.7217992183705	0.01328096656300415
4411.232995494856	0.01339099076442523
4395.811985287819	0.01350060293256915
4380.458395263172	0.013609802816856913
4365.1718520868135	0.013718590158383628
4349.951982424645	0.013826964689559296
4334.798412942578	0.013934926133735455
4319.710770306511	0.014042474204837221
4304.684940430249	0.014147829867878199
4289.720922505509	0.01425115263217766
4274.821725913507	0.014354045267744274
4259.986986982447	0.014456512069713781
4245.216342040544	0.01455855738408564
4230.509427416003	0.014660185607712229
4215.865879437028	0.014761401188286307
4201.285334431835	0.014862208624322349
4186.767428728624	0.014962612465139944
4172.31179865561	0.015062617310836987
4157.918080540995	0.015162227812274654
4143.585910712994	0.015261448671039046
4129.314925499807	0.015360284639419004
4115.10476122965	0.015458740520371246
4100.955054230727	0.015556821167484447
4086.8654408312436	0.015654531484946735
4072.835557359414	0.015751876427501154
4058.720732580602	0.015855299581217387
4044.595500308429	0.015961505375637737
4030.528925522084	0.01606740926722711
4016.5207854924847	0.01617301017411644
4002.570857490563	0.016278307000081198
3988.678918787241	0.01638329863427519
3974.844746653444	0.01648798395097395
3961.0681183600927	0.016592361809299624
3947.34881117812	0.016696431052962413
3933.686602378444	0.016800190509984225
3920.0812692319973	0.016903638992423003
3906.5325890097	0.017006775296103928
3893.0403389824764	0.017109598200339082
3879.604296421256	0.017212106467643474
3866.2242385969585	0.017314298843457386
3852.899942780515	0.017416174055856933
3839.631186242845	0.017517730815271006
3826.41774625488	0.01761896781418707
3813.2594000875374	0.01771988372686181
3800.1559250117507	0.01782047720902158
