4038.6510693233076	0.004585578028961389
4023.0045447794055	0.004479213586773835
4007.4276741886692	0.004373185289071365
3991.9201825441364	0.0042674969479612876
3976.4817948388286	0.004162152435016822
3961.1122360657823	0.004057155682021921
3945.811231218021	0.003952510681744263
3930.578505288581	0.0038482214886940234
3915.4137832704873	0.0037442922199034385
3900.3167901567667	0.0036407270556994037
3885.2872509404556	0.0035375302404924446
3870.3248906145764	0.003434706083562402
3855.4294341721657	0.0033322589598566623
3840.60060660625	0.003230193310792182
3825.8381329098547	0.003128513645057343
3811.1417380760163	0.0030272245394333454
3796.5111470977618	0.002926330639602117
3781.943351910917	0.002827323158380631
3767.440590451397	0.0027288516082953143
3753.002825166499	0.0026307921264968888
3738.6297885726544	0.002533145455441363
3724.3212131862824	0.0024359123486490867
3710.076831523804	0.0023390935710720776
3695.896376101648	0.0022426898994770154
3681.779579436236	0.0021467021228253284
3667.7261740439867	0.002051131042662949
3653.735892441331	0.001955977473509972
3639.8084671446854	0.0018612422432617648
3625.94363067048	0.0017669261935883453
3612.141115535132	0.0016730301803442019
3598.400654255071	0.001579555073981536
3584.721979346717	0.0014865017599666895
3571.1048233264905	0.0013938711392023672
3557.5489187108215	0.0013016641284578421
3544.053998016126	0.001209881660803715
3530.6197937588354	0.0011185246860435148
3517.246038455369	0.0010275941711687156
3503.9324646221476	0.0009370911007972019
3490.6788047756	0.0008470164776342351
3477.484791432147	0.0007573713229270905
3464.3501571082097	0.0006681566769382864
3451.2746343202166	0.0005793735994094373
3438.257955584589	0.0004910231700384455
3425.299853417746	0.00040310648896365654
3412.4000603361183	0.0003156246772510952
3399.5583088561257	0.00022857887738225073
3386.774331494189	0.00014197025375946835
3374.0478607667374	0.0000557999932071723
3361.378629190188	0.00002993069452190442
3348.766369280971	0.00011522057622246576
3336.2108135555036	0.0002000683947258232
3323.711694530215	0.00028447286836289756
3311.2687447215226	0.0003684326904381166
3298.8816966458558	0.000451946528686238
3286.550282819635	0.0005350130247280627
3274.274235759281	0.0006176307935205304
3262.053287981223	0.0006997984227973383
3249.8871720018788	0.0007815144725087226
3237.775620337677	0.0008627774742465919
3225.718365505039	0.0009435859306738164
3213.715140020384	0.001023938314940309
3201.765676400143	0.0011038330700905254
3189.8697071607353	0.0011832686084749457
3178.0269648185817	0.0012622433111428213
3166.2371818901115	0.0013407555272367806
3154.4983956468054	0.00141770444229758
3142.8117730551553	0.0014940098386221168
3131.1773197951597	0.0015698464839153138
3119.594773646746	0.001645216090171329
3108.0638723898433	0.001720120384425789
3096.5843538043905	0.001794561108466593
3085.155955670313	0.0018685400185391508
3073.7784157675474	0.0019420588850494064
3062.451471876022	0.0020151194922589303
3051.174861775673	0.002087723637973432
3039.948323246427	0.002159873133231098
3028.771594068222	0.0022315698019749128
3017.6444120209867	0.002302815480730993
3006.5665148846497	0.0023736120182721917
2995.5376404391495	0.002443961275278699
2984.5575264644144	0.002513865123999728
2973.6259107403744	0.002583325447896207
2962.742531046966	0.002652344141286958
2951.9071251641167	0.0027209231089893753
2941.119430871763	0.0027890642659489733
2930.3791859498347	0.0028567695368665663
2919.686128178263	0.0029240408558181656
2909.0399953369783	0.0029908801658705114
2898.4405252059164	0.0030572894186893327
2887.887455565005	0.003123270574142761
2877.3805241941814	0.0031888255998965874
2866.9194688733737	0.003253956471003801
2856.5040273825125	0.003318665169494785
2846.1339375015336	0.0033829536839495547
2835.8089370103658	0.0034468240090727528
2825.528763688944	0.003510278145261538
2815.2931553171966	0.0035733180981631146
2805.1018496750594	0.0036359458782314084
2794.95458454246	0.0036981635002724896
2784.8510976993352	0.003759972982987593
