818.1369389737558	0.01299195694447249
814.2266016372724	0.013003357726389771
810.3371997306547	0.01301491871338317
806.468615696223	0.01302664318954677
802.6207319762937	0.013038534519064724
798.793431013187	0.013050596147691114
794.9865952492197	0.013062831604231408
791.2001071267116	0.013075244502062284
787.4338490879804	0.013087838540659853
783.6877035753436	0.013100617507155498
779.9615530311211	0.013113585277913143
776.2552798976295	0.013126745820127328
772.5687666171893	0.01314010319344391
768.9018879752877	0.013153681739797328
765.2545310421604	0.013167473733767284
761.6265817944843	0.013181474229994128
758.0179229070355	0.013195687035741758
754.4284370545905	0.013210116047382422
750.8580069119282	0.013224765252036292
747.306515153824	0.013239638729240593
743.7738444550569	0.013254740652645147
740.2598774904031	0.013270075291727792
736.764496934639	0.013285647013542639
733.2875854625436	0.013301460284487717
729.8290257488932	0.013317519672105859
726.388700468464	0.013333829846906179
722.966492296035	0.013350395584220045
719.5622839063817	0.013367221766081506
716.1759579742829	0.013384313383136094
712.8073999561692	0.01340166763381846
709.4564919011511	0.013419291407277482
706.1231140671273	0.013437196875874345
702.8071490005332	0.013455389863762416
699.5084792478066	0.013473876320669575
696.2269873553821	0.01349266232406724
692.9625558696976	0.01351175408137455
689.7075767067912	0.01353059548146975
686.461723388081	0.01354917356502583
683.232618595691	0.013568074905040407
680.0201772231147	0.0135873087564775
676.8243141638468	0.0136068845381015
673.6449443113831	0.013626811834625316
670.4819825592182	0.013647100398887304
667.3353438008456	0.013667760154053011
664.2049605827921	0.013688747426505167
661.0907324770183	0.013710118622035401
657.9925705314765	0.013731895907883299
654.9103889914888	0.013754091974153131
651.8441021023742	0.013776719730333951
648.793624109455	0.013799792308053215
645.7588692580501	0.013823323063855225
642.7397517934816	0.01384732558201384
639.7361859610686	0.013871813677376494
636.7480860061331	0.013896801398241052
633.7753661739949	0.013922303029267264
630.817940709974	0.013948333094417625
627.8757238593922	0.013974906359943256
624.9486618039609	0.014001934537459742
622.0366553250125	0.014029475206466288
619.1395959267306	0.014057617279187723
616.2573958198631	0.014086383377460395
613.3899672151599	0.01411579650555497
610.5372223233686	0.01414588005469007
607.6990733552368	0.014176657807594157
604.8754325215144	0.014208153943129069
602.0662120329491	0.01424039304096401
599.2713241002884	0.014273400086311044
596.4906809342823	0.01430720047471643
593.7241947456785	0.014341820016919665
590.9718490090291	0.014377041359770734
588.2334931343648	0.014413103443024237
585.5090209238446	0.01445009643926532
582.7983403104791	0.014488063150710379
580.1013592272764	0.014527047096271275
577.4179856072474	0.014567092519755447
574.7481273833996	0.01460824439819126
572.091692488744	0.014650548450255171
569.4485888562891	0.014694051144830843
566.8187244190437	0.014738799709680181
564.2020959631653	0.014784524199955877
561.5985918192406	0.014831339479728438
559.00802819831	0.01487962288632411
556.4303018626302	0.014929466377553754
553.8653095744548	0.014980963467531857
551.31294809604	0.015034209244529933
548.7731141896405	0.015089300389137755
546.2457046175114	0.015146335192745037
543.7306161419068	0.015205413576355216
541.2279532414134	0.015265862634489678
538.7371349204578	0.015328254015462783
536.24777673616	0.01539236494925771
533.7702547833019	0.015459272735796933
531.3044594240192	0.01552920225389518
528.8502810204504	0.015602382210969443
526.4076099347307	0.015679045188605596
523.9764995284855	0.015758800111099366
521.557140666292	0.015840716462784416
519.1488031981302	0.015927425052375616
516.751285449743	0.016019541972741774
514.3643857468753	0.01611769414662827
