908.2590380346098	0.014765067458385978
904.3292811021475	0.014755969660655682
900.4188242426554	0.014746847101293257
896.5275792757132	0.014737698369023413
892.6554580208971	0.01472852200905634
888.802372297787	0.014719316522335607
884.9682339259589	0.014710080364777379
881.1529547249927	0.014700811946497874
877.3564465144656	0.014691509631033738
873.5786211139546	0.014682171734557077
869.8193903430395	0.014672796525075396
866.0786660212965	0.014663382221631145
862.3563599683054	0.014653926993485375
858.6523840036433	0.014644428959296006
854.9666499468873	0.014634886186288176
851.2990696176172	0.014625296689412861
847.6495548354101	0.014615658430499692
844.018017419843	0.01460596931739763
840.4043691904959	0.014596227203107402
836.8085219669447	0.014586429884909647
833.2303875687695	0.014576575103473707
829.6698778155472	0.014566660541965691
826.126904526855	0.014556683825146813
822.6013795222727	0.0145466425184542
819.0932146213775	0.014536534127082206
815.6023216437461	0.014526356095045233
812.1286124089586	0.014516105804239666
808.6718639732132	0.014505446945918918
805.2320692867606	0.014494574259352362
801.8091962544976	0.014483623255727981
798.4031578048387	0.014472593895008884
795.0138668661962	0.014461486117354124
791.641236366982	0.014450299842526059
788.2851792356109	0.014439034969290585
784.9456084004942	0.014427691374807292
781.6224367900464	0.014416268914013004
778.3155773326797	0.01440476741899246
775.0249429568063	0.014393186698346518
771.7504465908406	0.014381526536543648
768.492001163195	0.014369786693269432
765.2495196022813	0.014357966902761822
762.0229148365144	0.01434606687313874
758.8120997943063	0.014334086285719262
755.6169874040692	0.014322024794331546
752.4374905942175	0.014309882024609833
749.2735222931635	0.014297657573289498
746.1249954293195	0.014285351007485554
742.9918229310999	0.014272961863961556
739.8739177269158	0.0142604896483932
736.7711927451822	0.01424793383461821
733.6835609143103	0.014235293863878342
730.6109351627146	0.014222569144047209
727.5532284188064	0.014209759048855932
724.5103536110003	0.014196862917097713
721.4822236677085	0.014183880051831264
718.4687515173432	0.01417080971957023
715.4698500883188	0.014157651149457386
712.4854323090468	0.014144403532436432
709.5153603891133	0.01413092318418111
706.5595211766127	0.014117133699047107
703.6179060045458	0.01410325408753092
700.6904286293484	0.01408928578087732
697.7770028074544	0.014075230206965004
694.8775422952976	0.014061088789751241
691.9919608493137	0.014046862948693676
689.1201722259366	0.014032554098176
686.2620901815998	0.01401816364691327
683.4176284727395	0.014003692997354216
680.5867008557891	0.013989143545073784
677.7692210871825	0.013974516678152993
674.9508968457885	0.013961455955441574
672.1397669140481	0.013949034354771642
669.3418591334505	0.013936548367171056
666.5571144644451	0.013923996152883726
663.7854738674838	0.013911375826816385
661.0268783030153	0.013898685457818624
658.2812687314917	0.013885923067955932
655.5485861133624	0.01387308663177293
652.8287714090775	0.013860174075552291
650.1217655790887	0.013847183276562324
647.4275095838454	0.013834112062298277
644.745944383798	0.013820958209713673
642.0770109393977	0.013807719444448032
639.4206502110937	0.013794393440041339
636.7768031593381	0.013780977817140884
634.1454107445803	0.013767470142704324
631.5264139272709	0.013753867929187574
628.9197536678596	0.013740168633729349
626.325310967479	0.013726178717022875
623.7430630210391	0.013712009045574331
621.172975915007	0.013697736637247307
618.61499122162	0.013683360735277207
616.0690505131156	0.013668880555834992
613.5350953617333	0.013654295287439952
611.0130673397096	0.013639604090356439
608.5029080192841	0.0136248060959947
606.0045589726933	0.013609900406291852
603.5179617721768	0.013594886093093018
601.0430579899713	0.013579762197518023
598.579789198316	0.013564527729328453
