3941.5866772470126	0.01251465994875957
3926.7083161350615	0.012636605890987532
3911.8956606574593	0.012758263524150031
3897.1484567267007	0.012879630992563663
3882.466450255268	0.013000706411928372
3867.849387155654	0.013121487868892449
3853.2970133403414	0.013241973420616423
3838.809074721825	0.01336216109432901
3824.3853172125887	0.013482048886882272
3810.0254867251174	0.013601634764303126
3795.7293291719066	0.01372091666134051
3781.496590465436	0.01383989248100994
3767.3270165182016	0.013958560094133486
3753.220353242688	0.014076917338880468
3739.176346551379	0.014194962020296673
3725.19474235677	0.014312691909837466
3711.2752865713455	0.014430104744896156
3697.41772510759	0.014547198228324074
3683.6218038779984	0.014663970027952345
3669.887268795052	0.01478041777611129
3656.2138657712453	0.014896539069135444
3642.6013407190635	0.015012331466883182
3629.0494395509904	0.015127792492234893
3615.557908179521	0.015242919630599166
3602.126492517141	0.015357710329410326
3588.7549384763333	0.015472161997625617
3575.4429919695935	0.015586272005212107
3562.190398909403	0.015700037682641797
3548.9969052082565	0.01581345632036966
3535.862256778635	0.015926525168317406
3522.7861995330336	0.01603924143535265
3509.7684793839367	0.016151602288757245
3496.8088422438286	0.016263604853701544
3483.9070340252047	0.0163752462127075
3471.062800640546	0.01648652340511369
3458.275888002347	0.016597433426531534
3445.546042023093	0.01670797322830075
3432.8730086152677	0.016818139716940635
3420.2565336913663	0.01692792975359612
3407.6963631638737	0.01703734015348132
3395.1922429452743	0.017146367685318558
3382.7439189480624	0.017255009070776105
3370.3511370847236	0.017363260983893233
3358.013643267742	0.017471120050512882
3345.7311834096117	0.017578582847703465
3333.4993314809126	0.01768310269823548
3321.3212238928236	0.01778672322185284
3309.197401498517	0.01788992372590125
3297.1276178232383	0.017992705274434823
3285.1116263922445	0.01809506894641765
3273.1491807307825	0.018197015835584633
3261.2400343641098	0.01829854705029356
3249.3839408174713	0.018399663713372757
3237.5806536161253	0.018500366961970525
3225.8299262853207	0.01860065794739568
3214.1315123503055	0.018700537834957794
3202.485165336338	0.018800007803800967
3190.890638768664	0.01889906904673835
3179.347686172541	0.018997722770078
3167.856061073218	0.019095970193449576
3156.415516995943	0.019193812549626113
3145.0258074659746	0.019291251084337623
3133.6866860085606	0.01938828705608944
3122.397906148951	0.019484921735970617
3111.159221412402	0.01958115640746073
3099.9703853241635	0.01967699236623206
3088.8311514094835	0.019772430919949836
3077.74127319362	0.019867473388069205
3066.7005042018222	0.019962121101624333
3055.708597959338	0.020056375403017072
3044.7653079914253	0.020150237645803096
3033.8703878233305	0.020243709194475018
3023.0235909803105	0.02033679142423057
3012.2246709876117	0.020429485720757222
3001.4733813704906	0.020521793479991352
2990.7694756541946	0.02061371610789441
2980.11270736398	0.020705255020206356
2969.502830025096	0.020796411642205755
2958.9395971627923	0.02088718740847172
2948.4227623023253	0.020977583762621883
2937.9520789689436	0.021067602157070407
2927.5273006878974	0.02115724405276565
2917.1481809844427	0.021246510918931667
2906.8144733838267	0.021335404232801485
2896.525931411306	0.021423925479350944
2886.2823085921295	0.021512076151023834
2876.0833584515494	0.021599857747460597
2865.9288345148143	0.021687271775214
2855.818490307182	0.02177431974746692
2845.7520793538984	0.021861003183744305
2835.72935518022	0.02194732360962035
2825.750071311397	0.022033282556429685
2815.813981272677	0.022118881560956125
2805.9208385893185	0.022204122165142077
2796.0703967865675	0.022289005915772504
2786.2624093896798	0.02237353436416573
2776.496629923904	0.02245770906586112
2766.7728119144954	0.022541531580296235
2757.090708886701	0.022625003470487407
2747.4500743657777	0.022708126302696866
