926.6209315580902	0.01515397500262887
922.6206897604568	0.015145727047719914
918.6398436380613	0.015137473934339922
914.6782583096405	0.015129102933974339
910.735682018699	0.015120242051563704
906.8122477781349	0.015111363702851691
902.9078716826399	0.015102466725575102
899.0224698269097	0.015093549919350895
895.1559583056375	0.015084612044997347
891.3082532135157	0.015075651823850577
887.4792706452404	0.01506666793706839
883.6689266955033	0.015057659024931128
879.8771374590001	0.015048623686131437
876.1038190304239	0.01503956047705986
872.3488875044674	0.01503046791107758
868.6122589758263	0.015021344457786745
864.8938495391936	0.015012188542287143
861.1935752892621	0.015002998544432058
857.5113523207274	0.014993772798067944
853.8470967282816	0.014984509590271203
850.2007246066203	0.014975207160577072
846.5721520504364	0.01496586370019507
842.9612951544229	0.01495647735122393
839.3680700132754	0.014947046205851142
835.7923927216868	0.014937568305546392
832.23417937435	0.014928041640248949
828.6933460659606	0.014918464147543999
825.1698088912106	0.014908833711828745
821.6634839447958	0.014899148163473147
818.1742873214079	0.01488940527797141
814.7021351157429	0.014879602775082573
811.2469434224934	0.014869738317961744
807.8086283363525	0.014859809512285781
804.3871059520158	0.014849813905367373
800.9822923641752	0.014839748985259074
797.5941036675266	0.014829612179851091
794.2224090778233	0.014819282740476801
790.8670400325158	0.014808542298191134
787.5280460069185	0.014797722797400199
784.2053441358804	0.014786824108637004
780.8988515542507	0.01477584608223836
777.6084853968805	0.014764788547768215
774.3341627986189	0.014753651313437565
771.0758008943151	0.01474243416551605
767.8333168188203	0.014731136867728862
764.6066277069835	0.014719759160653883
761.3956506936539	0.014708300761104345
758.2003029136829	0.014696761361503344
755.0205015019187	0.014685140629255017
751.8561635932126	0.014673438206098639
748.7072063224128	0.014661653707459721
745.573546824371	0.014649786721792209
742.4551022339351	0.014637836809907954
739.3517896859568	0.014625803504302377
736.2635263152847	0.014613686308463906
733.1902292567682	0.014601484696181624
730.1318156452587	0.014589198110839554
727.0882026156042	0.014576825964700273
724.0593073026562	0.014564367638183626
721.0450468412639	0.014551822479132151
718.045338366276	0.01453918980206827
715.0600990125442	0.014526468887438488
712.0892459149175	0.014513658980854051
709.1326962082446	0.014500759292316444
706.1903670273773	0.014487768995435638
703.2621755071643	0.01447468722663216
700.348038782455	0.01446151308433893
697.4478739881004	0.014448245628185663
694.5614912547993	0.014434576192353958
691.6889000787248	0.014420766646690586
688.8300341567367	0.014406863411469375
685.9848114147342	0.014392867738732917
683.1531497786199	0.014378780875505644
680.3349671742933	0.014364604063239713
677.5301815276567	0.014350338537249898
674.7387107646098	0.014335985526142276
671.9604728110548	0.014321546251234605
669.1953855928923	0.014307021925964336
666.4433670360221	0.014292413755288157
663.7043350663469	0.014277722935073948
660.9782076097666	0.014262950651484516
658.2525639014248	0.014249554578285249
655.5323759637427	0.01423694938558815
652.8248758656061	0.01422427513445223
650.1300074142638	0.014211529866366293
647.4477144169621	0.014198711576708885
644.7779406809481	0.014185818214036756
642.1206300134679	0.014172847679365412
639.4757262217703	0.01415979782544587
636.843173113101	0.014146666456027891
634.2229144947081	0.014133451325118007
631.6148941738384	0.014120150136233361
629.0190559577381	0.014106760541640844
626.4353436536557	0.014093280141594574
623.8637010688369	0.014079706483561933
621.30407201053	0.014066037061440342
618.7564002859812	0.014052269314771807
616.2206179018933	0.014038362448816323
613.6966110834076	0.014024126273396068
611.1843940429768	0.014009784956188976
