928.0147945350209	0.004545590793192453
923.8705189092881	0.004538774194699939
919.7471321367768	0.004531939215164006
915.6445343579452	0.0045250833424616875
911.562625713247	0.00451820399781528
907.5013063431406	0.004511298534751851
903.46047638808	0.004504364238042402
899.440035988523	0.004497398322636533
895.439885284925	0.004490397932581809
891.4599244177408	0.004483360139936469
887.5000535274286	0.004476281943669137
883.5600575277552	0.004468897542627436
879.6399140372172	0.004461377757920209
875.7395634548213	0.004453810811826148
871.858907059767	0.004446196089032693
867.997846131256	0.004438532942082388
864.156281948487	0.004430820690636114
860.3341157906594	0.00442305862072865
856.5312489369746	0.004415245984010538
852.7475826666309	0.004407381996983564
848.9830182588302	0.004399465840223081
845.2374569927711	0.004391496657592859
841.5108001476527	0.004383473555446294
837.8029490026771	0.004375395601820877
834.1138048370431	0.004367261825619193
830.4432689299496	0.00435907121578055
826.7912425605983	0.00435082272044139
823.1576270081877	0.004342515246086843
819.542323551919	0.004334147656687458
815.9452334709908	0.004325718772830054
812.3662580446046	0.004317227370830186
808.8052985519594	0.004308672181842107
805.2622562722543	0.0043000518909517465
801.737032484691	0.004291365136258479
798.2295284684675	0.004282610507945929
794.7396455027856	0.004273786547343046
791.2672848668445	0.004264891745970324
787.8123478398429	0.004255924544575736
784.3747357009829	0.004246883332157954
780.9542553108114	0.004237523326982886
777.5508915588463	0.004228055882814505
774.1645586012354	0.004218512297818876
770.7951585877595	0.004208893071255096
767.4425936681994	0.004199198685104602
764.1067659923384	0.004189429603364712
760.7875777099579	0.004179586271357259
757.4849309708385	0.004169669115002242
754.1987279247635	0.004159678540095682
750.9288707215131	0.004149614931571409
747.6752615108709	0.004139478652749851
744.4378024426168	0.004129270044578456
741.2163956665343	0.00411898942486115
738.0109433324034	0.004108637087471817
734.8213475900076	0.004098213301561821
731.6475105891276	0.004087718310749708
728.4893344795446	0.004077152332307214
725.346721411042	0.004066515556325059
722.2195735333997	0.004055808144868627
719.1077929964014	0.004045030231126468
716.0112819498275	0.004034181918539472
712.9299425434596	0.0040232632799236155
709.8636769270805	0.004012274356574131
706.8123872504715	0.004001215157361971
703.7633224310653	0.003991331887639148
700.7228905236573	0.0039819920905173195
697.6971428991312	0.003972485264903931
694.6860108494092	0.003962806153542955
691.6894633435936	0.0039530587428353746
688.7074326342438	0.003943241785749954
685.7398509739187	0.0039333539974987985
682.7866506151796	0.003923394054819562
679.8477638105851	0.003913360595249822
676.9231228126965	0.003903252216391174
674.012659874072	0.0038930674751698857
671.1163072472733	0.0038828048870815876
668.2339971848583	0.00387246292542902
665.3656619393887	0.003862040020552467
662.5112337634233	0.0038515345590499914
659.6706449095216	0.003840944882983842
656.8438276302448	0.0038302692890837646
654.0307141781518	0.0038195060279351376
651.2312368058022	0.003808653303163674
648.4453277657567	0.003797709270599783
645.6729193105741	0.003786672037443502
642.9139436928157	0.0037755396614147577
640.1683331650405	0.003764310149893774
637.4360199798084	0.003752981459044616
634.7169363896787	0.0037415514929469533
632.0110146472125	0.0037300181026922374
629.3181870049682	0.003718379085488983
626.6383539026118	0.0037065304306988503
623.9714627054292	0.0036945170810384685
621.3174634847868	0.0036823934586814318
618.6762890046293	0.0036701588308190296
616.0478720288986	0.0036578124342337677
613.4321453215391	0.00364535347458261
610.8290416464929	0.0036327811256739104
608.2384937677045	0.00362009452873076
605.6604344491159	0.0036072927916445566
603.0947964546716	0.0035943749882166157
