1633.0445745153672	0.002246096017169775
1625.8183084141422	0.002249628352502893
1618.6276619257155	0.002253096006089583
1611.472480062466	0.002256501378280037
1604.3526078367636	0.002259846935912766
1597.2678902609866	0.0022631352132776754
1590.2181723475053	0.002266368813083406
1583.2032991086983	0.002269550407433821
1576.223115556937	0.0022726827388192933
1569.2774667045949	0.0022757686211031265
1562.3661975640496	0.0022788109405299673
1555.4891531476717	0.0022818126567340467
1548.646178467839	0.0022847768037594224
1541.8371185369242	0.0022877064910887235
1535.0618183672998	0.0022906049046803635
1528.3201229713432	0.0022934753080127265
1521.6118773614276	0.0022963210431378974
1514.9369265499254	0.0022991455317486324
1508.2947852095567	0.0023023985595633863
1501.6855519805456	0.0023057453854458633
1495.1091533424783	0.0023090800344171022
1488.5654365133585	0.0023124031813779116
1482.0542487111893	0.0023157155334801176
1475.5754371539788	0.002319017830749873
1469.1288490597306	0.002322310846730629
1462.7143316464478	0.002325595389124208
1456.3317321321385	0.002328872300446172
1449.980897734805	0.002332142458682813
1443.661675672455	0.0023354067779625862
1437.3739131630903	0.002338666209224408
1431.1174574247195	0.0023419217409068704
1424.8921556753453	0.0023451743996350883
1418.6978551329712	0.0023484252509160582
1412.5344030156057	0.0023516753998472652
1406.4016465412506	0.0023549259918305525
1400.2994329279136	0.0023581782132898145
1394.2276093935984	0.0023614332924015097
1388.1860231563082	0.002364692499833109
1382.1745214340515	0.0023679571494850493
1376.1929514448311	0.0023712285992455967
1370.241160406651	0.00237450825175193
1364.318995537519	0.002377797555159609
1358.426304055438	0.0023810980039189328
1352.5629331784125	0.0023844111395628026
1346.7287301244498	0.0023877385515009317
1340.9235421115534	0.002391081877820975
1335.1472163577268	0.0023944428061030663
1329.3996000809782	0.002397823074239326
1323.6805404993092	0.0024012244712621686
1317.9898848307282	0.002404648838182521
1312.327480293237	0.0024080980688390924
1306.6929034080542	0.002411995368236142
1301.0862534899788	0.0024159541267082672
1295.507400259826	0.0024199414741893624
1289.9561926167721	0.0024239568173842403
1284.432479459993	0.0024279995748076803
1278.9361096886691	0.002432069177280379
1273.4669322019754	0.0024361650684450904
1268.0247958990922	0.0024402867052843525
1262.6095496791954	0.0024444335586443398
1257.2210424414618	0.0024486051137701166
1251.8591230850711	0.0024528008708482613
1246.5236405091998	0.002457020345550968
1241.2144436130243	0.002461263069598454
1235.9313812957246	0.0024655285913200665
1230.674302456477	0.0024698164762296843
1225.4430559944578	0.002474126307603675
1220.2374908088475	0.0024784576870711546
1215.0574557988218	0.0024828102352110397
1209.9027998635574	0.0024871835921558526
1204.7733719022344	0.002491577418207914
1199.6690208140276	0.0024959913944555307
1194.5895954981174	0.002500425223408607
1189.5349448536788	0.0025048786296344057
1184.504917779892	0.002509351360403106
1179.4993631759316	0.002513843186346826
1174.518129940978	0.0025183539021228244
1169.5610669742077	0.002522883327083399
1164.628023174797	0.0025274313059622847
1159.7188474419256	0.0025319977095621935
1154.8333886747698	0.0025365824354587297
1149.9714957725068	0.0025411854087032068
1145.1329708054984	0.0025458895787321347
1140.2959686533236	0.0025494978020266703
1135.4742236971133	0.002552606117663342
1130.6755004968304	0.002555721926961607
1125.8996945825309	0.0025588459144137918
1121.1467014842706	0.002561978793113409
1116.416416732109	0.0025651213053066385
1111.7087358560993	0.002568274222947993
1107.0235543863016	0.002571438348264621
1102.360767852771	0.0025746145143196683
1097.720271785563	0.0025778035855956298
1093.1019617147363	0.0025810064585690185
1088.5057331703456	0.0025842240623041527
1083.9314816824499	0.0025874573590452038
1079.3791027811035	0.002590707344820148
1074.8484919963653	0.0025939750500506152
1070.3395448582894	0.0025972615401644136
1065.8521568969352	0.002600567916221783
