643.7463880122033	0.003396815291736961
640.8018028969744	0.003381149262356124
637.8721124031986	0.0033653839109266414
634.9572471138027	0.0033495160734796324
632.0571376117109	0.003333542511697709
629.1717144798502	0.003317459911713492
626.3009083011444	0.003301264882899881
623.4446496585208	0.003284953956644612
620.602869134904	0.0032685235851088513
617.7754973132187	0.003251970139977299
614.9624647763922	0.003235289911187642
612.1637021073482	0.0032184791056455784
609.3791398890137	0.0032015338459326368
606.6087087043138	0.0031844501689922916
603.8523092787547	0.0031671249561605534
601.1098948854569	0.003149628358579367
598.3814044445674	0.0031319837335317276
595.6667690441512	0.003114188506956078
592.9659197722758	0.003096240043264499
590.2787877170052	0.003078135644242646
587.6053039664067	0.003059872547931723
584.9453996085454	0.0030414479275001336
582.2990057314864	0.0030228588901004415
579.6660534232968	0.00300410247570423
577.0464737720416	0.0029851756559294918
574.4401978657862	0.002966075332853395
571.8471567925974	0.0029467983378023126
569.2672816405399	0.002927341430133293
566.7005034976804	0.0029077012959947486
564.1467534520838	0.002887874547076445
561.605962591817	0.002867857719337818
559.0780620049451	0.0028476472717208134
556.5629827795331	0.0028272395848528424
554.0606560036483	0.0028066309597202512
551.5710052202213	0.0027857902432969696
549.0939565305853	0.0027646950361251118
546.6294541616519	0.00274338887310629
544.1774295195047	0.002721868918155383
541.7378140102295	0.002700132269671857
539.3105390399098	0.002678175959316316
536.8955360146293	0.002655996950767422
534.4927363404736	0.0026335921384695966
532.1020714235261	0.0026109583463495827
529.7234726698707	0.002588092326528024
527.3568714855928	0.002564990758002654
525.0021992767762	0.0025416502453204197
522.6593874495046	0.0025180673172222477
520.3283674098633	0.002494238425279331
518.0090705639354	0.0024701599424993468
515.7014283178066	0.0024458281619200288
513.4053720775598	0.002421239295180611
511.12083324928057	0.0023963894710684166
508.84774323905197	0.0023712747340524456
506.5860305190419	0.002345879467153251
504.33562723439724	0.0023202023176104735
502.0964671915248	0.0022942485064067247
499.8684818939486	0.0022680141248808527
497.6516028451902	0.0022414951793002557
495.4457615487733	0.002214687589320344
493.25088950822004	0.0021875871864309383
491.0669182270525	0.002160189712368991
488.8937792087947	0.0021324908175144727
486.73140395696845	0.0021044860592539863
484.57972397509604	0.002076170900332561
482.43867076670125	0.002047540707166749
480.3081758353062	0.002018590748138417
478.188170684433	0.001989316191862075
476.07858681760536	0.001959712105426099
473.97845180741774	0.0019298831537471952
471.87787281487283	0.001901019418082641
469.7875293238296	0.0018718293641107027
467.707374404149	0.0018423129386546803
465.63735360253355	0.0018124378360644467
463.57741800773374	0.0017821950553680683
461.5275187085022	0.001751575446200401
459.4876067935893	0.0017205697069500373
457.45763335174763	0.0016891683828801716
455.43754947172823	0.0016573618642340632
453.42730624228204	0.0016251403843156006
451.42685475216166	0.0015924940175532788
449.43614609011803	0.001559412677539989
447.4551313449022	0.0015258861150555443
445.4837616052667	0.0014919039160590259
443.521987959962	0.001457455499670801
441.5697614977406	0.0014225301161195987
439.6270333073536	0.0013871168446778755
437.69377683001125	0.0013513064704268102
435.7699227668194	0.0013149957284637147
433.8554184997625	0.0012781562529315667
431.950214402978	0.0012407730192858725
430.05426085060515	0.0012028307630275966
428.1675082167817	0.001164313976908213
426.28990687564556	0.0011252069081086704
424.42140720133597	0.0010854935553829984
422.5619595679904	0.001045157666179239
420.711514349748	0.0010041827337139001
418.8700219207461	0.0009625519940229625
417.0374326551241	0.000920248422972367
415.2136969270193	0.0008772547332368405
413.39876696300024	0.0008335623044797174
