1229.944010152177	1155.1681151879536
1224.7339894674797	1150.4284747400925
1219.5497321104351	1145.711893177884
1214.3910966314177	1141.0182468078663
1209.257941580796	1136.3474119365733
1204.1501255089431	1131.6992648705439
1199.0675069662286	1127.0736819163114
1194.0099445030255	1122.4705393804152
1188.9772966697044	1117.8897135693899
1183.9694220166348	1113.3310807897706
1178.9859939728346	1108.7947024694524
1174.0269704734892	1104.2803555301516
1169.0922994782886	1099.7878268690915
1164.1818411811773	1095.3169911492323
1159.2954557761002	1090.867723033534
1154.4330034570062	1086.4398971849605
1149.5943444178395	1082.033388266472
1144.7793388525454	1077.6480709410287
1139.987846955072	1073.2838198715942
1135.2197289193634	1068.9405097211281
1130.4748449393683	1064.6180151525937
1125.7530552090311	1060.3162108289512
1121.0542199222966	1056.034971413161
1116.3781992731138	1051.7741715681868
1111.7248534554271	1047.533685956989
1107.0940426631819	1043.3133892425276
1102.4856270903263	1039.1131560877664
1097.8994669308038	1034.9328611556646
1093.3354223785632	1030.7723791091857
1088.7933536275482	1026.6315846112889
1084.2731208717073	1022.5103523249381
1079.774584304985	1018.4085569130932
1075.2976041213267	1014.3260730387149
1070.8420405146805	1010.2627753647664
1066.3915659635516	1006.2023508387682
1061.9444377901486	1002.1430712519447
1057.5183500246812	998.1026451035204
1053.1132075294584	994.08099172482
1048.728915166792	990.0780304471701
1044.3653777989898	986.0936806018947
1040.022500288361	982.1278615203177
1035.7000234032862	978.1806566276979
1031.398004398887	974.2518328625448
1027.116362869114	970.3412948245417
1022.8550048763617	966.4489606449323
1018.6138364830216	962.5747484549576
1014.3927637514853	958.7185763858583
1010.1916927441476	954.8803625688789
1006.0105295233992	951.060025135259
1001.8491801516348	947.2574822162426
997.7075506912448	943.4726519430695
993.5855472046242	939.705452446984
989.4830757541631	935.9558018592259
985.4000424022569	932.2236183110391
981.3363532112967	928.5088199336647
977.2919142436742	924.8113248583434
973.2666315617844	921.1310512163195
969.2604112280176	917.4679171388327
965.2731593047687	913.821840757127
961.3047818544292	910.1927402024435
957.3551849393908	906.5805336060231
953.4242746220482	902.9851390991096
949.5119569647931	899.4064748129441
945.6181380300169	895.8444588787676
941.7427238801146	892.299009427824
937.8856205774774	888.7700445913541
934.0467341844976	885.2574825005993
930.2259707635693	881.761241286803
926.4232363770844	878.2812390812065
922.6384370874345	874.8173940150508
918.8713643457403	871.3697388308539
915.1220370890753	867.9380787851724
911.3903654868147	864.52232790227
907.6762565079486	861.1224034067876
903.9796171214708	857.7382225233695
900.3003542963716	854.3697024766564
896.6383750016448	851.0167604912926
892.9935862062816	847.6793137919199
889.3658948792731	844.3572796031799
885.7552079896132	841.0505751497169
882.1614325062931	837.7591176561727
878.5844753983038	834.4828243471889
875.0242436346392	831.2216124474099
871.4806441842895	827.9753991814764
867.9535840162489	824.7441017740327
864.4429700995081	821.5276374497207
860.9487094030593	818.3259234331828
857.4707088958937	815.1388769490607
854.0088755470052	811.9664152219985
850.563116325384	808.8084554766376
847.1333382000238	805.6649149376218
843.719448139916	802.535710829593
840.3213531140517	799.4207603771928
836.9389600914245	796.3199808050655
833.572176041025	793.2332893378519
830.2209079318469	790.1606032001965
826.8850627328803	787.10183961674
823.5644862744392	784.0569769508066
820.2591441491746	781.0258738033768
816.9689473506728	778.0084433745019
