757.3754085434047	730.1127769931865
753.8998972591369	726.8720156128857
750.4417331825168	723.647143039612
747.0008318362757	720.4381005954958
743.577099361411	717.2448389843933
740.1704828040331	714.0672680050552
736.7809052638165	710.9053214026615
733.4082898404392	707.7589329223947
730.0525596335768	704.6280363094355
726.7136377429047	701.5125653089642
723.3914472681007	698.412453666164
720.0859113088396	695.3276351262144
716.7969529647994	692.2580434342983
713.5244953356555	689.2036123355961
710.2684615210833	686.1642755752885
707.0287746207609	683.1399668985582
703.8053577343638	680.1306200505857
700.5981339615672	677.1361687765515
697.4070264020494	674.1565468216387
694.2319581554848	671.1916879310268
691.0728523215515	668.2415258498985
687.9296319999249	665.3059943234347
684.8022193991629	662.3850279879333
681.6905366393964	659.478561568124
678.5945087875925	656.5865268418961
675.5140589950199	653.7088575028367
672.4491104129501	650.8454872445349
669.3995861926513	647.9963497605771
666.3654094853949	645.1613787445527
663.3465034424494	642.3405078900478
660.3427912150859	639.5336708906517
657.3541959545732	636.7408014399514
654.380640812181	633.9618332315339
651.4220489391801	631.1966999589886
648.4783434868391	628.4453353159017
645.5494476064291	625.7076729958624
642.6352844492194	622.9836466924578
639.7357771664789	620.273190099275
636.850848909479	617.5762369099032
633.9804240083818	614.8927196390364
631.1244396575091	612.2225579372086
628.2828031790615	609.5657013270803
625.4554373531053	606.9220838734409
622.6422649597074	604.2916396410795
619.8432087789367	601.6743026947884
617.0581915908598	599.0700070993565
614.2871361755434	596.4786869195733
611.5299653130564	593.9002762202308
608.7866017834648	591.3347090661174
606.0569683668373	588.7819195220247
603.34098784324	586.2418416527415
600.6385829927417	583.7144095230597
597.9496765954084	581.1995571977677
595.274191431309	578.6972187416573
592.61205028051	576.2073282195176
589.963199451916	573.7297961673008
587.3275589476093	571.2645594277849
584.7050281375477	568.8115754758669
582.0955285275936	566.3707796505444
579.4989816236076	563.9421072908134
576.9153089314501	561.5254937356696
574.3444319569836	559.1208743241108
571.7862722060687	556.7281843951326
569.2407511845657	554.3473592877309
566.7077903983372	551.9783343409035
564.1873113532437	549.6210448936462
561.6792355551456	547.2754262849548
559.1834845099055	544.9414138538269
556.6999797233838	542.6189429392583
554.2287068422686	540.3078847394172
551.7695505603814	538.0082114053426
549.3223973416159	535.7198933179955
546.887165253052	533.442869255156
544.4637723617667	531.1770779946027
542.0521367348397	528.9224583141154
539.6521764393482	526.6789489914723
537.2638095423717	524.446488804454
534.8869541109882	522.225016530839
532.5215282122754	520.0144709484057
530.1674499133128	517.8147908349345
527.8148649667669	515.6161426537926
525.4710697340371	513.4256608858146
523.1384802066717	511.2458244430112
520.8169486338577	509.07668083626504
518.5064064327817	506.91819840846347
516.2067850206286	504.77034550249215
513.9180158145838	502.63309046123743
511.6400302318323	500.50640162758503
509.37275968956084	498.3902473444222
507.11613560495374	496.2845959546344
504.8700893951975	494.1894158011088
502.6345900330498	492.10463767115857
500.40982279571296	490.0299760476519
498.1953900956787	487.96572827817124
495.9912008628268	485.91188519290625
493.7971640270395	483.8684376220488
491.6131885181966	481.83537639578844
489.43918326618024	479.8126923443172
487.2750572008704	477.80037629782476
485.120719252149	475.7984190865028
