1336.2445316467629	1241.3975136102922
1330.6438399630952	1236.3215226047605
1325.0699450939237	1231.2693610809506
1319.522730713951	1226.2409306889988
1314.002080497874	1221.2361330790363
1308.507878120396	1216.2548699011995
1303.040007256214	1211.297042805619
1297.5983515800306	1206.3625534424316
1292.1827947665445	1201.4513034617692
1286.7932204904546	1196.5631945137648
1281.4295124264631	1191.698128248554
1276.091554249268	1186.8560063162686
1270.7792296335713	1182.0367303670444
1265.4924222540722	1177.240202051014
1260.231015785469	1172.4663230183096
1254.9948939024646	1167.7149949190677
1249.7839402797576	1162.9861194034206
1244.5980385920464	1158.2795981215006
1239.4370725140343	1153.5953327234442
1234.300925720418	1148.9332248593823
1229.1894818859005	1144.2931761794512
1224.1026246851804	1139.6750883337834
1219.0397318750724	1135.0793688903955
1214.001101428348	1130.5055052013543
1208.986713255047	1125.9533026814515
1203.9964531530254	1121.4226608576623
1199.0302069201423	1116.913479256966
1194.0878603542528	1112.4256574063365
1189.169299253216	1107.9590948327534
1184.2744094148866	1103.5136910631904
1179.4030766371243	1099.0893456246267
1174.5551867177849	1094.685958044038
1169.7306254547236	1090.3034278483995
1164.929278645801	1085.9416545646902
1160.151032088871	1081.6005377198844
1155.395771581793	1077.2799768409611
1150.6633829224231	1072.9798714548958
1145.953751908617	1068.7001210886642
1141.2667643382342	1064.4406252692447
1136.602306009131	1060.2012835236133
1131.9602627191628	1055.9819953787453
1127.3405202661886	1051.7826603616197
1122.742964448065	1047.603177999212
1118.1674810626475	1043.4434478184974
1113.6139559077958	1039.3033693464552
1109.0822747813656	1035.1828421100606
1104.5723234812128	1031.0817656362894
1100.0839878051968	1027.0000394521205
1095.6171535511724	1022.9375630845283
1091.1717065169985	1018.8942360604913
1086.7475325005305	1014.8699579069843
1082.3445172996271	1010.8646281509858
1077.9625467121436	1006.8781463194705
1073.6015065359393	1002.9104119394174
1069.2612825688698	998.9613245378018
1064.9417606087914	995.0307836415992
1060.642826453563	991.1186887777886
1056.3643659010395	987.2249394733443
1052.1062647490803	983.3494352552452
1047.8684087955414	979.4920756504669
1043.6506838382786	975.6527601859849
1039.4529756751513	971.831388388778
1035.2751109244505	968.0279189653866
1031.1166779278692	964.2425488989493
1026.9779215031535	960.474818696558
1022.858729001947	956.7246263314005
1018.7589877758936	952.9918697766649
1014.6785851766401	949.2764470055417
1010.6174085558303	945.5782559912191
1006.5753452651079	941.8971947068849
1002.55228265612	938.2331611257298
998.5481080805092	934.5860532209409
994.5627088899225	930.955768965709
990.5959724360027	927.3422063332207
986.6477860703965	923.7452632966672
982.7180371447467	920.1648378292354
978.8066130107004	916.6008279041157
974.9134010199011	913.0531314944965
971.0382885239928	909.5216465735655
967.1811628746225	906.0062711145133
963.3419114234337	902.5069030905281
959.5152019713357	899.0182209240631
955.6797257159498	895.5189264342836
951.8618036712332	892.0353512566908
948.0613601048749	888.5674302805173
944.2783192845601	885.1150983949932
940.5126054779756	881.6782904893488
936.7641429528071	878.2569414528139
933.0328559767431	874.8509861746211
929.3186688174684	871.4603595439991
925.6215057426713	868.0849964501805
921.9412910200377	864.724831782395
918.2779489172532	861.3798004298725
914.6314037020062	858.0498372818453
911.0015796419816	854.7348772275423
907.388401004868	851.4348551561959
903.7917920583499	848.1497059570353
900.2116770701159	844.8793645192925
896.6479803078507	841.6237657321967
893.1006260392429	838.3828444849802
