849.9350732604489	812.3823105165975
846.1150597871763	808.8397302706599
842.3139320676348	805.3143084017281
838.5316076469387	801.8059735093022
834.768004070198	798.3146541928791
831.0230388825267	794.8402790519584
827.2966296290349	791.3827766860368
823.5886938548366	787.9420756946141
819.8991491050429	784.5181046771881
816.2279129247648	781.1107922332557
812.5749028591163	777.7200669623171
808.9400364532075	774.3458574638689
805.3232312521526	770.9880923374109
801.7244048010624	767.6467001824407
798.1434746450481	764.3216095984554
794.5803583292236	761.0127491849553
791.0349733987	757.7200475414377
787.5072373985886	754.4434332673998
783.997067874003	751.1828349623418
780.5043823700538	747.9381812257601
777.0290984318544	744.7094006571547
773.5711336045164	741.4964218560232
770.1303324868798	738.2992463681333
766.7066841046685	735.1177313123756
763.3001094272153	731.9518018640255
759.9105267844373	728.8013858377747
756.5378545062542	725.6664110483168
753.1820109225827	722.5468053103426
749.8429143633424	719.4424964385458
746.5204831584498	716.353412247617
743.2146356378246	713.2794805522499
739.9252901313841	710.2206291671359
736.6523649690458	707.1767859069665
733.3957784807294	704.1478785864354
730.1554489963512	701.1338350202332
726.9312948458311	698.1345830230536
723.7232343590863	695.150050409588
720.5311858660342	692.1801649945279
717.3550676965945	689.224854592567
714.1947981806845	686.2840470183967
711.0502956482214	683.3576700867084
707.9214784291252	680.4456516121958
704.8082648533131	677.5479194095504
701.7105732507022	674.6644012934636
698.6283219512123	671.795025078629
695.5614002160843	668.9397476484149
692.5097410022099	666.0984821905381
689.4732782444387	663.2711409147621
686.451930798591	660.4576511098743
683.4456175204898	657.6579400646647
680.4542572659553	654.8719350679206
677.4777688908108	652.0995634084319
674.5160712508763	649.3407523749858
671.5690832019752	646.5954292563724
668.6367235999282	643.8635213413797
665.7189113005564	641.1449559187955
662.8155651596829	638.4396602774099
659.9266040331279	635.74756170601
657.0519467767145	633.068587493386
654.1915122462636	630.4026649283256
651.3452192975964	627.7497212996169
648.5129867865357	625.10968389605
645.6947335689027	622.4824800064126
642.8903785005184	619.8680369194929
640.0998404372056	617.2662819240807
637.3230382347854	614.6771423089638
634.5598904714889	612.1005456405205
631.8102915891851	609.5364436214944
629.0741856879157	606.9847382964532
626.3514919728881	604.4453566047979
623.6421296493124	601.9182254859318
620.9460179223956	599.4032718792553
618.2630759973478	596.9004227241716
615.5932230793757	594.4096049600813
612.9363783736893	591.9307455263873
610.2924610854957	589.4637713624904
607.6613904200046	587.0086094077938
605.043085582424	584.5651866016983
602.4374657779616	582.1334298836053
599.8444502118273	579.7132661929181
597.2639580892287	577.3046224690377
594.6924267785108	574.9039438145022
592.1218484028363	572.503230086668
589.5635730323946	570.1138390899176
587.0175436658051	567.7357215570639
584.483703301685	565.3688282209177
581.9619945767055	563.0131101762378
579.4523564399901	560.6685222053286
576.9547364338775	558.3350104972835
574.4690776367077	556.0125257051902
571.9953231268222	553.7010184821385
569.5334159825612	551.4004394812167
567.0832992822649	549.1107393555131
564.6449161042754	546.8318687581177
562.2182095269318	544.5637783421182
559.8031226285764	542.3064187606046
557.3995984875486	540.0597406666644
555.0075801821904	537.8236947133878
552.6270107908412	535.5982315538625
550.2578333918431	533.3833018411784
