0.6559593476677053	909.9277318025848	818.117081027477	875.4987377619194
0.8463242578033005	234.445519705196	133.5599735644424	196.6134399024134
0.8603867480074537	166.50732353175135	91.87552015253233	138.52039726454421
0.6721643706695236	1101.7117235637784	955.3581549394826	1046.8291353296675
0.9490855019776656	2425.0286979574594	356.8661541232739	1649.4677440196397
0.8811083900460667	772.2613368873847	296.98674418940976	594.0333646256441
0.644706911208717	2708.335195542856	2346.5141869867093	2572.652317334301
0.613807683989784	1476.8399033439769	1366.5567490183234	1435.4837204718567
0.8948665320560731	658.176145553802	228.3037167434286	496.973984749912
0.6859496614217415	814.6033637548564	702.5825014226243	772.5955403802694
0.9231305931833783	134.0051550886434	43.40078787342927	100.02851738293809
0.930582829816538	630.581542468843	145.23053775640986	448.5749157016806
0.9673706910902348	86.62991631208678	13.102352446314306	59.0570798624221
0.9455012775124544	1003.7381378623759	171.8662751766176	691.7861893552165
0.7786544631894091	338.73726002959273	249.62820553731598	305.32136459498895
0.7339548360316266	474.77311294713525	385.50427902534875	441.2973002264653
0.9903365321610462	66.89825453424403	3.1854549194125923	43.005954678682244
0.7940656690180641	474.4569131179222	318.13711137281643	415.83698746350757
0.9448122216565492	2919.85404477722	459.42715915069107	1997.1939626672715
0.7867067906686556	888.0927487678684	576.8297343490478	771.3691183608107
0.7870260790651625	512.6651041783579	350.42783433963393	451.8261279888364
0.9581787914245803	348.10775498210904	51.9799162990459	237.05981547596036
0.8572527668782214	2027.1382785940868	851.0037142339143	1586.0878169590221
0.5818086268633124	1769.5586579716812	1676.244085254663	1734.5656932027994
0.8502163150249621	366.9109815935601	191.91063427668476	301.28585134973184
0.6650367184570356	1447.488645845358	1251.1098693235626	1373.8466046496847
0.9953191352618534	274.5774782824466	4.697873581485595	173.3726265195862
0.9763394932633137	3501.7684128341625	230.24815953183725	2274.9483178457904
0.9528673188321063	195.20710279162614	36.07898606583292	135.53405901945368
0.8112240897123026	2553.444318578998	1370.6282299791214	2109.888285354044
0.7241573831546797	1500.6161811593977	1143.4941977648589	1366.6954373864455
0.9428344750643319	2234.469838934662	372.5291718985434	1536.2420887961175
0.8623835054469176	244.31079263163667	125.04194682490562	199.5849754541125
0.6859683724380095	949.7912545423892	811.0419933630308	897.7602816001298
0.7803409106321803	2992.2684082314368	1818.1043056198146	2551.9568697520785
0.6878867723914469	724.707383617507	627.7800559462448	688.3596357407837
0.706648516304675	1369.2051582112963	1094.95194798162	1266.3602043751675
0.7868100530146314	2515.4163731778476	1506.5122262975287	2137.077318097728
0.600698594510643	1862.9773918476678	1731.5177153726465	1813.680013169535
0.8789717155856087	230.85870785671034	105.62297401201869	183.89530766495096
0.6838876128448481	511.6136214314092	457.49282553210054	491.31832296916843
0.9532298105901952	145.39177923574962	28.173695471812785	101.43499782427331
0.9031677293477761	722.6190790693713	228.6365937597531	537.3756470782645
0.9765463052054535	60.51524403782075	7.235465003729711	40.535326900036615
0.7127655069247488	597.5515553426379	499.8221122252038	560.9030141736001
0.8952685152548722	629.545459405121	218.682272949777	475.47176448436704
0.8918451229943803	1269.161496786988	422.8871444317775	951.808614653784
0.6895348199465263	2302.5195132969843	1854.663644806467	2134.5735626130404
0.9159054753190531	1852.0261079136944	463.50652534549874	1331.331264450621
0.721450248681492	2795.691144449483	2065.940816401759	2522.0347714315867
0.5462390381208226	2454.7576585023016	2362.705020799007	2420.237919363566
0.9296634503080208	189.99366776798786	52.74141546531773	138.52407315448656
0.6591225815617796	2349.61162054583	2001.9373783569024	2219.2337797249825
0.5959472432903415	1469.9953784916502	1384.6979754068857	1438.0088523348634
0.9447471126770742	321.90149636579133	64.40172913223842	225.339083653209
0.6453307403214424	882.9026553379381	806.7186203146905	854.3336422042203
0.9329949678583902	80.43282505235854	25.5177686726449	59.839678909965926
0.8087650731774277	2682.980491007277	1452.2086669620485	2221.4410569903166
0.7474736308897721	1511.6343078622574	1078.2634072788712	1349.1202201434876
0.8629212823182059	167.1448030982223	90.63270391552359	138.45276590471028
0.9639111798443905	783.8622175947794	90.88132083617029	523.9943813103009
0.9623394097790364	4176.092397902101	434.03338358908786	2772.820267534721
0.8406549898869723	852.7575243247109	429.4268738270659	694.0085303880941
0.8013468990808882	220.88997621713503	157.97284202841274	197.29605089636416
0.8267171280298901	491.5709646919487	283.19889481384496	413.43143848765976
0.5644657160514933	1590.3331213199567	1531.3737998154425	1568.223375755764
0.9566295621951454	1753.653862662047	225.72397398817566	1180.6801544093453
0.7260748242732716	636.7496150534771	513.9983454590977	590.7178889555848
0.797837951861798	1213.7684460798275	733.3512090938032	1033.6119822100684
0.9528134369974303	84.51688482336019	18.645390044471732	59.81507428127702
0.7064798044270518	2816.3482833402168	2160.430917948027	2570.3792713181456
0.9534792240284089	2543.684432136869	340.33321023985513	1717.4277239254889
0.9481613795878385	892.1887355858872	147.11634791149538	612.7865902079902
0.9561666149493744	1191.627362838436	160.80735207652845	805.0698588027208
0.8067642778562353	1393.803055917188	800.1843354870092	1171.196035755871
0.9472565427318523	1016.9840687058963	168.24305568364161	698.7061888225508
0.8286940291935699	1597.4880391027805	812.9118146728721	1303.2719549415647
0.6536899067486556	1245.3824163574336	1104.4138332608927	1192.5191976962308
0.6454758963550465	1927.807460306663	1693.7321647380804	1840.0292244684445
0.724076545030091	1469.898119307163	1121.847343706156	1339.3790784567852
0.943364748365269	72.53724225010612	19.993640891327306	52.83339174056406
0.9487457661218052	125.65139461584023	27.50487805403698	88.846450905164
0.6591445520953606	2562.8309437591756	2174.708631076553	2417.285076503192
0.8990627328738119	325.8311307061373	118.77364782394457	248.18457462531504
0.9104118356136883	100.12392766413831	40.124926936326204	77.62430239120877
0.8416730174765821	216.05858580565365	127.97714362939489	183.02804498955663
0.7314238038678909	420.0957019625631	347.1206534502826	392.7300587704579
0.5755557598350316	1990.0147732912242	1887.380181412284	1951.5268013366217
0.7503315885811883	295.9702435135791	241.54160656924597	275.55950465945415
0.8456820513682	911.0720693002049	442.3672818171963	735.3077739940767
0.7951652607625322	905.6428275892499	567.5310805395966	778.8509224456299
0.6522466620383213	2247.6358969981734	1940.69545672325	2132.5332318950773
0.9694507790775677	123.7766069442184	16.138396493698046	83.41227802527327
0.8173876201692423	1453.9597174446887	790.6164096735408	1205.2059770305082
0.9451144668641541	2074.520114550399	333.93236847403637	1421.7997097717628
0.7246485168885601	1487.6503680688913	1132.8213238634528	1354.5894764918519
0.8537521726456824	3285.1235013557452	1360.942739582153	2563.555715690648
0.9928596827982327	58.69663378056607	2.1436163913376234	37.4892522596054
0.6469297128859958	1076.1721196264798	970.9389378959164	1036.7096764775185
0.7371242498285121	341.96413236677006	284.3282468852882	320.3506753112144
0.7624761557159413	1172.1448403320749	812.0924705150537	1037.125201650692
0.9475320044047836	774.7925658823594	131.31720912205702	533.4893070972461
0.8830928251053088	776.9227160201585	293.7124338071895	595.7188601902951
0.6211059684072808	1428.3082435651183	1312.8934981811765	1385.02771404614
0.6755794881911571	1801.1872843186243	1510.7721000778597	1692.2815902283376
0.8733947027212025	628.7898474616185	262.9053099504323	491.58314589492363
0.9087058996388961	2449.1457822457905	650.3580353465304	1774.6003771585679
0.824236029804193	1495.5623981182132	783.5516087506492	1228.5583521053768
0.8468819694435898	305.3635445108939	166.97984587517277	253.4696575224985
0.9423201357274923	673.7081381504327	127.7190735035723	468.96223890786
0.9471719852566342	225.3084288535453	45.57307411722242	157.90767082742423
0.7044540758662936	589.4978390727298	502.243237950392	556.7773636518531
0.6283806609230179	1523.7244414476258	1384.637418542844	1471.5668078583326
0.9362247884469178	1266.7337881473	248.34883652678593	884.8394312896071
0.7631106169648888	2366.6680133692776	1556.2411504422937	2062.7579397716586
0.9349424047663681	2780.3981789238105	519.0538646580369	1932.3940610741456
0.7715559104000853	395.9927584128913	293.7716197593125	357.65983141779924
0.8998011336978666	95.17562683129071	43.010065771864994	75.61354143400607
0.8435814078449406	1725.9545363238767	801.4451728741801	1379.2635250302405
0.7160683764931516	559.878234959005	467.39769082481405	525.1980309086834
0.6865982021787747	1563.9328774627697	1294.446280155456	1462.875403472527
0.7687240522957146	408.9227063492546	305.1403522313149	370.0043235550272
0.7409386650226911	371.18253158830566	303.15409792610797	345.6718689649815
0.8167384765055279	2144.8615841555625	1134.9265573696175	1766.135949110833
0.9105018445130033	1354.9681317286095	371.4218253188676	986.1382668249563
0.7472482961660549	1054.3459991322875	772.601687113657	948.6918821253009
0.9461534166867634	390.3137318950344	74.01178310455882	271.7005010986061
0.7725667793907863	1164.277683578131	779.4080739984798	1019.9515799857618
0.8371308289845604	1945.9286128402398	929.5607650984	1564.7906699370499
0.5723632497052011	2175.953861978854	2063.197689407794	2133.6702972647063
0.9208577702514262	2589.2767639137373	592.6183432943105	1840.5298561814525
0.8728914687701804	1656.3536815882667	631.6283063638966	1272.081665879128
0.9248617439854089	910.2875787289588	217.83968465758136	650.6196184521922
0.9293707041860552	404.6134303646801	100.32824411055543	290.5064855193833
0.9033341635049238	260.47385033650926	94.07531231324576	198.07439857778544
0.9231145499326341	345.07849659492734	95.2512010845491	251.3932607785355
0.8782084252063324	439.53647312372107	184.77809389099968	344.00208091145055
0.9669647257991731	490.9950019454212	55.10601721752661	327.53663267246077
0.8247950857715588	303.74327984239955	187.36253643591306	260.1005010649671
0.8074748153745208	889.176440596226	529.0746266799845	754.1382603776354
0.8382387747952026	2978.84558325166	1369.173513579167	2375.218557124475
0.8372541047370954	388.99144485320505	217.81953004792706	324.8019768012258
0.8080110500507236	474.36807169167	299.98751167891726	408.97536168688777
0.5205554377537909	2406.3612904068823	2349.730075192073	2385.124584701329
0.718474748456654	954.0600615545195	760.5184138529889	881.4819436664455
0.8567265056307606	979.5600012042994	440.1947357690031	777.2980266660633
0.7525061480821892	2466.137358287086	1676.0767265334694	2169.8646213794796
0.8759396792056432	236.32688138567357	110.29567834596372	189.0651802457824
0.7493265983907998	972.889612103603	712.9375699701986	875.4075963035764
0.7724963030190724	405.0425680195021	298.82544274167554	365.21114604031715
0.7597955559145666	3014.154712123327	1974.2899286060183	2624.2054183043365
0.8433328176665871	138.14499522134318	87.3681049115161	119.10366135515802
0.7756175019310544	1073.3399496397803	715.3086068507578	939.0781960938968
0.9473912823939169	544.9326749617461	96.59193717352699	376.8048982911639
0.9580703220165748	1060.4574928297943	138.4965422143237	714.7221363489928
0.8466831222964133	625.8534770418992	313.97943209044695	508.9007101851046
0.9294031210974557	207.77320907014973	56.99663244871995	151.23199283711355
0.571304345359111	1820.260623501193	1736.9502107772637	1789.0192187297196
0.9380229015016912	86.13817599186214	24.852815351209895	63.15616575161755
0.9467461897171932	957.1920485239241	160.91863351041934	658.5895178938598
0.9501092304757681	2059.198543920603	301.0988676405741	1399.911165315592
0.58072630023119	1860.5735964194025	1761.070691460033	1823.260007059639
0.6263833581829588	1039.2920403003855	963.4913802305376	1010.8667927741925
0.7999810050003408	2508.9478160457857	1420.6945205674517	2100.8528302414106
0.8555328978388559	1251.9510767117476	554.1201768189386	990.2644892519443
0.8622901004356626	3511.066199070605	1365.301277324101	2706.404353415666
0.7345699993862799	418.372751853425	343.1876097421634	390.17832356170186
0.871942740923323	2939.2469723979016	1078.2549831661427	2241.374976435992
0.9009126179200204	233.61683493682	87.93366171927119	178.9856449802392
0.554490089882168	1885.621044005802	1818.3692111446449	1860.401606682868
0.839212789182675	680.0273811889474	353.3778393577852	557.5338030022616
0.6626821659975162	2710.2239583166247	2279.902932231903	2548.853573534854
0.9067312913415065	490.90219271137244	156.67966661963337	365.5687454269703
0.7807103263826379	580.011253076867	400.8916714299305	512.8414099592658
0.868089964720491	127.96131774656634	70.3626418322515	106.36181427869828
0.6709574050259866	1174.5112058683974	1016.7918669035255	1115.3664537565703
0.8710210284028688	238.77241728986678	115.42305470350526	192.51640631998123
0.8873581888549288	288.0524306187809	118.95092271924801	224.63936515645605
0.9058974110251828	3408.827010844949	909.3977973465849	2471.541055783063
0.5960178788897675	1956.3045551105815	1823.3743670520698	1906.4557345886396
0.7291870214280266	795.275127114695	625.8846189445245	731.7536865508811
0.8911632231258918	455.198022946077	170.7831183312271	348.5424337155083
0.8186259357549966	584.6985449889467	344.12504543292266	494.4834826554377
0.9690081298330504	149.05427520225425	18.98183965340654	100.27711187143636
0.5765047732276826	1500.6837171610678	1435.4357140605562	1476.215715998376
0.9818297022246883	127.52391362222639	9.789937321040725	83.37367250928176
0.824783268250954	240.92414791594632	153.4047268807151	208.10436502773462
0.7291337208420481	2143.158025212549	1575.62963692023	1930.3348796029295
0.7341296955443776	361.4478356447649	301.0512306875606	338.7991087858133
0.8013986276694617	401.14597061796627	265.96115354333546	350.4516642149797
0.8568218751082601	2712.818187587406	1116.4834274309758	2114.192652528745
0.91403962855028	575.1031477829803	165.94280810112113	421.6680204022831
0.8651717859436069	171.75580056645015	91.2938520549334	141.58256987463136
0.8478382066854302	521.0135937436738	264.9473554979727	424.9887544015359
0.9952252170485961	305.42875062980374	5.238902750387751	192.85755767502275
0.8532925573724601	1614.55550014865	709.1607457633045	1275.0324672541456
0.9278352890791289	634.7163167637932	151.89246287935916	453.65737155713043
0.7896004750949499	314.66808069610795	224.9014631899671	281.00559913130513
0.6078573298730765	1454.493219704377	1355.1040027571296	1417.2222633491592
0.8887017553815769	222.03042787910113	94.32503223344901	174.14090451198157
0.678321236888009	936.6962351262403	811.5951868440511	889.7833420204194
0.9172392655187478	85.13971559759534	32.8073658064111	65.51508442590125
0.7479991238246497	2168.6923565685524	1507.4195832354808	1920.7150665686506
0.7966668014847977	945.5635143058621	586.5943799719394	810.9500889306411
0.6256287100426362	1970.0190271938936	1776.5302745308218	1897.4607449452417
0.9340894174464134	2850.16060015897	538.0022608820643	1983.10122293013
0.7788972589512526	300.4298423535612	224.34670164524047	271.8986645879409
0.9682708445670994	108.2415740017372	15.100348374865803	73.31361439166042
0.6656632004311214	842.7988213298357	750.3191530009841	808.1189457065163
0.9806588493505483	74.40293674241117	6.911658313751616	49.093707331663836
0.611751652326344	2218.859474795003	2024.762070572019	2146.072948211384
0.8731302168136639	193.77295547836712	95.35744261086307	156.8671381530531
0.8597886820112954	157.6782181690254	88.18331962985157	131.6176312168352
0.9102844551340792	335.1901695689964	108.33274284546707	250.1186345476729
0.8264656199283944	981.7775258997019	527.5651389257898	811.4478807844849
0.986948767632344	614.3301473358956	26.299106795740897	393.81850713333756
0.8455636052845662	1807.06978958043	825.8454461556308	1439.1106607961303
0.7703881220353528	625.0056187803389	444.7659664063508	557.4157491400933
0.790850983638755	1708.5614673777816	1034.6800280822242	1455.8559276419476
0.8148621695516922	478.6011067561162	293.0837352907972	409.0320924566216
0.6423247433332261	2488.584783080877	2171.7608379160547	2369.7758036440687
0.8859218396983183	330.02062389873964	135.29595587737646	256.9988733907285
0.7758286259187214	627.0796558419522	437.78298802428776	556.093405410328
0.654393178720801	2131.85590299872	1838.9340478748427	2022.010207327266
0.6374677291903439	959.6237800911788	881.6292736211267	930.3758401649093
0.7950008180497173	2983.347714673546	1706.3397235628534	2504.469718007036
0.9980121611591047	2343.944696411263	13.267187395731753	1469.940630530439
0.859386852492626	518.5972521123134	245.06830993731424	416.0238987966887
0.7736489513955309	958.4732029241312	649.4012438573776	842.5712182740987
0.9280781414702615	1892.8187945075401	403.7787780785112	1334.4287883466543
0.7711562044401665	524.5420064674972	378.5925587546047	469.81096357516253
0.5582493100637231	1599.7721411882915	1546.4208517469094	1579.7654076477731
0.87257296381581	259.24409972013024	122.35815027812517	207.91186867937833
0.5577431368178503	1814.1096511665974	1747.6987611382	1789.2055674059484
0.8700079019939833	838.186665134207	348.5078229181965	654.5570993032031
0.7742848267365069	245.47160441931644	190.83328279397634	224.9822338098139
0.9013661993696294	667.0517367779382	216.90395462871516	498.2463184719796
0.8755868478560087	215.53243896071726	102.3330409311732	173.08266469963823
0.9845637128766257	542.1700865059199	27.88658780601503	349.31377449345564
0.8766854208790614	626.7374059649485	255.5551022355516	487.5440420664247
0.6694268684957545	986.4358149322553	864.8385612886312	940.8368448158963
0.9016164558130002	604.6792603442073	198.38935151438858	452.32054453302527
0.8772009593053182	165.61327804134794	81.19744751792315	133.95734159506367
0.7616964377456233	920.2087917400619	651.6344628889989	819.4934184209133
0.562686579339652	2288.934318247392	2182.968240352605	2249.197039036847
0.9590246727911491	125.79519527331848	21.976135431588382	86.8630478326697
0.713197339640677	2598.0900081987793	1969.1989594645395	2362.2558649234393
0.9266232000649631	996.4729920009288	230.64916765753907	709.2890578721576
0.8587201306017181	1585.1682294873942	672.5192599693517	1242.9248659181283
0.8785133872296934	2713.5071044269544	950.6646598508223	2052.441187710905
0.8271193725854411	1466.1470781369446	757.7926631236353	1200.5141725069536
0.9366601688726736	177.094588327775	44.83005150554892	127.49538701944022
0.9668177182841591	216.62694986004874	27.5926840889843	145.73910019589957
0.7614006033041499	2962.0511308884593	1931.4815471720372	2575.587536994801
0.6412938470728937	1592.8870245673263	1420.4113629739693	1528.2086514698174
0.8143367248368314	208.11083710649882	142.11338453193906	183.3617923910389
0.7630432064379467	1003.604177328234	702.5604013456322	890.7127613347583
0.8552175707893787	351.2541520594742	179.06711710531303	286.6840139516638
0.8443470086540257	417.4653267602672	222.55537464079316	344.3740947154644
0.6856215430566789	1390.6176021801236	1161.043106210239	1304.5271661914169
0.9905328320357312	527.3610992861148	16.659117413900702	335.84785608403456
0.8004839373962693	3034.2548757969653	1692.0244487167326	2530.9184656418784
0.7496473304596489	336.6856790905028	271.4373844051792	312.2175685835065
0.8280716231391312	877.4909664551736	472.54386966000936	725.6358051569871
0.7632990818311916	316.352951507446	246.91194626693738	290.3125745422553
0.7740155761603188	1552.8366718057277	1011.4578673553752	1349.8196201368455
0.6544570402508504	2634.767317282753	2250.4760742639296	2490.658101150694
0.9641409411463159	923.0871426200945	104.43580294553993	616.0928902421366
0.9828510077134178	347.8659059143781	21.135661554580025	225.34206427945384
0.5936072016949527	1397.4017110329792	1321.5914529494721	1368.972864251664
0.9529004285236905	852.5506572410277	128.21118416501525	580.9233548375231
0.8745188312903788	283.36379980331145	130.08994878164089	225.88610567018497
0.9236555876129383	362.09662733578693	98.56543617920644	263.27243065206926
0.5836614438988869	1624.600838087293	1541.0821414646432	1593.2813268537993
0.9626646842859117	117.43281071853349	18.956757829740553	80.50429088523614
0.7650689423812792	273.79350202801425	216.145983743646	252.17568267137617
0.7531694027100913	280.89932988696273	228.8230435158062	261.370722497779
0.7835633663286078	1115.0565637479876	719.0435079757611	966.5516678334027
0.6852748478694652	787.8649014532485	681.8465211644642	748.1080088449544
0.8753792032727586	306.19876689733593	138.11372166049676	243.16687493352126
0.5177188950227601	2408.599054720084	2354.932153569672	2388.4739667886797
0.9124771381577848	386.08054322630016	119.3783421768521	286.06721783275714
0.7119784328304517	946.4739160091453	766.3828072810554	878.9397502361116
0.8627392161730875	555.1809977249218	254.41913555905543	442.3952994127219
0.7046540204888126	530.8330841826712	455.81132953298743	502.6999261890398
0.7144019851668361	1386.377285955787	1088.0000313722503	1274.4858154869607
0.7138517339455869	380.38818172881133	329.8615612098613	361.44069903420507
0.8827001044426661	971.3283185101745	359.9462754457123	742.0600523610011
0.5863080884922192	2009.529128253572	1888.124810653306	1964.0025091534721
0.9568089874609466	3432.903694466418	416.0035252203684	2301.566130999149
0.7951372717474514	413.18179786859395	280.07230972192707	363.2657398135939
0.9621308111119329	125.49454675279915	20.259200081303725	86.03129175098837
0.8326817008756986	384.9064097943657	221.23647597328772	323.53018461146144
0.9094033594845697	276.8300648553689	92.91870079296528	207.86330333196756
0.7753128329564085	294.0533795130679	222.81905868763675	267.3405092035312
0.7026261304503594	2218.028029716232	1739.5680986396555	2038.605555562516
0.871697060222759	503.04526610636765	218.65228254212204	396.39789726977557
0.9464734488525465	1395.457876816712	227.09533044591456	957.3219219276631
0.8799950325820017	3014.119708299776	1034.9732203697417	2271.939775326013
0.7380255621415499	563.4612920608362	445.9284735595593	519.3864851228574
0.8282491420985981	356.5749596404143	211.75806182747164	302.26862296056083
0.9700535844317376	918.1899687862733	86.63162273872734	606.3555890184437
0.9091385390450915	153.6271072679844	57.13243609820181	117.44160557931593
0.8884338335404468	2231.8096972963094	729.7694296187551	1668.5445969172265
0.769314701757361	319.5904733679346	244.5413376470394	291.4470474725989
0.7285723632098579	342.2161004211193	290.3563016570186	322.7686758845815
0.6252625380406358	2047.0415160577577	1843.9052783882657	1970.8654269316983
0.971743653896269	1206.9310008090602	104.39138273818924	793.4786440324837
0.9645819323473249	465.6316851186766	56.469511305033706	312.1958699385605
0.717740710648139	451.7130608490084	382.59219447192635	425.79273595760264
0.8933844181067643	1542.666148175055	497.7386351482487	1150.8183307900026
0.829365346739673	178.97906462556324	116.53985951661639	155.56436270970818
0.7249102962594587	979.9307286512495	767.4689126496468	900.2575476506485
0.9053401909062623	388.8394183747182	129.83007379163874	291.7109141560634
0.7360037921895387	855.0130950762499	657.3167846059727	780.8769786498959
0.9016307498509839	178.5659186965246	69.82048638821978	137.7863815809103
0.8315080664963064	269.06344095460605	163.06774478397827	229.31505489062062
0.8807168649685614	415.39978946396775	172.3924099969886	324.2720221638506
0.9148416932287	1448.5713809768945	375.3758928098731	1046.1230729142615
0.602355089837824	1065.865864327617	1011.1149928784633	1045.3342875341843
0.6236773516797735	909.603302858775	851.1992815720274	887.7017948762447
0.5831705201175189	1504.1502409663194	1431.213967068999	1476.7991382548244
0.8866910712942818	684.1312433411855	254.33317817768818	522.956968904874
0.6742413265242095	1051.3534469146343	910.9742789492748	998.7112589276245
0.8229433304503831	558.6425708442653	323.4382033656582	470.4409330397876
0.9080656677237046	223.67565745242354	78.7750094848699	169.3379144645909
0.7172537085915639	1518.5238003671645	1176.5704508457468	1390.291294296633
0.9176885606132769	174.12137044900703	57.40608042706499	130.35313669077877
0.701924422816796	423.6054606164707	372.49429501379626	404.43877351546774
0.5641859169036253	1563.8543718862343	1506.9409429191091	1542.5118360235624
0.9635325716130356	132.8792175231555	20.40846509587515	90.70268536292537
0.6158958737982179	940.0440753102947	885.350969125058	919.5341604908309
0.7387742723030328	321.5508301332235	267.96726968740984	301.45699496604334
0.9571633346613835	1715.9464761285367	218.53833967254275	1154.418424957539
0.7095691336573645	465.2635141867404	399.872360508033	440.7418315572251
0.8556874586336097	463.55450608184753	227.48981548203997	375.03024710691966
0.6145500826547075	1932.2538777451625	1767.0938650197138	1870.3188729731191
0.566037186741987	1566.251152947553	1507.2998153847414	1544.1444013614987
0.8199604372508426	687.8410368146798	395.48706548832854	578.2082975672981
0.9481239814193237	155.07817134420733	32.93691374656502	109.27519974509146
0.9318551332540842	1256.7007099071288	263.6789104883238	884.3175351250769
0.9108984023858362	3261.1499512216087	826.323666367871	2348.0900944014575
0.920775032235307	2488.7386248432786	572.0371086300322	1769.9755562633113
0.7890716954245738	1504.924140245262	927.017508156254	1288.2091532118839
0.8280036683289976	1240.8577744436707	647.5368796037944	1018.3624388787171
0.9655036067066156	254.98990948630166	32.879906261649296	171.698658277057
0.7371470598650091	594.7504918835492	469.56539117961654	547.8060791195744
0.8188185742127425	361.5441565564145	224.5531891126122	310.17254376498863
0.9829293366328773	1279.0940891043633	66.14029520916017	824.2364163936622
0.8040464246012031	2011.6168289519783	1136.3656819488501	1683.3976488258052
0.7611253803594682	296.6382071867567	234.75107528707935	273.4305327243777
0.8109810857638283	236.7321057370918	161.05005729837708	208.35133757257378
0.9285241000882553	234.1222699694474	63.742177921968874	170.22973545164294
0.6828088732591454	861.9926623616366	744.9179860670899	818.0896587511816
0.8820022417969959	318.77267725143645	135.6773179136566	250.11191749976902
0.8003529372872149	201.9957394226813	146.90426176578427	181.33643530134492
0.6452341094042392	1721.7492936800018	1521.248123919946	1646.5613550199807
0.9704191195863221	167.04056772042313	19.857901619944272	111.84706793274356
0.8709149247611047	409.1837046480382	183.5443647805248	324.56895219772065
0.9617043178315766	426.45486272298103	56.620981779475756	287.76715736916657
0.7687185412758128	295.978792059594	228.9285470705351	270.83495018869695
0.9593547552780891	129.9194138874314	22.361500689503018	89.58519643820827
0.6316907218089117	1084.6457756877912	997.3397750208155	1051.9060254376755
0.988301030289486	116.53867795391383	5.857968856438767	75.03341204236068
0.8006624808714488	398.3853202818344	265.1501029589575	348.4221137857556
0.6625684648031869	608.1303344455479	555.0587872815712	588.2285042590566
0.6686564637226343	1095.713852211104	956.0181745353199	1043.3279730826848
0.7098591241310968	518.0235906724585	441.00560021905864	489.14184425243354
0.7711321033391428	290.91458327345765	223.74852345898316	265.7273108430297
0.9687062081834867	3953.2486314691632	342.17505370409185	2599.096039807261
0.7456631753707188	1260.3259644268294	915.6678141223676	1131.0791580626562
0.7354837060752003	2926.571006405425	2074.310138465766	2606.973180928053
0.6379812208579415	998.3484708768453	914.7768892888441	967.0091277813449
0.6794706960554141	519.7131959632779	467.53688131616036	500.14707797060885
0.7210654336327467	927.3039490551135	736.1168354391199	855.6087814491159
0.7980266225851568	371.54019408979485	251.98052889766922	326.7053196427477
0.8169561426450253	850.6181292650056	486.10071089448934	713.924097376062
0.7478515151803254	419.72829763608155	332.47403750513575	387.0079500869769
0.8081726621033017	341.33758768019726	224.10270937052184	297.374508314069
0.7805587200985125	725.4281858721165	491.16280520586906	637.5786681222737
0.5834443762102877	2526.47953507534	2362.0665938362445	2464.824682110679
0.860473917617308	1205.7343415822716	517.9324521893489	947.8086330599256
0.6077943794509258	1012.1978472208448	957.5677902023285	991.7115758389011
0.9107467824859994	276.7373088792377	91.52997297436004	207.28455791490856
0.59507399159235	2014.8160464980074	1877.6491683306149	1963.3784671852352
0.8066841168109291	1259.7632839354017	729.598309696469	1060.951418595802
0.7095274270193175	2692.1421715356078	2054.99585045904	2453.212301131895
0.7459952876751644	1179.580653339066	860.3657132724363	1059.87505081408
0.948192842284145	1030.7068628055522	167.228248191234	706.9023823251828
0.7265950592419024	1405.4319626979486	1068.807893073244	1279.1979365886843
0.8265477801609308	575.6988252033968	326.20536099501743	482.1387761252546
0.6638442506867744	1232.8688788864033	1076.9448990944811	1174.3973864644324
0.814756573341841	504.1900142443751	307.1428226283572	430.29731738836836
0.7999118704747893	332.96972332480294	227.03338879826282	293.2435978773504
0.7830575559618402	745.4332177428378	498.7939245075395	652.9434827796009
0.9589011284432699	148.28750848913756	25.1277827592842	102.10261134044255
0.6516813594690457	2384.850196941501	2055.398962697648	2261.3059841000563
0.9554103494023474	223.87291824546008	38.20808717017216	154.24860659222713
0.7288443270395087	1860.2362089361166	1380.8763396721254	1680.47625796212
0.855130753323001	204.59392457774166	112.83431614887624	170.18407141691713
0.7212905280955829	1593.8935672445666	1218.7622366131357	1453.21931825778
0.8828539525865426	522.7248227026897	207.1381395879703	404.37981653466994
0.8067786984487226	408.0855425394116	263.91122699840713	354.02017421153494
0.7078525865935044	804.4336449634673	664.9624085738535	752.1319313173622
0.9903640961486205	93.83441459509092	4.078855858582905	60.17608006890041
0.6651262921512919	2445.0862681270005	2057.9832131713015	2299.9226225186135
0.6715156341416725	1581.3655763815957	1345.4071255707588	1492.8811573275318
0.9021077064771436	3130.749588074845	874.7724197381444	2284.7581499485823
0.9114393779862373	378.9599524270426	118.85897449162121	281.42208570125956
0.6022540420151713	2318.353691530103	2134.1804027470926	2249.288708236474
0.9319302311933256	107.66491220591064	32.36863233059225	79.42880725266625
0.8031215159209614	186.78699651839673	135.9203443982687	167.71200197334872
0.9816866268960862	296.374900760894	19.701936641056562	192.62253921595493
0.9359470743080188	2403.409411060913	446.7134707100681	1669.6484334293461
0.8614607960265285	314.61059826042606	156.229418353263	255.21765579523992
0.8745189381974204	205.43962977167777	99.09492627767335	165.5603659614261
0.7645107590935671	354.2381880036399	272.02932544183983	323.4098645429649
0.6387213666487821	1067.2049669140263	973.6780306637062	1032.1323658201563
0.8608080434754902	346.6285706670907	170.63909374534455	280.6325168214359
0.9167566526571796	1684.8990519758204	420.8857172887988	1210.8940514681872
0.6801606423501659	1771.2062267830418	1474.2537535765784	1659.849049330618
0.9325192346569827	333.9960369373779	81.27523848635528	239.2257375182444
0.8705062617236161	143.76509616257448	76.00331951621345	118.35442992018909
0.927497116130756	584.3538543030709	141.88078998264342	418.42645518291056
0.6946293322521507	2689.6574830685727	2125.4008269432484	2478.061237021576
0.8609220825323709	1637.3058703610081	682.2706509574177	1279.1676630846619
0.8607568648060059	313.01194007209523	156.2819166764155	254.23818129871535
0.8971883490433632	1273.1939851986317	403.30712310892403	946.9864119149913
0.9193542591614651	87.64492269524843	32.69222502683525	67.03766106959348
0.924738925385733	158.87772285017127	48.742815679935994	117.57713266133304
0.8405249715224671	1825.8124806451185	859.472608187282	1463.4350284734298
0.8586008239841589	840.2893356793254	378.6752008308297	667.1840351111395
0.7642702340230747	2183.4829053934436	1437.652571091472	1903.7965300302042
0.9179708152609188	2444.7869056684576	582.8823951833094	1746.572714236527
0.832176702460436	271.38633891921666	163.70819839257803	231.00703622172716
0.8020669521083076	1306.731667119684	770.3564789226048	1105.5909715457792
0.6963775703975217	2423.126189901601	1918.0029988121066	2233.7049932430405
0.6572648081280922	2744.3007317236325	2328.8435838684645	2588.5043012779447
0.9729231527978179	2908.0922181826354	222.5852318343475	1901.0270983020275
0.8791514106526326	1648.26975452513	598.4136714206263	1254.5737233609411
0.7799270031789112	638.2192708163554	438.32851195443254	563.2602362431344
0.7267968312326248	987.2566854801566	769.1127491917784	905.4527093720149
0.9441733879449342	101.82026809445318	25.429988926459295	73.17391340645548
0.9646323315183971	82.68371724456789	13.723214806042861	56.823528830121006
0.8509439715019615	208.4719601330846	117.63473577961005	174.40800100053164
0.6486406983756963	1032.137337003585	931.0837219723867	994.2422313668856
0.7741489793993129	349.9328864276606	260.88480392971564	316.53985549093125
0.9033958979435781	308.6756409055694	108.61401625274887	233.6525316607617
0.9375733078544881	205.57522226799182	49.94771058790904	147.21490538796078
0.9776386978890219	305.5712948236378	24.72658077672051	200.25452705604383
0.6453131431202072	1170.143667867278	1053.466127212605	1126.3895901217757
0.8913453198556579	625.6681524467155	225.5148020646234	475.6106460534309
0.7154297202934656	1356.56256785285	1063.4622953557168	1246.649965666425
0.7897533210661394	309.9231905722495	221.79213802932478	276.87404586865273
0.8599925760460522	440.0298596824302	211.2409112919583	354.2340040360032
0.6935934727874284	478.75120704610225	423.1866104562692	457.91448332491484
0.9818520356748544	84.21395452150867	7.105014192809016	55.298101898246294
0.7898345751304352	1653.3831801133595	1007.9891214684405	1411.3604081215149
0.7070800096897757	552.1959815140794	470.37312084610505	521.5124087635891
0.6729276061523832	1452.3468800817195	1238.2840916167956	1372.073334407373
0.7210911386209865	1304.1379534206842	1010.8704950652331	1194.16265653739
0.7916834375965028	784.2197188811472	505.06556675301323	679.536911833097
0.7785138129618596	1046.056312613093	691.2061619677569	912.9875061210919
0.7742333349707279	234.10868191926488	183.14197881260122	214.996168254266
0.8592137732055192	146.56723177211006	83.3660180246226	122.86677661680227
0.8680092401468682	172.735898416371	89.93664616592613	141.68617882245417
0.6745606435573402	1174.2657255221875	1010.3463864692503	1112.795973377336
0.8372251940675278	2192.5336779795584	1037.2494474171249	1759.3020915186457
0.7576877821449505	2595.7596024370655	1728.56133052625	2270.56025047051
0.8440232077790619	243.76459094070373	139.9232779050953	204.82409855235056
0.8126265764607622	279.8570911186823	184.76727801780936	244.19841120585497
0.8203210963783595	448.120815433401	269.36992208213263	381.08923042667533
0.7587509714447181	1540.769685131439	1058.9941431270172	1360.1038568797808
0.9909335256022832	184.27848976813604	6.545976068087356	117.62879713061778
0.5724300513093561	1642.7543471077468	1571.4081495683279	1615.9995230304646
0.7560952463066554	272.63303643317226	221.05193114307295	253.29012194938502
0.5561852593166706	2437.901713170374	2331.6309588551976	2398.050180302183
0.5809198598417178	1277.1481357707373	1224.4227586838604	1257.3761193631585
0.9727411593768756	282.6669600965862	28.27131108336151	187.26859171662696
0.7767748184374135	2765.3185420182563	1712.3449199736763	2370.453433751539
0.77683872894792	527.962785809716	373.44270574206007	470.017755784345
0.7094672701020399	867.7203279060594	710.9136482419757	808.917823032028
0.5970324194376339	2147.316883603214	1992.8085065886785	2089.3762422227633
0.7098971871115967	673.6954800854289	561.7627495339777	631.7207061286347
0.7414952103729985	812.0402516832502	617.4604898405179	739.0728409922256
0.667308169258727	566.9054152894834	516.3412460170917	547.9438518123366
0.8114048035472566	1151.2564767885904	657.307291697118	966.0255323792883
0.916941452954813	1600.8695134936647	400.9207829853717	1150.8887395530548
0.8488392336128671	290.11244678383105	157.90395241415044	240.53426139520084
0.6368357733907544	1472.9695915841426	1326.244753095455	1417.9477771508848
0.7339997696362845	1032.7904521439546	786.9486487163805	940.5997758586142
0.765794445365322	1028.5708662087095	712.013109138592	909.8617073074155
0.8427241002990248	141.50857883609254	89.40555287198278	121.96994409955137
0.7163839579298275	970.293363309186	776.3596664609814	897.5682269911093