0.9476273789739141	24.45512648533967	6.687755628142556	17.79236241389075
0.9468456726265094	17.09880856251673	5.401527052152697	12.712327996130218
0.7375597874611974	288.72043886588284	224.96495888892724	264.8121338745245
0.7440608815414864	356.850804747695	268.55038210198967	323.7381462555555
0.8965097787700212	47.50408982628696	21.34372165351199	37.69395176149634
0.7508162752578881	284.20513338119093	213.65464723992557	257.7487010782164
0.6944079919690349	340.45038007438274	289.1883026338416	321.22710103417984
0.877039582304266	24.89567152817571	15.639872201432377	21.42474678064696
0.9140441627172442	252.29233724884728	72.43716744215102	184.84664857133617
0.855808108029929	38.12376776469547	24.551286653177513	33.03408734787624
0.7894084308360978	38.600907218375475	34.58089778839442	37.093403682132575
0.8363925406267524	65.68093546487222	42.22251221468214	56.88402674605094
0.9419122216027592	45.24507267267276	11.621610625458562	32.63627440496744
0.9324400543479903	362.47106723752836	78.50615917125072	255.98422671267423
0.8519152059705969	25.295728724155115	18.828825395687335	22.8706399759797
0.8399538001909291	114.05880540107465	65.92543989997658	96.00879333816287
0.8166548626665855	786.8346636709724	422.4981974960609	650.2084888553807
0.9937466050766051	41.984641780188184	1.166947757815084	26.67800652179827
0.699733242049694	279.07497182330354	237.8883003020657	263.62997000283934
0.8483311829242624	76.18218160378146	44.652790242170205	64.35865984317724
0.9760353034741481	5.705476552888314	1.8630486959011647	4.264566106518132
0.8881538929303626	264.9216164717691	98.1928789096613	202.3983398859787
0.795672569717421	1029.6663158063507	598.1288709830603	867.8397739976168
0.7457021921277536	317.74054726014947	240.19941608205798	288.6626230683651
0.6583587035755422	148.73191194363923	142.3566434461754	146.3411862570903
0.977939005889037	303.92844951918704	21.652845444219906	198.07509799107436
0.762000158019766	190.10176570034338	143.37242763070475	172.57826392422888
0.9997735296717167	149.59525149485933	0.11873022202995287	93.54155601754832
0.7127014825274972	765.0595635409899	593.9190883749023	700.881885353707
0.7410001720720483	942.2101784158323	669.9290316015687	840.1047483604834
0.8135465622274131	206.24614567355144	126.67485461016985	176.40691152478334
0.5913409911328366	837.7256157616716	784.3350263296388	817.7041447246593
0.6200889668789439	590.3927178620894	543.9931213029153	572.9928691523991
0.8533448061916964	25.219308885880583	18.620460156175728	22.744740612241262
0.8307162079995232	359.44342385211314	191.51311107989443	296.4695565625311
0.924728912709775	307.68499542759434	75.62513556132559	220.66254797774354
0.8358871382551392	959.5894389451648	458.39868451371876	771.6429060333726
0.7407036642661041	61.60266181968729	57.312160658335536	59.99372388418038
0.9282837715280082	843.6558317884194	179.57876086755476	594.6269301930952
0.7605108785177475	73.14089794455035	62.263926426025336	69.06203362510347
0.8098067221203551	885.1478541977767	487.2150762644253	735.92306247277
0.9529803297260391	134.17348129134322	22.816825158622493	92.41473524157294
0.681657972698827	215.87895392748115	193.73425707405906	207.57469260744787
0.9316835089768362	61.53440418522882	17.40764339580825	44.98686888919611
0.9877153798420151	12.957737655478818	1.0593300079492636	8.495834787655236
0.8534433592841589	44.57542455176526	28.087198209304724	38.39233967334256
0.6971205524423291	306.9582518205099	261.21914029892173	289.80608499991433
0.8122075970520755	127.32882360974173	83.30714534430467	110.82069426020284
0.669618761963655	139.69206096878875	132.40118434496307	136.95798223485411
0.8898680449393018	50.16660243145579	23.64531042280533	40.22111792821187
0.911345106522002	502.4323447910026	138.4746231680281	365.94819918238716
0.8677917143807876	20.460284890432256	14.877606612484206	18.366780536201738
0.9324888638127135	187.43196569401493	43.81753859353378	133.5765555313345
0.9442498955605529	19.481577631584976	6.135283768346512	14.47671743287055
0.8272263340905827	148.0351359122102	88.45156242829624	125.69129585574247
0.6014579331762886	817.7761782968835	758.874021358454	795.6878694449724
0.8812962023461164	42.639296346984366	22.365876785319813	35.036764011360155
0.6320910017731347	256.26194139464	242.90397141940838	251.25270265392817
0.6058416139769346	302.2768928703394	291.20067365620133	298.12331066503765
0.5660300956778704	728.4224436032758	699.1416776949474	717.4421563876526
0.8472794586587555	58.356953264379854	36.09348729913316	50.00815352741235
0.8173389431371579	29.171674775161446	25.348859247739984	27.738118952378397
0.895297885635188	48.44036389615285	21.915984267036897	38.49372153523437
0.9027275047362252	186.4374594941235	62.80336171333381	140.07467282632734
0.6459375209875984	153.13932504394555	148.77725314895955	151.5035480833258
0.5606090314390882	472.06112923610254	461.04121552841224	467.92866159571867
0.6724288529951082	850.4026651623569	714.3237736171025	799.3730808328864
0.8295703997415581	152.54825672236652	89.7182394112018	128.98700023067974
0.5599471714561949	508.050224623254	495.14291238448726	503.20998253371647
0.8490869067285348	116.25920229112945	63.554339103616215	96.494878595812
0.8552235296863749	31.16741551780767	21.24284188374994	27.44570040503602
0.9908311652130118	7.649096237674578	0.6541912857735293	5.026006880711685
0.8230902211218618	123.2662777677201	76.97868383308735	105.90843004223282
0.8803775439095151	386.00582255870313	146.8611285411905	296.32656230213587
0.8246001472398117	949.0603887095851	482.76035599745774	774.1978764425373
0.9497266140584845	401.6179576177111	63.86424466422724	274.9603152601547
0.6034485936863705	245.33063680219388	239.72681026169303	243.22920184950607
0.8698910272076538	41.29918774782066	23.768478644612124	34.72517183411746
0.6564789719570576	543.432794393754	479.2776215834032	519.3746045898724
0.5895226123083894	323.3903830282012	314.6221886251533	320.1023101270582
0.8539879437774702	375.6644000676554	173.67590123856553	299.9187130067467
0.7424090127910828	93.0185984017279	80.2938082673669	88.24680210134252
0.6092890256058082	282.7521617607331	272.52323968888595	278.9163159837904
0.7691633947702348	948.4626625732142	614.8011849822044	823.3396084765856
0.7321534491772336	420.76359933208374	323.16518343512354	384.1641933707237
0.9886403822776977	21.989226480769663	1.3379659770698922	14.24500379188225
0.7723943371803319	437.0380698605325	295.76066363618196	384.0590425264011
0.9271059669450297	148.85062250907714	38.77491026750411	107.57223041848725
0.8475055126274177	69.17088607119688	41.41979568013116	58.76422717454723
0.9082000765026825	88.31750731393673	31.351504318598288	66.95525619068482
0.6024223697870201	657.7274233844171	614.6706708253862	641.5811411747804
0.8127113139023714	281.8452888877578	168.2612229564271	239.2512641635088
0.805822299630723	96.42698796246779	67.34338808107469	85.52063800694538
0.9911200637228992	186.19854420101925	5.6421550972215755	118.48989828709512
0.6155217191767908	332.4933286397056	315.9849831218868	326.30269907052354
0.8009557501846601	60.1855105520329	46.20544693981228	54.94298669745017
0.9478290162875024	117.63409254234799	22.65964404602662	82.01867435622746
0.9639204033209876	12.399750037117588	3.074250945457014	8.902687877744874
0.9357126539519374	126.78682068045563	29.795961309487375	90.41524841634254
0.7448107577811819	293.8020305454935	224.09664051466223	267.66250928393174
0.5857562598967477	458.78959767732806	440.98669811898526	452.1135103429495
0.9793304835927813	241.75379619320594	16.566016711331002	157.30837888750284
0.8996078507404345	406.9669878895145	129.5858114127304	302.9490467107205
0.7820599086626606	52.19422026794592	44.13053603766048	49.17033868158888
0.8040774508327262	67.49310844606815	50.16563786403641	60.995306977806244
0.6278334883704851	215.8893298079452	207.7983427609996	212.8552096653406
0.9585730466795221	1440.1933221065292	168.90985371496174	963.4620214596914
0.8034392639805968	519.8898227253137	306.62813802032287	439.9166909609421
0.730100533650544	481.9400601021211	368.62895728844575	439.44839654699285
0.530767707072827	631.0241277266274	620.4871015459995	627.0727429088919
0.8459934103961597	245.3507680559905	124.5566648127425	200.0529793397725
0.6585068318531999	165.0181929184737	156.40742051049017	161.78915326547985
0.9178470184483221	97.70080384270582	30.558605857406008	72.5224795982184
0.7477840147909145	95.14746542648419	80.77490785652591	89.75775633774984
0.6380061150150566	302.779323574149	282.3763467651952	295.1282072707913
0.647185589411334	309.3619816563379	284.9587232053036	300.2107597372
0.5985521234640432	562.5338010980689	530.7781635029772	550.6254369999095
0.7381614445531538	218.7408835761835	174.2409823972463	202.05342063408204
0.7904530023305635	476.75451690978423	299.221814739971	410.17975359610426
0.9869304899676895	390.11470424209534	15.950985639203736	249.80330976601098
0.9402981478967998	68.1122958636812	16.506156436602545	48.759993578526704
0.9606188607990679	112.55715433147313	16.43760861724664	76.51232468863819
0.9137629511666573	520.5961258800893	139.08942379751068	377.5311125991223
0.7650338359354758	190.29177354416203	142.14118783311545	172.23530390251955
0.7061878464641062	155.4992889416991	137.31185343370117	148.67900062619987
0.968157211797143	12.804328735890495	2.75114907500741	9.034386363059339
0.8462361140888647	170.3945553842981	90.0903378058449	140.28047379237816
0.806986968006671	71.25198186275772	51.86289520748123	63.98107436702903
0.9427840453395072	216.54247051446106	42.06468277964517	151.1133001139051
0.9758364554670942	140.72046812573984	12.13721471943812	92.50174809837671
0.9778105315669521	319.88239365279105	22.784406865090403	208.4706486074033
0.667295808906129	546.6702779069301	473.80703926461644	519.3465634160625
0.6585762229865202	225.84047318766412	209.04560116526469	219.54239617926433
0.8518945785749502	122.76348966227295	65.46788207438703	101.27763681681573
0.7097966346426597	430.275690721033	348.44370947839343	399.58869775504314
0.9869036358182268	12.492610627954184	1.1094434717424608	8.223922944374788
0.6015103159672226	275.33731415016155	267.557516768562	272.4198901320617
0.5811834207010081	623.1118827001533	594.4028144026522	612.3459820885904
0.6154965902643917	330.4889662249492	314.1825064081362	324.3740437936443
0.9109969735257806	22.197468328559804	10.618066277780418	17.855192559517533
0.9822996995826694	640.4458459252178	33.880017463824174	412.9836602521952
0.9550512115908568	430.4491284679417	60.66615324506046	291.7805127593612
0.815346156977355	124.21085968101981	80.37889503661653	107.77387293936857
0.8713190862218757	176.24708870558763	78.52431068853892	139.60104694919437
0.8577287126421141	28.94068144967818	19.84403702385361	25.529439789993965
0.5427287692968503	621.5948778799117	607.8845508590624	616.4535052470932
0.6665705295535842	366.50198334372095	325.2392705429401	351.0284660434281
0.6226939474710524	196.99128874242172	192.0453929506897	195.1365778205222
0.7670597155892922	110.51721621303506	87.1591161517905	101.75792869006835
0.7095041914270557	251.93127973169635	212.14841794638767	237.01270656220558
0.533947891037919	492.35990122440154	487.2319356749336	490.43691414335103
0.9661000791844593	39.798514444344946	6.131435227016322	27.17335973784671
0.7948502599793363	144.1787635628706	99.90819076776222	127.57729876470496
0.6860297589121749	874.4267106305745	714.7170051465189	814.5355710740537
0.6827729720675837	143.34209891403728	132.84724042730036	139.40652698151092
0.6567100438327543	737.099739601435	640.1899015901449	700.7585503472012
0.992144122396344	5.517605947264437	0.5770048731162531	3.664880544458868
0.972794468077344	123.21505604854956	12.215084284928295	81.59006663719158
0.87741151337801	58.270356185515595	29.484846154124853	47.47578992374407
0.9863434316019665	40.282889330097944	2.477052161275701	26.105700391789604
0.6161089450309081	497.16548091569683	463.48709375413245	484.5360857301102
0.4990584985763642	711.1204535450979	706.3279904903102	709.3232798995525
0.7991175539094933	94.80986005584367	68.20879750640935	84.8344615998058
0.8130029697025063	333.82845729975884	195.81757220596364	282.0743753895856
0.9742343563174058	930.3951890871156	69.77002773679118	607.660753580744
0.6747558962005101	186.11549838039315	170.7686520275373	180.36043099807222
0.8500855796977356	964.3485741641576	422.5846238121968	761.1870927821724
0.6693077396831779	391.1063879717774	344.25725626445	373.5379635815296
0.7491844305319983	857.0257055527893	597.730165567931	759.7898780584675
0.7721056034261986	51.2544366851384	45.01155052023496	48.91335437329961
0.9590803665588691	142.9614682149788	20.928230359719237	97.19900401925646
0.6359107721143578	251.73920452653945	237.88095961014128	246.54236268289014
0.9875160364698521	46.38160336471249	2.5197128623746217	29.93339442633579
0.5953427535222031	335.29566014969487	324.1773893109157	331.1263085851527
0.7138547278304185	83.82594851932592	78.4235266313539	81.80004031133642
0.6833068940385989	111.04006945857076	105.78681651847786	109.07009960603592
0.7556118508567835	163.86553020739547	127.90066394433023	150.378705358746
0.7810764825267158	111.87856037049869	84.15256822941214	101.48131331759123
0.5635592386450897	506.2114058114763	492.3248777204361	501.00395777733627
0.5091409354667004	628.6173057629064	624.1778563403459	626.9525122294463
0.9656917784458642	13.96597279648473	3.100759953485051	9.89151798035985
0.7114242354521806	170.05938937846813	147.40438014000566	161.5637609140447
0.9425064518990575	278.0895959319448	52.68407039472471	193.56252385548726
0.846755462938264	233.84065103113318	118.79027679837094	190.69676069384735
0.9813282163706938	34.20802972465965	3.0040847589513664	22.506550362519043
0.9114114440516398	52.76266049264092	19.925388096999963	40.448683344275565
0.9330065879869823	12.28262980330156	5.763393786160589	9.837916296873695
0.6750033256567747	519.1832550742791	445.3821183551617	491.5078288046101
0.6433987479507202	217.56772066883417	205.75951343729787	213.13964295700805
0.9417674686160976	12.630755639728996	5.047725148252546	9.787119205425327
0.8984991226369505	48.87163440944546	21.418146127471843	38.57657630370535
0.564691708340559	376.6365998959944	370.19324581122754	374.2203421142068
0.7980323839981484	63.638237838485544	48.929367491797386	58.12241145847749
0.6102364444518142	392.4507764431046	371.8983156456077	384.7436036440433
0.6094729775836343	454.8554420789071	428.5243801134493	444.9812938418604
0.6842734561516339	123.48041243067846	115.90344819779247	120.63905084334621
0.8528117105960618	686.3474669302113	303.2862033344612	542.699493081805
0.915342368029024	27.972455917437987	11.830850917121925	21.919354042319462
0.682815276425344	260.7962866428157	230.41823431770655	249.40451702089976
0.9127652951772706	528.2329017895307	142.57941391439942	383.6128438363565
0.823557511936253	281.95903177366085	159.6732283658238	236.10185549572196
0.8880542814278203	590.3361081565522	202.31917992917676	444.82976007128644
0.7028166256529842	794.5110272272148	629.7892428731118	732.7403580944261
0.819573076432981	172.28580257112736	104.96180117575828	147.03930204786397
0.6960037885174445	316.11968236943596	269.0524472694568	298.4694692069438
0.9771564832359687	85.37825484565278	7.537471928971165	56.18796125189718
0.7660889778990542	560.948048562957	380.8060740056553	493.39480810396884
0.9531114132929579	67.10261231425969	12.791670950428703	46.73600930282307
0.7736372317719254	227.90744340887926	162.54878444125058	203.39794629601852
0.5877953109288655	750.011808253196	707.0699818639325	733.9086233572223
0.920601238013278	25.338557269795306	10.370288879226099	19.72545662333185
0.9436039418354302	8.148711376260374	4.450708777616812	6.761960401769039
0.6925404609515248	787.1886996688581	638.3415978791688	731.3710364977246
0.971080510705016	712.5832242403987	61.387764642267484	468.38492689109955
0.8293188150689536	108.27008642099858	66.72195662780538	92.68953774855113
0.6070562814022458	311.21782043709163	299.05482482908087	306.6566970840876
0.8261443814154411	716.4239749528351	368.9682233391711	586.1280680977111
0.6643778626722227	155.9770002300985	147.39474813257408	152.75865569352683
0.9528621303157377	215.3786034593616	34.42485097739977	147.52094627862593
0.8156672122019246	287.5727354037907	168.9686169305695	243.09619097633276
0.9368564424266229	31.104106253926766	9.545935840858684	23.019792349026233
0.9302683066625117	354.7435241126634	79.5053848125701	251.5292218751284
0.9669050270542103	112.23268257382878	13.757294188417688	75.30441192929962
0.7760641089690399	819.2322338894484	522.650254182208	708.0139914992332
0.6654150966985879	156.90076406771342	147.97700446938418	153.55435421833997
0.8089408478432858	338.32417428008876	201.97616076587383	287.19366921225816
0.7348900638225152	465.67032358912786	352.49225834304673	423.22854912184744
0.7828478262367742	275.9779555576891	187.02701500910769	242.62135285197107
0.6803156034227829	176.11648197784734	160.9302441478318	170.42164279159152
0.9896595191217756	6.852749975660853	0.7319206191235783	4.557438966959374
0.7870378589591004	244.6509397816306	165.06986926018448	214.80803833608832
0.9097663610472637	572.2599177989155	158.6643363092615	417.1615747402952
0.939360954179818	1078.3627712458383	190.06050288963598	745.2494206122624
0.7682849392250442	78.94700171239548	64.92206702357988	73.68765120408963
0.9712818612673368	27.364370505381288	3.948312087809306	18.583348598791794
0.7315125578942453	268.3105218245845	213.6497968980841	247.81274997714684
0.6781398798344477	767.821271417257	641.4418199115665	720.4289771026231
0.9085725103454977	24.86298791793314	11.756154904583942	19.94792553792719
0.9709796113516371	71.17680254680789	8.27058944149417	47.586972632315245
0.7756163453515961	578.6167975395532	378.8768027936561	503.7142995098418
0.9260403904564432	1253.358913057844	266.98114643823357	883.46725057549
0.940926253901363	77.48069879390499	18.13907831443197	55.22759111410261
0.7832572306895222	812.6397031029448	504.6306601887338	697.1363120101157
0.996280667461618	127.13387079248838	1.6974893941876061	80.0952277681256
0.9691445310530871	174.18350998632258	18.654811488107313	115.86024804949186
0.8524008610305415	59.88030704157259	35.75221881511246	50.83227395665004
0.9927335652129611	89.86369172771875	2.4861494720495187	57.09711338184279
0.7435751285671309	348.4868964813463	263.10805029845994	316.4698291627639
0.6352377318378416	344.8043876108789	320.3213880537209	335.62326277694467
0.5990524175879287	332.7726466008217	320.89050412743194	328.3168431733005
0.6004941821086804	414.0213141007415	394.86442436965194	406.8374804515829
0.9441756312389102	365.6381736310436	65.24147180384412	252.9894104458438
0.7933426111496211	59.423167426439775	47.070955443484976	54.79108793283172
0.8918769587625817	272.2310069758159	97.30950898168925	206.6354452280184
0.5653595953602873	556.0647690349325	538.5042461086376	549.4795729375719
0.8808876770211604	24.790256797609075	15.133267403144295	21.16888577468478
0.9837865047937147	5.8527043259667675	1.1971217905883562	4.106860875199864
0.8859390085887014	51.13704525589413	24.82045493175685	41.26832388434265
0.5611986981378458	360.02683635490484	355.60500481648614	358.36864952799783
0.9876402264661047	104.57010787376379	4.80480889431545	67.15812075647067
0.84781726890493	274.9206604589854	136.35644196520894	222.95907852381924
0.7696813306250504	677.8743759264148	448.3795107545646	591.813801486971
0.6418750526286428	784.1273885181733	694.3418371556675	750.4578067572337
0.6752531447113699	114.19951249980042	110.19278084395114	112.69698812885694
0.6601117058998447	156.50667604308413	148.7139253696242	153.58439454053666
0.6459536565909585	292.8572382408937	271.03643249419486	284.67443608588167
0.8836701981595566	202.86230946702455	80.59336724015698	157.0114561319492
0.528611984701459	539.3361531237766	533.351343008551	537.091849330567
0.9780581672801469	1228.7597984034705	76.6776124895913	796.7289786857657
0.696889987873316	321.17202186191224	272.5826041023873	302.9509902020904
0.7860718101866666	64.99519218496549	52.0217629974441	60.13015623964497
0.7575223751485733	171.20923229549615	132.2857624185066	156.61293109162506
0.8900854667711163	625.097253521763	209.3416106523442	469.188887445731
0.9027056902222187	36.836262952553945	16.5523347214475	29.22978986588903
0.8571820123496043	112.75447854488513	58.854418912195	92.54195618262634
0.9249877014131712	69.1628166048442	20.996192159010533	51.100332437656576
0.8062435774621844	61.057721665200305	45.77250005379368	55.325763560922816
0.9914429176884726	48.48988848263919	1.7849268995096033	30.975527888965594
0.9219544517002024	588.214677900221	140.60011413970477	420.3592164900274
0.9980151760467282	115.92370090186621	0.8382617752167505	72.76666122937266
0.9909504451513542	6.578963144237228	0.6399509769497866	4.3518335815044376
0.7593423704031967	86.31478734894982	71.94387140421107	80.92569386967278
0.8222236059558397	87.36882679276859	57.5408840737907	76.18334827315188
0.9642525881077814	1266.6532327048976	129.0906077145395	840.0672483335134
0.7696143392678042	384.8856273964673	265.69413301860783	340.18881700477004
0.733515351897606	244.1122133438475	194.92256165660223	225.6660939611305
0.8666266458008116	182.21419009731648	83.65102483739588	145.25300312484626
0.7791105223115526	49.66815362491336	42.88875969729871	47.125880902057865
0.9672770740959287	13.86238299239063	2.944464903563018	9.768163709080277
0.6610991023605536	433.25860217356365	384.03288507906154	414.79895826312537
0.7497282592094342	85.92894544022448	73.57913739262136	81.29776742237331
0.9826916502319307	131.42817870401228	8.17666790205108	85.20886215327684
0.6307364805648374	254.6674489041821	241.83150596689944	249.8539703027011
0.893780495481271	16.034380082798968	10.49415363275463	13.956795164032341
0.8674446122443908	621.0018809535447	250.06538964124854	481.9006967114337
0.8527338175733947	241.5137716820332	117.80127283176952	195.12158461318433
0.6711892631428683	517.910702247445	447.27563117617683	491.42255059571943
0.7223913155869683	420.58421068714927	331.18434408957637	387.0592607130594
0.6922433477624319	113.40327020504404	106.04646904449606	110.64446976983855
0.5810781850397287	727.7739204623169	690.6799321071846	713.8636748291423
0.8600872562188396	484.04660862284436	209.86042100294037	381.2267882653804
0.9630208444440591	73.25842243349615	10.80999274332568	49.840261299682226
0.6596630237988272	137.12456026837106	132.2091856173496	135.281294774238
0.9056992641054212	34.748794147232005	15.37555140888497	27.48382812035187
0.757091254059134	477.5161012661561	337.9297334188414	425.1712133234131
0.7069866450141105	616.0073821183405	490.8062607132685	569.0569615914385
0.9108899902150408	64.62877775716433	23.566609229442886	49.23046455926879
0.8657264013813296	286.2365024786706	125.58248388087132	225.99124550449588
0.8954243392460816	57.44000077063602	25.052788454164318	45.294796151959126
0.809229039742332	78.6786212877296	55.83506627774806	70.11228815898652
0.5531266799821039	486.9739328576998	477.15716807163625	483.292646062926
0.8787483469196674	439.7306252094983	167.44624116953543	337.6239811945122
0.8076269941341867	535.2592650761444	309.03381032505376	450.4247195444854
0.7999746930266567	523.1567714302682	313.13855788388923	444.39994135037614
0.9518563092552569	78.0011969309475	14.844707736132179	54.317513482891755
0.9797656274523615	287.1715930508069	18.884816022948087	186.56405166535984
0.7019569830973709	113.25328102548671	104.0951487577844	109.81898142509834
0.8945116058505846	79.87222084496166	33.038471811905865	62.30956495756573
0.9678087175854218	1117.5969866462012	103.42602872860971	737.2828774271044
0.8698369578630675	21.464981136208777	15.04416925424399	19.057176680471983
0.97038095800682	1289.1267804628342	108.45237548325451	846.3738785954919
0.9555538065060689	73.30874696750142	13.020224905368654	50.70055119420163
0.7406592089323506	94.97359914949821	82.11497024174939	90.1516133090924
0.8812017114337547	130.8649461264318	56.198413730220615	102.8649964778526
0.6664872482661832	294.39509399152706	264.8168960188844	283.30326975178605
0.6796298017346516	328.2280034911122	287.09917407175556	312.8046924588535
0.8964389111297975	1029.3745881740192	312.1885001390637	760.429805160911
0.8576035505486904	60.707829829332745	35.001583890731304	51.067987602357206
0.8323114854753982	30.835869312915207	24.049878912852158	28.291122912891563
0.8746740233595313	17.330661918270668	13.032310373107684	15.71878008883455
0.9172543549095956	111.62236963784119	34.42749283396636	82.67429083638814
0.7702064540149482	889.6459614030234	576.8194197971859	772.3360083008344
0.843733994936941	44.26140899855646	29.560006722730222	38.74838314512162
0.8414213779693464	1173.2651301159399	535.2398563202771	934.0056524425663
0.802675872066918	176.12183412658538	115.51166079211025	153.3930191261572
0.7849021996592326	176.52609064510605	124.15989071322939	156.8887656706523
0.6328548455297426	320.3675052148899	299.60969640100075	312.5833269096815
0.8836430110846086	346.0307001107184	129.57410571801407	264.8594772134543
0.5633248852485692	503.82259056626253	490.15171798238964	498.6960133473102
0.9967660954029763	31.960203940534893	0.4919030177908148	20.159591094505863
0.6188702430889543	504.132197006279	468.3235173575826	490.70394213801785
0.8047075565001367	106.5870928766661	73.75184675290595	94.27387558025605
0.6231853275311535	234.36241358430607	225.4214453258387	231.0095504873808
0.9794578168227528	42.45638241477109	3.887107105641327	27.99290417384743
0.6239658800640359	357.0563294786055	335.26709527547433	348.88536665243134
0.9526144722994041	98.57390445011492	17.727277724417448	68.25641942797837
0.7747077588217507	757.8565989987965	488.53946793414326	656.8626748495515
0.6704562027184786	163.40871751775052	152.4863694512449	159.3128369928109
0.7648238029484102	110.30399096029396	87.60844021722014	101.79315943164127
0.7552543961470864	142.74749477096827	113.17536354814925	131.65794556241113
0.6667600348314646	290.7217304894304	261.61405096213815	279.8063506666958
0.8707257730322259	181.09868329564668	80.76607381772689	143.47395474142675
0.9246704316539773	59.180866180827465	18.59809744436959	43.96232790465576
0.5832789889992789	489.57795992624455	470.3072928067623	482.3514597564387
0.7515462861360854	228.64631939062494	174.8341676677886	208.46676249456132
0.9813932974886688	170.0454029499286	10.971163363710772	110.3925631050969
0.9184610038178578	11.022130035028653	7.039683484794517	9.52871257869085
0.9585595759881473	59.87621302131108	10.308245890813033	41.288225347374315
0.8771605484579398	276.46005872913145	111.7480710132854	214.69306333568915
0.6308858938500351	238.0045404493646	226.908620740004	233.8435705583544
0.7994689416600645	41.0011777667657	34.35562631868863	38.5090959737368
0.8731272246543297	16.797010277588203	13.144889258511613	15.427464895434483
0.9573834237429956	21.350237059433205	4.96653461445311	15.206348642565668
0.9679721706161739	11.784119701890733	2.661151104127857	8.363006477729654
0.8444107842264015	330.2388551008523	164.120865875768	267.94460914144565
0.717292963976205	108.88430216241616	97.57989825814738	104.64515069831538
0.6971023736325371	213.26712988736236	186.4793215249297	203.22170175145013
0.6953919391736942	105.41466768320412	98.92139896613632	102.9796919143037
0.9444446545850089	114.5050074587123	23.59840574541075	80.41503181622423
0.9768398280871403	15.583150139228454	2.2149577206771793	10.570077982271727
0.7118254394014715	153.2070469984967	133.97642050789375	145.99556206452058
0.8335661295307132	192.5431292993204	107.82079304822973	160.7722532051614
0.7188644897432933	112.03791654663681	99.75146560507108	107.43049744354965
0.6125514633423793	572.4759868849645	532.4807999233952	557.4777917743761
0.6917467573022454	114.45560560813342	107.00627320432991	111.66210595670711
0.9700942700099727	53.03320664922241	6.740113625477658	35.67329676531813
0.5750172903726782	671.6062603019584	642.0799913162639	660.533909432323
0.798026437111912	92.50971243630188	67.07460616642506	82.97154758509808
0.8911391788043628	88.43371193211951	37.06623425582288	69.17090780350827
0.6586042725291525	329.09284100341756	297.4216599454189	317.2161481066681
0.9841642113705201	210.33433200416044	11.216070696568963	135.66498401381364
0.8856974782982798	120.21009377717488	50.34722913166873	94.01151953511008
0.6228338017357214	461.97897511106515	428.99362665635755	449.6094694405498
0.7135950474643329	793.8493632857416	613.6369739595949	726.2697172884366
0.7104854960329402	319.97795315959604	264.09676837699556	299.02250886612086
0.6080443682112128	389.8155879531265	370.2682882665007	382.48535057064186
0.8078667963364351	41.245569887464626	33.31575162655622	38.271888039623974
0.8703379552040322	25.559642998754565	16.732065343096384	22.249301377882748
0.633529513029017	665.590126085546	600.3478426997524	641.1242698158734
0.8556803576476579	232.0648584621193	111.55676038689589	186.87432168391052
0.7265927332165995	441.65253167590896	342.9629491222849	404.6439382182999
0.7234704785297877	858.1638347704823	644.1848861489075	777.9217290373917
0.9580835042174572	13.802004287314073	3.7736415656866846	10.041368266703802
0.9943886691284772	16.562749233451804	0.5520715498473319	10.558745102100126
0.668503502667478	271.00377916213756	244.34022240733998	261.00494537908844
0.6922901712349099	98.18074404229546	93.75096349537608	96.51957633720069
0.570395221677361	534.8775682719696	516.9370672382453	528.149880384323
0.8623842988989328	30.12039213988702	19.798429496512956	26.249656148621746
0.678929047844489	221.5360979355804	199.3063863230254	213.19995608087225
0.9718616936288011	17.974533579620058	2.932275849678427	12.333686930891945
0.6487195335002046	228.29679652569624	213.85078417477044	222.87954189409908
0.8882188601753035	284.333806323954	104.50196563557482	216.8968660658118
0.959879482960801	20.768870624484457	4.5909335988026765	14.702144239853787
0.9191841364598823	15.11837119690408	7.692600835342292	12.33370731131841
0.9974128117187901	326.67914599027915	2.6847249896657672	205.18123811504913
0.7647596960373466	49.90625358628698	45.31767721640604	48.18553744758162
0.7733293897318164	452.12022448580996	304.1423224080116	396.62851120663555
0.6500107721415118	459.04511023146574	412.24097198763343	441.4935583900286
0.8778974860133661	718.2370302687679	263.7832403278311	547.8168590409166
0.9987081876326647	8.448298396088289	0.09365751782225473	5.315308066738526
0.890476461926663	793.9395835616389	259.7551151935237	593.6204079235956
0.9417372552299764	113.95863477791366	24.656902150497842	80.47048504263273
0.9310155366696905	48.15113399898422	14.481420775197154	35.52499154006407
0.8971626672744266	17.452401159124967	10.587266299081726	14.877975586608752
0.9163561952712233	218.19159260312264	62.02932577986999	159.6307425444029
0.9688199291554654	237.18949601080573	24.67224881436006	157.4955283121386
0.7023403655243121	283.6157048346677	240.22066771759327	267.3425659157648
0.9643330965615117	57.39857103902234	8.569543671992975	39.08768577638633
0.9918513807383612	1045.4630598624558	24.338555947367354	662.5413708942975
0.8335646987389486	34.599148460702594	25.914081940070226	31.342248515465457
0.983395583720741	106.15544334266644	6.548993240795745	68.80302455446493
0.888564605363027	217.39321462557353	82.1437230528382	166.67465528579777
0.761172375843996	86.50370522352571	71.70220162711834	80.95314137487294
0.8560451687765881	33.557536622507065	22.294425202894075	29.333869840152193
0.6876783119339751	308.60052938227886	267.224920022884	293.0846758725058
0.9696314251614024	71.92345749718392	8.731719398270556	48.226555710091404
0.9565954072020929	25.984541362326574	5.773054638303478	18.405233840817914
0.9606384377966516	176.48204520129832	24.12279323659449	119.34732571453439
0.8423162089326993	157.23696711191877	85.92565170743234	130.49522383523635
0.9484118009868717	418.54724143009	68.02176427473745	287.1001874968328
0.6195665560194955	651.527941430151	598.2169408432808	631.5363162100747
0.5635273671350519	757.4691361148498	727.4272069495514	746.2034126778628
0.6922718790585816	385.4495067692214	326.08986970575467	363.1896428704214
0.915244865526699	27.58205525499479	11.727777011040477	21.636700913511923
0.939074276195638	13.967137971992607	5.5462069554391995	10.80928884078508
0.9860663772937209	382.37509566890344	16.719443409612296	245.25422607166928
0.778226700579785	821.758838124319	519.9041091141078	708.5633147454898
0.6982715573872064	410.09102671179716	341.4641044101771	384.35593084868964
0.8917881034233872	15.334964416297016	10.518238551128771	13.528692216858923
0.8863851953707295	82.81448185777346	36.57032689298691	65.4729237459785
0.5640911691087788	528.3706778757439	512.9647440466977	522.5934526898516
0.8562584103364158	71.6605469041146	40.436010500491705	59.95134575275601
0.6237402463427212	354.84636738391583	333.3745013911462	346.7944176366272
0.7483245941651259	133.51438508001922	108.70845964643972	124.21216304242691
0.6707665199179884	565.9754096997835	486.77812032820225	536.2764261854405
0.7819977172622271	95.66031047994419	73.22270271568912	87.24620756834854
0.9282695852820858	44.73395812718084	14.220307205130947	33.29133903141213
0.6839888589935611	742.5775307089743	614.5312897208773	694.560190338438
0.6386153411755169	806.9290465757156	716.9068687509814	773.1707298914403
0.752594714854925	514.9746326770094	367.6018817743698	459.70985108851954
0.619000415633044	441.86039030646225	412.8423792114951	430.9786361458496
0.8289394704424863	269.52932273200264	149.1276123457242	224.3786813371482
0.8472193989170561	77.79070909575645	45.734613108988206	65.76967310071836
0.9149679672863952	824.5960372112731	208.7646780563038	593.6592775281597
0.7237915203490066	86.48571739487593	78.74961988174522	83.58468082745192
0.9734902356321455	291.14734578255013	25.09656532943808	191.37830311263312
0.9873243532674993	98.60800273414438	4.694600687044748	63.39047696648202
0.7787878763572769	116.11228468959706	87.61301201336659	105.42505743601063
0.774950538255603	113.97637455868426	87.31661625570388	103.97896519506662
0.7314211446553858	397.6800189294653	307.26916752271893	363.77594965193543
0.871633206713503	27.18540439151309	17.283571511376827	23.47221706146199
0.6177284558588454	334.9269640104254	317.5021262988363	328.3926498685795
0.8324310089473422	713.3788462149544	355.18575808630953	579.0564381667126
0.6663927377603348	142.63094085426007	135.53983533348378	139.97177628396898
0.8877104606377312	160.55351230672716	63.48596355940187	124.15318152648017
0.9994042168545403	9.796943787136975	0.04519805070943761	6.140039135976648
0.7508012579904103	131.06900693822516	106.21954873380682	121.75046011156827
0.8435754888397625	37.931735105419484	26.286015435622367	33.56459022924557
0.8493275630696492	35.687957152954894	24.298935807529414	31.41707414842034
0.8975342646981829	708.6756739913484	219.005974244218	525.0495365861746
0.7141215996316159	92.52449967131001	85.19244134147984	89.77497779762369
0.9579476090061253	89.96923224159411	14.567479293419076	61.69357488602847
0.9375984387079952	1443.2929067649181	256.4948690595056	998.2436426253885
0.9106468291437401	108.00511890435396	36.13321935417739	81.05315657303774
0.7963258355598537	379.03827104087907	236.69685129038342	325.6602386344432
0.6321172489992859	542.5871822837438	494.7769435488938	524.6583427581751
0.8954800331614985	190.5999053313326	68.72279692807871	144.8959896801124
0.6100655322650448	250.65491594830968	243.0964249881717	247.82048183825793
0.9087943785731036	53.532926360658806	20.738253118981017	41.23492389502964
0.8560336042061885	37.582779874161375	24.253844354094955	32.584429054136464
0.921938008357953	50.09989505264706	16.88830158428998	37.64554750201315
0.5780767227033529	519.680752658871	500.05939649988335	512.3227440992506
0.8617718779885406	78.86717081700542	42.239738921969284	65.13188385636687
0.9626671053187708	10.760562642472168	2.9931975669335613	7.847800739145191
0.7386154274917647	114.57700958257406	97.30733164705548	108.1008803567546
0.6263097693533665	356.29356614631166	333.75268248755054	347.84073477427626
0.6142672773476786	576.5994930161716	535.1929205217074	561.0720283307475
0.9859919560885738	634.6823356736223	26.54631457760115	406.6313277626144
0.9817830285384728	330.9116910267011	19.258870836544077	214.0418834553922
0.9719424883916384	205.2558408782726	19.53977701367981	135.6123169290503
0.9094910994622726	503.77981330830545	141.7193251825109	368.0071302611325
0.9761256705288763	759.7461071239319	53.60431489400685	494.94293503771
0.9524660623817496	243.01985734400864	38.60168485141179	166.36304265928482
0.5941366755802673	326.10421891576993	316.0074244238665	322.31792098130614
0.6351498664593334	198.3778919697343	190.60163053454554	195.4617939315385
0.7226947784705184	212.6809950894989	176.39494943793326	199.0737279701618
0.9403052155412921	184.2663654088829	38.13831493173221	129.4683464799514
0.6676968820708812	389.5153929021681	343.8199973579728	372.3796195730949
0.887261367323416	83.88890400468327	36.69084993953256	66.18963373025176
0.8961465373933754	1012.6676790942645	308.38350452823465	748.5611136320033
0.6329253510053003	180.46655879788622	175.22023398726375	178.4991869939028
0.6251061942091959	610.4703441185928	558.4612120450075	590.9669195909984