0.6559593476677053	492.6542186789722	442.9566554154342	474.0176324551455
0.8463242578033005	131.16697806167457	76.02269445170404	110.48787170793562
0.8603867480074537	92.53808037637997	53.33626746746499	77.83740053553684
0.6721643706695236	594.7404783840286	512.8582164249817	564.0346301493861
0.9490855019776656	1298.8157207159397	185.41357678768452	881.2899167428441
0.8811083900460667	426.8751345744695	160.4361329349713	326.96050895965766
0.644706911208717	1426.606625253652	1222.852968619663	1350.1990040159062
0.613807683989784	788.4187100586574	727.6824903224968	765.6426276575972
0.8948665320560731	365.4744419273728	124.03746257113744	274.93557466878457
0.6859496614217415	443.19691052614024	381.43094495100905	420.03467343546606
0.9231305931833783	74.39317872498054	25.424013692103784	56.029741837651756
0.930582829816538	350.9551014827433	78.98055014264932	248.96464473020805
0.9673706910902348	46.48522280241548	7.96982138958683	32.04194727260473
0.9455012775124544	552.0231347640546	91.87450479239627	379.4673985246827
0.7786544631894091	188.19616657992688	140.13149827856827	170.1719159669174
0.7339548360316266	261.8045950416728	213.64319303573626	243.7440692894466
0.9903365321610462	34.34184836010306	2.021639364094657	22.221769986599906
0.7940656690180641	263.3210049939054	175.661402028476	230.44865388186935
0.9448122216565492	1554.8249919311452	237.25918439934412	1060.7378141067197
0.7867067906686556	486.34053982667234	310.7714046356877	420.5021141300531
0.7870260790651625	284.02039683042375	192.939426277099	249.86503287292697
0.9581787914245803	196.03502693162545	28.94114753045973	133.37482215618832
0.8572527668782214	1089.1376912907833	444.9585666856254	847.5705195638491
0.5818086268633124	938.4813735658208	887.8772121461554	919.5048130334463
0.8502163150249621	205.3233059977779	106.88865722106411	168.41031270651024
0.6650367184570356	775.8573525354664	665.1693825274529	734.3493637824613
0.9953191352618534	154.99397737562327	2.642128061454187	97.86203388280987
0.9763394932633137	1855.07964641998	118.54627907872714	1203.8796336670102
0.9528673188321063	109.91850196050555	20.633951462158052	76.43679552362524
0.8112240897123026	1359.868060447653	712.1417063786153	1116.970677671764
0.7241573831546797	806.9436821041189	605.8023928576791	731.515698636704
0.9428344750643319	1199.613310812919	193.86339477471347	822.457092298592
0.8623835054469176	136.99169801904557	70.94616239061915	112.22462215838566
0.6859683724380095	515.1570841998953	437.6992362448536	486.1103912167547
0.7803409106321803	1583.9665620732217	940.8336789105988	1342.7917308872381
0.6878867723914469	395.2579269930105	342.48257444814124	375.46716978868454
0.706648516304675	737.1547567917995	582.3421185127582	679.1000174371591
0.7868100530146314	1338.472185446285	783.4357856914116	1130.3335355382076
0.600698594510643	988.0558213427398	914.8547817755455	960.6054315050419
0.8789717155856087	129.60216033430152	60.0488412249872	103.51966566830865
0.6838876128448481	279.88082411743096	253.8844907931416	270.13219912082246
0.9532298105901952	81.2231789152653	16.386314682164965	56.90935482785267
0.9031677293477761	400.46428125734764	123.75156451620757	296.6970124794201
0.9765463052054535	30.156657932949827	4.736909018695817	20.624252090104573
0.7127655069247488	327.78424055474665	274.52805283703896	307.81317016060626
0.8952685152548722	349.95292848514526	119.01627295576797	263.3516826616288
0.8918451229943803	692.2896882761476	224.3735565731014	516.8211388875052
0.6895348199465263	1221.1064637894044	969.7541835911654	1126.8493587150647
0.9159054753190531	999.6634987421053	242.83498995170726	715.852807945706
0.721450248681492	1478.011973802688	1072.9421440836002	1326.1107876580302
0.5462390381208226	1289.130900560015	1239.2873493860893	1270.439568869793
0.9296634503080208	106.81057884915396	30.22559848588768	78.0912112129291
0.6591225815617796	1243.1126431265354	1047.227834480387	1169.6558398842296
0.5959472432903415	783.8523912974653	738.100406213401	766.6953968909412
0.9447471126770742	181.35892854725859	35.982672823009	126.84283265066497
0.6453307403214424	477.77442338364057	437.61057597547625	462.71298060557893
0.9329949678583902	42.34946513174268	15.813163228345921	32.398351917968895
0.8087650731774277	1426.4029917073738	753.2342291168918	1173.964705735943
0.7474736308897721	813.9812680211223	570.6140752753715	722.7185707414658
0.8629212823182059	92.94983145326083	52.583089776125945	77.81230332433525
0.9639111798443905	434.1969182060799	49.01756686987696	289.75466145500377
0.9623394097790364	2200.6674112873543	221.88104692864067	1458.6225246528368
0.8406549898869723	469.1202292245489	231.29514725610298	379.93582348638165
0.8013468990808882	122.51221109219722	90.70379771991335	110.58405607759077
0.8267171280298901	273.4527626381983	155.92083798342844	229.3782908926596
0.5644657160514933	844.4087161151745	815.1751067598409	833.4461126069243
0.9566295621951454	948.663889789059	118.38281196712785	637.3084856058348
0.7260748242732716	349.39486237460363	281.3005411017511	323.85949189728393
0.797837951861798	659.7414975897249	390.4767733785726	558.7672260105428
0.9528134369974303	45.101842479888376	11.400876313274182	32.46398016740805
0.7064798044270518	1487.369268862903	1122.3041679176745	1350.4698560084423
0.9534792240284089	1360.5996048922057	176.53891658231134	916.5768467759953
0.9481613795878385	492.31929408360025	78.97206848908087	337.3140844856555
0.9561666149493744	652.2306251107137	85.48190737688674	439.6998559605286
0.8067642778562353	755.1805958414484	423.99065991277286	630.984369868195
0.9472565427318523	559.1260585450173	89.88016406766707	383.1588481160109
0.8286940291935699	863.1612152566046	428.50021598938235	700.1633405313962
0.6536899067486556	669.5062948099703	590.7555768138752	639.9747755614346
0.6454758963550465	1024.4787621519602	892.3453567193333	974.9287351147251
0.724076545030091	790.8245715724572	594.7304304342754	717.289268645639
0.943364748365269	37.52126428504073	12.610678755473197	28.179794711452903
0.9487457661218052	69.66699169012885	16.16094704172788	49.60222494697849
0.6591445520953606	1352.9869220612989	1134.6371716662336	1271.1057656631494
0.8990627328738119	183.17188117024443	66.38910748953023	139.37834103997662
0.9104118356136883	54.12352135971358	24.208066851209793	42.90522591902466
0.8416730174765821	120.65111578127053	73.20891569797018	102.8602907500329
0.7314238038678909	231.7353831708004	193.56397946070814	217.42110677951578
0.5755557598350316	1052.1930962434844	996.004970648788	1031.1225491454734
0.7503315885811883	163.38661005753795	137.18049165749613	153.55931565752226
0.8456820513682	500.5363922932858	237.70906403741452	401.97614419733407
0.7951652607625322	496.0088624492963	305.4492659929184	424.5490137781546
0.6522466620383213	1189.9790124654023	1016.8284895729084	1125.0475663807172
0.9694507790775677	68.65156812290083	9.48555539076067	46.46431334834826
0.8173876201692423	787.3391802617779	418.2380787889539	648.9262672094688
0.9451144668641541	1116.4311927335882	174.22161815533974	763.102602266745
0.7246485168885601	800.1694140066504	600.3033821377423	725.2196520558099
0.8537521726456824	1739.5787951664079	701.3309856230107	1350.235866587634
0.9928596827982327	29.050808850585035	1.4132843245253017	18.686737153312635
0.6469297128859958	580.0618898113175	522.3259629550944	558.4109172402339
0.7371242498285121	188.66529424859652	160.30627216712713	178.0306609680455
0.7624761557159413	636.1759393750974	433.4053676640205	560.1369749834436
0.9475320044047836	429.1735690871192	70.86430399976211	294.80759467936025
0.8830928251053088	429.4259237181253	158.62701066887914	327.876331324658
0.6211059684072808	763.4504430317672	699.6778229268298	739.5357104924157
0.6755794881911571	960.6366893344067	796.7466815022932	899.1779363973642
0.8733947027212025	349.1604303662735	143.14885609030324	271.90609001278466
0.9087058996388961	1310.4592951899604	337.71768827358426	945.6811925963194
0.824236029804193	809.5348338379533	414.0563704234173	661.2304100575024
0.8468819694435898	171.03630586209215	93.79154911104365	142.06952208044896
0.9423201357274923	374.47167001359094	69.26996583837092	260.02103094788345
0.9471719852566342	127.03534273645172	25.880381173642327	89.1022321503982
0.7044540758662936	323.1274776697998	276.1865510424448	305.5246301845417
0.6283806609230179	813.6977453799219	736.0430452190229	784.5772328195848
0.9362247884469178	691.8105745061985	131.71048612345868	481.773041362671
0.7631106169648888	1260.002597919659	811.413780476827	1091.7817913785968
0.9349424047663681	1482.629824567981	268.3053126719234	1027.2581326069592
0.7715559104000853	219.6894997419653	163.7479719549735	198.7114268218434
0.8998011336978666	50.88835343515062	26.240967171728073	41.64558358636717
0.8435814078449406	931.0624338450298	421.16576823101445	739.851184239774
0.7160683764931516	307.4762803739067	257.374684834413	288.6881820465966
0.6865982021787747	837.9962323568558	685.8655964320636	780.9472438850587
0.7687240522957146	226.7303689250417	169.85816303086395	205.40329171472504
0.7409386650226911	205.07366278297405	170.00452203225302	191.92273500145367
0.8167384765055279	1148.1917884391446	592.6047323514512	939.8466424062594
0.9105018445130033	738.1131032010328	196.6270247797858	535.0558237930652
0.7472482961660549	573.2438809523671	414.2209192135344	513.6102703003049
0.9461534166867634	219.40272784183708	41.01602511190241	152.5077143181116
0.7725667793907863	632.4867358361595	415.93979246445235	551.2816320717693
0.8371308289845604	1045.8727943255763	486.84992869491987	836.23921971408
0.5723632497052011	1147.5117138715163	1085.3105621528653	1124.1862819770222
0.9208577702514262	1383.278651695348	307.2192716461485	979.7563841768982
0.8728914687701804	895.8472120795639	332.3614390281587	684.5400471852869
0.9248617439854089	501.7815013837882	116.89077134588462	357.4474776195744
0.9293707041860552	227.194046915854	55.52996610039688	162.82001661005756
0.9033341635049238	146.59622960261498	53.11411759934696	111.54043760138948
0.9231145499326341	194.12496386783988	53.07972111086863	141.23299783397567
0.8782084252063324	245.86283576673713	102.03335057376665	191.9267788193732
0.9669647257991731	275.00949670849036	30.253394983566864	183.22595856164406
0.8247950857715588	169.73841661187453	105.39554437849075	145.6098395243556
0.8074748153745208	487.65590738383656	284.8578497705184	411.60663577884225
0.8382387747952026	1580.8976084922115	707.6368918706934	1253.4248397591423
0.8372541047370954	217.30290821988152	121.07074294273534	181.2158462409517
0.8080110500507236	263.61422752016585	165.53595430082876	226.83487506291442
0.5205554377537909	1262.392400937533	1234.7026777921308	1252.0087547580072
0.718474748456654	518.7950321643631	409.72921503306964	477.89535074012804
0.8567265056307606	537.4436714834025	235.86303353209811	424.3509322516633
0.7525061480821892	1310.4172234328355	872.8001000091742	1146.3108021489625
0.8759396792056432	132.6601888648317	62.6401786114523	106.40268501981441
0.7493265983907998	530.0730769519904	383.3138322425543	475.0383601859519
0.7724963030190724	224.69696928975935	166.37587864397193	202.82656029758905
0.7597955559145666	1593.605340564912	1022.0143759455902	1379.2587288326663
0.8433328176665871	75.47530266375963	51.80357593819707	66.59840514167367
0.7756175019310544	584.5426527855627	382.8957034622502	508.9250467893205
0.9473912823939169	304.43450770237155	52.815118670651174	210.07723681547643
0.9580703220165748	582.4115372235239	73.87993939697049	391.71218803856635
0.8466831222964133	347.0065015387049	171.09559631804075	281.03991208095584
0.9294031210974557	116.96172465837617	32.51280275573052	85.29337894488405
0.571304345359111	964.1325576852535	919.5912762604696	947.4295771509595
0.9380229015016912	45.954610904957946	15.201268849891278	34.42210763430795
0.9467461897171932	527.1553243274261	86.190292045803	361.7934372218174
0.9501092304757681	1108.5617138655984	157.14262078065553	751.7795539587448
0.58072630023119	985.5979164637744	931.2800416614774	965.228713412913
0.6263833581829588	559.5900418058654	519.6634837889562	544.6175825495245
0.7999810050003408	1336.1538736140035	738.696723126199	1112.1074421810767
0.8555328978388559	682.1778750287533	294.37264183426737	536.7509125808211
0.8622901004356626	1856.2252246395278	702.2457524121866	1423.4829225542749
0.7345699993862799	230.89643321199515	191.35128041633595	216.06700091362296
0.871942740923323	1562.4528030218785	557.1984620722743	1185.482425165777
0.9009126179200204	131.4060961424546	49.91328237429679	100.84629097939542
0.554490089882168	996.8997007253074	962.3219425101179	983.9330413946113
0.839212789182675	376.14969946464976	191.98318994085483	307.08725839322665
0.6626821659975162	1429.0808495774172	1187.396329617085	1338.4491545922926
0.9067312913415065	274.4654877852779	86.07404946415403	203.81869841485644
0.7807103263826379	320.43719116047487	219.6357715215672	282.6366587958845
0.868089964720491	70.06687440522737	41.73255711254891	59.44150542047294
0.6709574050259866	633.1196786187809	544.6497865298122	599.9434690854176
0.8710210284028688	133.97967306358854	65.53392560201416	108.31251776549814
0.8873581888549288	161.92111941959217	66.88121454727386	126.2811550924728
0.9058974110251828	1805.5218864621693	467.76807359054146	1303.8642066353088
0.5960178788897675	1036.087307096158	962.0261046605493	1008.3143561828047
0.7291870214280266	434.6269875748304	339.42060959650837	398.92459583295965
0.8911632231258918	254.66207624478005	94.14027135152378	194.46639940980896
0.8186259357549966	324.0102434729412	188.19706121054577	273.08030012454293
0.9690081298330504	83.40736216151691	11.018701671870012	56.26161447789932
0.5765047732276826	798.7041754529878	765.4007644125104	786.2153963128088
0.9818297022246883	70.88099275458498	5.73991687844461	46.453089301032335
0.824783268250954	134.4447637996308	87.34322648235907	116.7816873056539
0.7291337208420481	1141.8960290254477	824.9312981760625	1023.0342549569282
0.7341296955443776	199.40847776458224	169.23338873099044	188.09281937698532
0.8013986276694617	223.26331915645684	147.88487621751872	194.99640305435506
0.8568218751082601	1444.9236635851914	578.6722862124748	1120.0793970704226
0.91403962855028	320.58389647603224	90.58874021563369	234.3357128783828
0.8651717859436069	95.65199501633145	52.85331114160048	79.60248856330733
0.8478382066854302	289.98747585379476	145.41996155496744	235.77465799173453
0.9952252170485961	172.30321705786164	2.932884079154263	108.78934219084638
0.8532925573724601	873.1982768969833	373.54366551962954	685.8277976304756
0.9278352890791289	353.17165481691484	82.58498165927858	251.70165238280123
0.7896004750949499	175.07748868012354	126.61484988423943	156.90399913166698
0.6078573298730765	776.4191304963132	722.169257670014	756.075428186451
0.8887017553815769	124.70908319462312	53.70753022588492	98.0835008313463
0.678321236888009	507.8678491891744	438.39356939989557	481.8149942681949
0.9172392655187478	45.01518337539683	20.25152534888227	35.72881161545387
0.7479991238246497	1156.432229655868	788.4574595055415	1018.4416908494956
0.7966668014847977	517.3369096716655	315.16854694216534	441.5237736481029
0.6256287100426362	1045.0645792947066	936.0290172258528	1004.1762435188865
0.9340894174464134	1518.7049248050291	277.9562640604547	1053.4241770258136
0.7788972589512526	166.84625686060986	126.74483811646262	151.80822483155464
0.9682708445670994	59.47056234618903	8.970814190764091	40.53315678790467
0.6656632004311214	457.33085241350017	407.22978488073244	438.5429520887123
0.9806588493505483	39.0253098993575	4.295903938260729	26.001782663946212
0.611751652326344	1172.2469546838834	1062.8632806816545	1131.2280769330475
0.8731302168136639	108.41810113143517	54.750966088165754	88.29292549020914
0.8597886820112954	87.3988517639701	51.40531538593814	73.90127562220812
0.9102844551340792	188.50324819497996	60.461533978444535	140.48760536377918
0.8264656199283944	537.6766882642266	282.8236017866342	442.1067808351295
0.986948767632344	342.45432553243427	14.308907063171631	219.39979360646078
0.8455636052845662	973.5893071516552	433.3445122160909	770.9975090508186
0.7703881220353528	344.5178207370149	243.07336962043675	306.47615156829806
0.790850983638755	919.5088107066879	544.677379573412	778.9470240317095
0.8148621695516922	266.0906195416851	161.61913635846497	226.91381334797757
0.6423247433332261	1313.4411237050986	1134.7626553647037	1246.4366980774505
0.8859218396983183	185.35314151809104	75.61077085407197	144.1997525190839
0.7758286259187214	345.8011809395891	239.1649259400195	305.8125853147505
0.654393178720801	1130.5654751672464	965.269290119898	1068.5794057744906
0.6374677291903439	518.1114963549519	476.82973550437544	502.63083603598574
0.7950008180497173	1580.4315730426829	882.7582435242781	1318.804074473281
0.9980121611591047	1257.2282169572222	6.877051298611036	788.3465298352431
0.859386852492626	288.89445363247694	134.4891959335367	230.99248199537433
0.7736489513955309	523.3297075184962	348.98634779631436	457.95094762267803
0.9280781414702615	1021.2455151340373	211.43250859404338	717.5656376815396
0.7711562044401665	290.04527842384795	208.397766095045	259.42746130054684
0.5582493100637231	848.815334064383	823.3463541932033	839.2644666126906
0.87257296381581	145.5533364958311	69.18203605142514	116.91409882917887
0.5577431368178503	960.0671151779585	926.0229885547188	947.3005676942437
0.8700079019939833	462.06789949210656	187.7172156889632	359.1863930659278
0.7742848267365069	135.66705762641678	109.31841336984161	125.78631603020109
0.9013661993696294	370.38626618084606	117.77150062738893	275.6557290982997
0.8755868478560087	120.86195810964529	58.39860441259407	97.43820047325107
0.9845637128766257	303.0942454220324	15.250065090983384	195.15267779788903
0.8766854208790614	348.1095798968805	139.15586180860683	269.75193561377785
0.6694268684957545	533.7967215196629	466.38083683751626	508.5157647638579
0.9016164558130002	336.51677846449127	108.10903923725755	250.86387625427864
0.8772009593053182	92.27800862507647	47.06270589070962	75.3222700996889
0.7616964377456233	502.4969538386591	350.8798670479106	445.6405462921284
0.562686579339652	1205.0349925751727	1146.8631573798505	1183.2205543769269
0.9590246727911491	69.79978739535397	12.905716018856083	48.464510629167265
0.713197339640677	1375.5216435218365	1025.137308951403	1244.127518057924
0.9266232000649631	547.8907913346771	123.34268640580822	388.68525198635126
0.8587201306017181	857.9798059267523	354.4373278031055	669.1513766303848
0.8785133872296934	1446.3314386396235	492.4188071782935	1088.6142018416247
0.8271193725854411	794.1544428125635	400.6540060887764	646.5917790411434
0.9366601688726736	99.4567608414261	25.78475619805736	71.82975910016283
0.9668177182841591	122.18092074926855	15.694894670373678	82.24866096968297
0.7614006033041499	1566.9204899646613	1000.3058616957667	1354.440004363826
0.6412938470728937	850.4264633971026	753.4439475930868	814.0580199705967
0.8143367248368314	115.54254601606303	81.76138300439027	102.87460988668575
0.7630432064379467	546.972043780302	377.12332236727514	483.2787732504169
0.8552175707893787	196.72127261179827	99.90484339814782	160.41511165667936
0.8443470086540257	233.14047077338273	123.29215829994276	191.94735359584274
0.6856215430566789	747.1819224996228	617.59908316349	698.588357748573
0.9905328320357312	295.0035893890994	9.12198011391456	187.79798591090508
0.8004839373962693	1607.0868236439746	874.7882016471304	1332.474840395158
0.7496473304596489	186.1957069285774	152.89210973656128	173.70685798157137
0.8280716231391312	482.0521956831434	254.38722153074275	396.67783037599315
0.7632990818311916	175.29871006654287	139.33906857448125	161.81384450701975
0.7740155761603188	836.9993876901165	534.3178096416543	723.4937959219432
0.6544570402508504	1389.6123573295972	1173.3860393871682	1308.5274881011865
0.9641409411463159	509.00012186682056	55.983121778533615	339.1187468337129
0.9828510077134178	195.97720242296342	11.765647077693785	126.8978691684873
0.5936072016949527	745.7703587886934	705.8378576011672	730.7956708433711
0.9529004285236905	471.07138495225024	68.92615342253589	320.26692312860735
0.8745188312903788	159.13235276348797	73.23631174340231	126.92133738095586
0.9236555876129383	203.58991448663483	54.81326112916655	147.79866947758424
0.5836614438988869	863.4201636490255	818.7517895029447	846.6695233442452
0.9626646842859117	64.89253094070978	11.189147255407626	44.75376205872148
0.7650689423812792	151.43025196714473	123.06350778112251	140.7927228973864
0.7531694027100913	154.96488585200757	130.37983376631098	145.74549131987135
0.7835633663286078	606.9618434920146	384.24125899491844	523.4416243056036
0.6852748478694652	428.9186987615835	370.71576561367317	407.09259883111713
0.8753792032727586	171.92708841112963	77.47282775228615	136.50674066406333
0.5177188950227601	1263.2893639884544	1237.603565420464	1253.657189525458
0.9124771381577848	216.78526535538714	66.22232075346965	160.32416112966808
0.7119784328304517	514.4886044032446	413.129419413235	476.478910031991
0.8627392161730875	308.9172047807152	139.22641073070525	245.2831570119615
0.7046540204888126	291.2929793067912	251.849160200874	276.50154714207224
0.7144019851668361	746.5710360535066	578.2163563856128	683.4380311780465
0.7138517339455869	209.01005719328603	185.5157629888474	200.19969686662154
0.8827001044426661	533.6728153790812	192.8113925511406	405.8497818186035
0.5863080884922192	1062.9180823188128	995.6156704028916	1037.6796778503424
0.9568089874609466	1819.6913739561635	213.9690905847176	1217.5455176918713
0.7951372717474514	229.74665257866621	155.5806392243208	201.9343975707867
0.9621308111119329	69.6355159273779	11.89830102217335	47.984060337926195
0.8326817008756986	214.95902131041757	123.05096919924173	180.49350176872662
0.9094033594845697	155.85431366049275	52.30345649395529	117.02274222304119
0.7753128329564085	163.17353598910282	126.08898568701731	149.26682962582075
0.7026261304503594	1178.6480932573259	910.4587055648057	1078.0770728726309
0.871697060222759	280.6132286003989	120.10373464340117	220.42216836652477
0.9464734488525465	760.0478996150486	119.99575107815951	520.0283439137152
0.8799950325820017	1601.3407777310586	534.4147458718952	1201.2435157838725
0.7380255621415499	310.15913516477474	245.13666538965597	285.7757089991052
0.8282491420985981	199.19660855264593	118.20720280833476	168.82558139852924
0.9700535844317376	506.41749304105224	46.43800632798289	333.92518552365124
0.9091385390450915	85.70384529284239	33.18802498481199	66.01041267733099
0.8884338335404468	1196.9638435889424	380.30704924428943	890.7175457096974
0.769314701757361	177.28589342346987	137.8250897600733	162.48809204969615
0.7285723632098579	188.4094922328906	163.9758542827842	179.24687800160072
0.6252625380406358	1084.8293869832733	970.2826960804927	1041.8743778947305
0.971743653896269	660.4762404355289	55.414610861921915	433.5781293454263
0.9645819323473249	261.0612134171955	31.065042984243945	174.81264950483865
0.717740710648139	248.60977513148993	212.85159573684786	235.20045785849916
0.8933844181067643	836.5896532575978	262.2889135436015	621.2268758648491
0.829365346739673	99.12636598567764	67.62614301229561	87.31378237065938
0.7249102962594587	532.8267241328472	412.9656899004516	487.8788362956988
0.9053401909062623	218.23727221101797	72.0096000598283	163.40189515432183
0.7360037921895387	466.7566363289028	355.3157755240462	424.9663135270816
0.9016307498509839	100.02745826943675	40.203724500824755	77.59355810620725
0.8315080664963064	150.4363616625446	92.2469158698008	128.61531949026568
0.8807168649685614	232.60273027665926	95.41252828727569	181.1564045306404
0.9148416932287	787.6591423591758	198.2372993568942	566.6259512333203
0.602355089837824	572.2201007626314	545.7950748449827	562.3107160435131
0.6236773516797735	490.8538940089293	461.9863050719666	480.0285481575683
0.5831705201175189	800.9307200806355	762.7834756198312	786.6255034078339
0.8866910712942818	379.38271473638486	137.9867710295175	288.8592358463096
0.6742413265242095	568.28010622322	489.8726202294393	538.8772989755522
0.8229433304503831	309.9624784450882	177.18935991197057	260.1725589951691
0.9080656677237046	125.83742138161958	44.799338571079026	95.44814032766688
0.7172537085915639	815.9542650016795	623.2541118734282	743.6917075785852
0.9176885606132769	97.61478468080146	33.074511209984124	73.41218212924497
0.701924422816796	232.38956506463683	208.48189825323897	223.42419001036262
0.5641859169036253	830.6517522100108	802.7735845217225	820.1974393269027
0.9635325716130356	73.96815481412088	11.935897368915256	50.706058272168775
0.6158958737982179	506.5195285823984	480.1336945413217	496.6248408169946
0.7387742723030328	177.29219277615354	151.66357508896854	167.68146114345916
0.9571633346613835	928.9218864553184	114.7034112749547	623.589958262682
0.7095691336573645	255.72579679362278	222.33102260862293	243.20275647424785
0.8556874586336097	258.6955586783459	125.43509419772268	208.72288449811217
0.6145500826547075	1024.80153015217	932.0337022218392	990.0135946782959
0.566037186741987	832.0349021829014	802.8065460045005	821.0742686160011
0.8199604372508426	379.9061275665757	214.92846351910148	318.03950354877287
0.9481239814193237	86.81909321256332	19.083333034415205	61.41818314575777
0.9318551332540842	686.4295281651337	139.87890806372684	481.4730456271061
0.9108984023858362	1729.8149169352268	425.50376742260266	1240.698235867993
0.920775032235307	1331.3100889627076	296.9659892183563	943.4310515585759
0.7890716954245738	812.7218180520756	490.095622688252	691.7369947906418
0.8280036683289976	675.2968981902676	344.26920886287155	551.161514692494
0.9655036067066156	143.90418354911822	18.557386225216987	96.89913455265525
0.7371470598650091	327.0986494307447	257.57504331973576	301.02729713911634
0.8188185742127425	201.76206575430922	125.32949989640657	173.0998535575957
0.9829293366328773	698.8057703556143	35.08677678417939	449.9111477663262
0.8040464246012031	1078.2838847451947	594.7969627542631	896.9762889985954
0.7611253803594682	164.1772747830188	133.03394448524466	152.4985259213535
0.8109810857638283	131.77656538294585	91.92346333030856	116.83165211320687
0.9285241000882553	131.9217869746166	36.14550122289353	96.00567981772045
0.6828088732591454	468.28092286477687	403.52864218811607	443.9988176110291
0.8820022417969959	179.03341744509265	75.95049139545753	140.3773201764795
0.8003529372872149	111.6112778437666	84.95559871661649	101.6153981710853
0.6452341094042392	917.4578076915615	804.4150131494024	875.0667597382518
0.9704191195863221	93.81329486387924	11.449546571013961	62.926889254054764
0.8709149247611047	229.0276244609879	101.67710191950141	181.27117850793047
0.9617043178315766	239.4650542742271	31.260021663651173	161.38816704526113
0.7687185412758128	164.05634441649295	129.60635785038295	151.1375994542017
0.9593547552780891	72.21955854859343	13.101267535160396	50.05019941855603
0.6316907218089117	583.8025592666327	536.8304546050138	566.1880200185255
0.988301030289486	64.42892090468024	3.4569716755039224	41.56443994373912
0.8006624808714488	221.7225524587459	147.48304930844319	193.88273877738237
0.6625684648031869	331.2903573072595	306.0141898963706	321.81179452817616
0.6686564637226343	591.4075717133937	513.3982198874248	562.1540647786554
0.7098591241310968	284.5271977490801	243.84786821153307	269.27244917249993
0.7711321033391428	161.28778427282495	126.76437997215689	148.34150766007443
0.9687062081834867	2086.5311517226105	175.09108469222838	1369.7411265862172
0.7456631753707188	681.9900969282755	487.78343764950864	609.162599698738
0.7354837060752003	1546.5500468776695	1075.408473634428	1369.871956911454
0.6379812208579415	538.5890341370666	493.88839707288486	521.8262952379985
0.6794706960554141	284.0603813062958	259.4054912603187	274.8147975390544
0.7210654336327467	504.6512663664416	396.93262878887896	464.2567772748556
0.7980266225851568	206.8406631220791	140.62385819428806	182.00936127415747
0.8169561426450253	467.312908448354	262.06086141492693	390.34339081081885
0.7478515151803254	232.06882611571467	185.1281063351782	214.4660561980135
0.8081726621033017	190.335967796886	125.48919846904921	166.01842929894718
0.7805587200985125	398.944702097189	266.7035873399787	349.3542840632351
0.5834443762102877	1328.5099059170248	1236.17308127028	1293.8835966744955
0.860473917617308	657.8408679740785	275.46632333911043	514.4504137359655
0.6077943794509258	544.1879212273766	517.8448890082238	534.3092841451943
0.9107467824859994	155.81442844751274	51.52063633893002	116.70425640679422
0.59507399159235	1066.2109527263465	989.6757712234377	1037.5102596627555
0.8066841168109291	684.3972421125746	387.85666101603226	573.1945242013712
0.7095274270193175	1423.6976639249674	1068.826726521645	1290.6210623987215
0.7459952876751644	639.3266509409135	459.31202511619716	571.8211662566448
0.948192842284145	566.4588596813176	89.29193201460822	387.52126180630154
0.7265950592419024	757.2233068746202	567.4929311218493	686.0744159673311
0.8265477801609308	319.3200578927137	178.46339998591634	266.49881117766466
0.6638442506867744	663.4815521035638	576.0512217950362	630.6951782378659
0.814756573341841	280.07331922467193	169.0033574508504	238.42208355948884
0.7999118704747893	185.50561312307266	127.35146333912972	163.69780695409406
0.7830575559618402	409.77305947603656	270.52924324578	357.55662838969033
0.9589011284432699	82.92871996024985	14.594385186610616	57.30334442013514
0.6516813594690457	1260.7209116169563	1074.990861267918	1191.072142736067
0.9554103494023474	126.2576970372463	21.701705713044547	87.04920029067064
0.7288443270395087	994.7944543662339	726.1106224301458	894.0380173902008
0.855130753323001	114.34148620393808	64.67472179756862	95.71644955154953
0.7212905280955829	855.6595721307897	644.5138896140563	776.4799411870147
0.8828539525865426	291.5587885410302	113.57191214208592	224.8137098914261
0.8067786984487226	227.2113912649022	146.59552569784097	196.98044167725425
0.7078525865935044	438.67347071173435	360.7948845510057	409.46900090146113
0.9903640961486205	50.91113781214885	2.455189149628165	32.74015706370359
0.6651262921512919	1292.8090393681978	1075.0241433961983	1211.139703378698
0.6715156341416725	846.2345216170783	713.0342340278083	796.284413771102
0.9021077064771436	1662.53433350744	451.00933787517124	1208.2124601453393
0.9114393779862373	212.83043521915636	65.98721618420278	157.76422808104877
0.6022540420151713	1222.8475869953247	1119.1465550166365	1183.9597000033166
0.9319302311933256	58.91011750039351	19.296058450939057	44.05484535684809
0.8031215159209614	102.85034544575369	79.11514711925587	93.94964607331701
0.9816866268960862	167.21709875671343	11.043773263530412	108.65210169676979
0.9359470743080188	1287.4000308509758	232.18540251023126	891.6945452231965
0.8614607960265285	176.42701831637348	87.57434713108617	143.10726662189074
0.8745189381974204	115.10031665328998	56.703388653676	93.20146865343473
0.7645107590935671	196.41321874271426	152.54482834651884	179.962572344141
0.6387213666487821	574.930431372234	524.1983851216884	555.9059140282794
0.8608080434754902	194.24113487690852	95.23788624430216	157.11491663968113
0.9167566526571796	911.934106406837	221.1454842517959	652.8883730986965
0.6801606423501659	945.3466489655857	777.7905116926556	882.5130974882369
0.9325192346569827	188.02622624852177	45.346910752261024	134.521482937424
0.8705062617236161	79.45854945276086	44.55798249925152	66.37083684519486
0.927497116130756	325.7779188458141	77.39175490386471	232.63310736758308
0.6946293322521507	1421.1852231719329	1106.006095641478	1302.9930503480123
0.8609220825323709	885.4168303614804	359.1786032702651	688.0774952022746
0.8607568648060059	175.5242120074772	87.62703216057977	142.56276956489066
0.8971883490433632	694.5412052788279	213.93364226439118	514.3133691484142
0.9193542591614651	46.61815511065099	20.05636630034469	36.65748430678613
0.924738925385733	88.87598655182956	28.22768854730114	66.1328748001314
0.8405249715224671	983.2018759894509	450.91620581736737	783.5947496749196
0.8586008239841589	462.9171328371091	203.9900797875309	365.8194879435173
0.7642702340230747	1165.186375465765	751.4298462527729	1010.027677010893
0.9179708152609188	1308.4949601124981	302.7639315751743	931.3458244110018
0.832176702460436	151.7538417374046	92.56409919077107	129.55768828241705
0.8020669521083076	709.0083007130727	409.0629968288072	596.5288117564731
0.6963775703975217	1283.9164610957632	1001.0929260388493	1177.8576354494205
0.6572648081280922	1446.1279318310865	1212.6520808724883	1358.5744877216123
0.9729231527978179	1549.2126018066338	114.97936475849349	1011.375137913581
0.8791514106526326	891.8074759984573	314.86922057315667	675.4556302139696
0.7799270031789112	351.9541196262565	239.25984755332064	309.69376759890554
0.7267968312326248	536.8012901983335	413.7080450273452	490.64132325921287
0.9441733879449342	55.513111828561286	15.221693710375114	40.40383003424147
0.9646323315183971	44.06018014599524	8.402994252879566	30.68873543607686
0.8509439715019615	116.48667773698946	67.37681824444749	98.07048042728623
0.6486406983756963	556.9317122299722	501.68704912744784	536.2149635665255
0.7741489793993129	194.2910321031834	146.26328292604603	176.28062616175689
0.9033958979435781	173.64011994377645	60.84828411481778	131.34318150791694
0.9375733078544881	115.75979907436925	28.501147822343604	83.03780485485963
0.9776386978890219	172.360175818544	13.842245679054457	112.91595201623542
0.6453131431202072	629.5771201161095	565.0591185960524	605.382869546088
0.8913453198556579	347.78734588765116	122.77482116435367	263.40764911641463
0.7154297202934656	731.0212784649857	565.6250263626384	668.9976839266055
0.7897533210661394	172.43115038705704	124.95889228908587	154.62905360031786
0.8599925760460522	245.83997937802445	116.70261213953019	197.4134666635891
0.6935934727874284	262.38817841628514	235.41330910341665	252.27260242395948
0.9818520356748544	45.06814618186176	4.332655348064716	29.792337119187874
0.7898345751304352	890.5291756549669	531.1777874264079	755.7724050692573
0.7070800096897757	302.98336768444494	259.3510548183224	286.62125035964897
0.6729276061523832	778.8322304543016	658.0600651905785	733.5426684804054
0.7210911386209865	703.8583411849143	538.3683237864	641.7995846604714
0.7916834375965028	430.8762268370645	273.3082328978505	371.78822910985923
0.7785138129618596	570.1690739070709	370.29130174935676	495.2149093479281
0.7742333349707279	129.13635161512235	105.33050685175638	120.20915982886011
0.8592137732055192	80.88876642118434	48.897492194199046	68.89203858606486
0.8680092401468682	96.26098943714044	52.031799983925886	79.67504339218497
0.6745606435573402	633.1635324722533	541.1115416015912	598.644035895755
0.8372251940675278	1174.0968034930465	540.991312935956	936.6822445341377
0.7576877821449505	1377.7867116329314	898.6225501672322	1198.1001510832941
0.8440232077790619	136.39956745515357	79.49224026738851	115.05931975974167
0.8126265764607622	156.1276884484675	104.45546144107556	136.75060332069552
0.8203210963783595	249.5159984523604	148.92629065697884	211.79485802909232
0.7587509714447181	829.8650997748991	559.8542297742722	728.611023524664
0.9909335256022832	103.75793203442032	3.7531335709813973	66.25613261063073
0.5724300513093561	872.1110286270738	834.9564945115932	858.1780783337686
0.7560952463066554	150.3937898315235	126.15566174664477	141.30449179969398
0.5561852593166706	1281.1546829998558	1222.8017122404283	1259.2723189650706
0.5809198598417178	681.9494573036923	656.9127433121773	672.5606895568742
0.9727411593768756	159.50612351979026	15.881359746605725	105.64683710484607
0.7767748184374135	1466.7250729452078	888.1187083763509	1249.7476862318865
0.77683872894792	292.066891180538	205.44921513011764	259.58526266163034
0.7094672701020399	472.44426642369274	384.5026957872375	439.466177435022
0.5970324194376339	1134.3818853066302	1047.7709843584064	1101.9027974510464
0.7098971871115967	368.68367762331235	306.96988834076393	345.5410066423567
0.7414952103729985	444.05247685408517	334.3929644051334	402.93015968572826
0.667308169258727	309.1560903659629	285.6351310627841	300.33573062727083
0.8114048035472566	627.2741457653628	350.57970258638824	523.5137295732474
0.916941452954813	867.7774608440959	210.95816916239193	621.4702264634569
0.8488392336128671	162.53997350251976	88.90074248669006	134.92526187158361
0.6368357733907544	787.6525186587508	705.5546259567304	756.8658088954932
0.7339997696362845	561.24481540898	422.4518045503319	509.197436336987
0.765794445365322	560.3686392283917	381.8389519045031	493.42000648193346
0.8427241002990248	77.47274581764731	52.869016071317624	68.24634716277367
0.7163839579298275	527.3448989320708	418.0548499801095	486.36113057508527