0.6559593476677053	283.8856865577497	259.3777469968391	274.6952092224082
0.8463242578033005	70.34479303673068	42.85463082134148	60.035982205959726
0.8603867480074537	48.49048642022599	29.71253814579346	41.448755817313796
0.6721643706695236	344.4636841249632	302.21579213863	328.62072463008826
0.9490855019776656	762.2495405986069	112.07833542150678	518.4353386571944
0.8811083900460667	241.4560621607125	94.09308299847677	186.1949449748741
0.644706911208717	848.7050099677044	737.4792896216904	806.9953648379492
0.613807683989784	462.10442783821355	431.54425402233227	450.64436265725806
0.8948665320560731	205.3411274699563	72.44239664408646	155.50410341025508
0.6859496614217415	254.00360358839404	222.87711352858176	242.33116981596444
0.9231305931833783	38.178152157873036	14.068455233086459	29.137015811078072
0.930582829816538	196.64862286680335	46.0844111645918	140.187043478474
0.9673706910902348	22.757967186391753	4.354386818026407	15.85662454825475
0.9455012775124544	314.8221039299812	54.35099097636106	217.14543657237365
0.7786544631894091	103.46012624242647	79.84479037227158	94.60437529111839
0.7339548360316266	146.5729590410355	122.9047607208087	137.69738467095044
0.9903365321610462	16.122367325365502	1.10648602181322	10.491411836533398
0.7940656690180641	146.7502660851542	101.29006910346088	129.7026922170192
0.9448122216565492	917.5044442729999	144.0289065952303	627.4511176438363
0.7867067906686556	277.7755897045093	182.67509668792573	242.11290482329048
0.7870260790651625	158.86843238925854	111.50190292101682	141.1059838386679
0.9581787914245803	106.8435985737819	16.579940245061934	72.99472670051192
0.8572527668782214	636.9513074980913	267.61121052452484	498.44877113300385
0.5818086268633124	553.7015567260019	528.6977759274394	544.325138926541
0.8502163150249621	112.6918713317778	61.218599103646405	93.38939424622852
0.6650367184570356	453.2476361965695	394.90918898360803	431.37071849170894
0.9953191352618534	83.3769407445921	1.500153367941543	52.67314547834814
0.9763394932633137	1099.9494185753792	72.21561484532947	714.5492421766105
0.9528673188321063	57.94555104839819	11.58045670136536	40.55864066826088
0.8112240897123026	801.9079640489098	430.4632071275588	662.6161802034031
0.7241573831546797	470.3810513612142	360.65517965176684	429.23384947017144
0.9428344750643319	702.4182457322727	116.95752773592227	482.87047648364126
0.8623835054469176	73.55635372065137	40.0729799248457	61.000088547224244
0.6859683724380095	296.6964962775712	256.903923369122	281.77428143690275
0.7803409106321803	939.1843002202539	570.4649197392338	800.9145325398714
0.6878867723914469	225.56989744673547	199.37774961191423	215.7478420086775
0.706648516304675	428.9580123098992	345.6845089195994	397.73044853853673
0.7868100530146314	789.7016343447694	473.2374451116711	671.0275633823576
0.600698594510643	583.2366000732064	545.8015824661198	569.198468470549
0.8789717155856087	69.28110173462241	33.862153949669135	55.99899631526493
0.6838876128448481	157.7008685837124	146.2040327648209	153.3895551516281
0.9532298105901952	41.9145531162977	9.097342498789981	29.6080991347323
0.9031677293477761	225.78826081091285	72.48265076807633	168.29865704484916
0.9765463052054535	13.796124522647265	2.6290179081937914	9.608459542227212
0.7127655069247488	185.45262880549535	158.99713266970713	175.53181775457477
0.8952685152548722	196.2545333425154	69.40279786344865	148.68513253786537
0.8918451229943803	398.4756457385223	133.43767698608292	299.0864074563575
0.6895348199465263	721.8631576879152	583.2334753386779	669.8770268069512
0.9159054753190531	582.1747382481376	145.8454037090592	418.5512377959832
0.721450248681492	876.9280560726994	648.7703655721501	791.3689221349935
0.5462390381208226	768.2284547766088	743.6406837085684	759.0080406260937
0.9296634503080208	56.25124009746283	16.942491637659934	41.51045942503674
0.6591225815617796	736.3366490201927	629.6265889577837	696.3203764967893
0.5959472432903415	459.7746319137401	437.4225752141125	451.39261065137975
0.9447471126770742	98.47848904081937	20.558038439977445	69.25832006550365
0.6453307403214424	275.22530025495587	255.92258714962566	267.98678284045707
0.9329949678583902	20.47469025148674	8.671494169879404	16.048491720883987
0.8087650731774277	842.3903990633045	455.84259514888856	697.4349725953986
0.7474736308897721	474.0082110123621	339.99448144246827	423.7530624236519
0.8629212823182059	48.71136758326468	29.29795813603976	41.431339040555336
0.9639111798443905	245.27416538545543	28.789464315400167	164.0924024841847
0.9623394097790364	1311.1288995394025	135.8150073819935	870.3861899803741
0.8406549898869723	266.77777310200383	135.96027336638255	217.72121070114588
0.8013468990808882	65.69898023171969	50.96448939752023	60.173546168894894
0.8267171280298901	152.29529696052597	90.10811608749412	128.97510413313904
0.5644657160514933	497.131827017358	483.818918464627	492.13948631008384
0.9566295621951454	551.2752231456562	71.01844001211768	371.1789294705793
0.7260748242732716	197.97319489323777	163.35971625292476	184.9931404031204
0.797837951861798	380.58857764070524	231.59161057153906	324.7147149897679
0.9528134369974303	22.003974585181602	6.231189695722854	16.089180251634573
0.7064798044270518	883.2307953794044	678.5160718322778	806.4627740492319
0.9534792240284089	799.5658721413274	106.84212455754488	539.794466797409
0.9481613795878385	279.5405797422726	46.531072741088295	192.1620146168285
0.9561666149493744	374.1584096915483	50.77258097609925	252.88872392325487
0.8067642778562353	437.37388070132573	252.40286894007687	368.0097512908574
0.9472565427318523	319.01213507497687	53.19205834583596	219.32960630154903
0.8286940291935699	501.664358162502	256.159599381677	409.60007361969264
0.6536899067486556	389.65295071456956	349.1433972768109	374.4618681754101
0.6454758963550465	603.9699435528262	533.5502356506759	577.5625530895198
0.724076545030091	460.7066677222241	353.87656415456627	420.6453788843524
0.943364748365269	17.8094232499723	6.936065472584036	13.731914083451702
0.9487457661218052	35.51686873086677	8.924505990793065	25.54473270333913
0.6591445520953606	803.2296471742002	683.6139766353906	758.3737707221466
0.8990627328738119	99.67962385912828	37.914126227293664	76.5175622471903
0.9104118356136883	26.983752685127712	13.293320441340333	21.849840593707444
0.8416730174765821	64.41291301464193	41.13769423145118	55.684705970945394
0.7314238038678909	129.11516303936926	110.89923195912225	122.28418888427663
0.5755557598350316	622.9020470633684	594.8394584141076	612.3785763198956
0.7503315885811883	89.37352739243524	77.75740838722008	85.01748276547956
0.8456820513682	285.25970848917694	139.98865877823056	230.78306484757206
0.7951652607625322	283.35577875525684	179.69302316641563	244.4822454094414
0.6522466620383213	704.2847193380596	610.5652951868676	669.1399352813626
0.9694507790775677	34.93323538715549	5.235988067790014	23.79676764239344
0.8173876201692423	456.3840168754747	249.31282219451714	378.7323188701156
0.9451144668641541	652.2163142218587	104.99833600174208	447.00957238931494
0.7246485168885601	466.3014066670197	357.3074582159842	425.4286759978814
0.8537521726456824	1031.5936939190412	426.6053986823576	804.7230832052849
0.9928596827982327	13.208128963866614	0.7852060801747234	8.549532882482156
0.6469297128859958	336.2283122464338	307.3163897100037	325.38634129527253
0.7371242498285121	104.07697940744644	91.25046984096802	99.26703832001704
0.7624761557159413	367.23921234852577	256.5779917904169	325.74125463923497
0.9475320044047836	242.38806583618253	41.61572925366646	167.09843961773902
0.8830928251053088	242.9361824029516	93.05196028572487	186.72959910899158
0.6211059684072808	446.88687946162753	414.65589754485194	434.80026124283665
0.6755794881911571	564.4272201809175	475.98991355398255	531.263230195817
0.8733947027212025	195.97945858427622	83.45687301477781	153.78348899571432
0.9087058996388961	769.791193011145	204.2277887168537	557.7049164007858
0.824236029804193	469.5453876836094	247.01832167788484	386.0977379314627
0.8468819694435898	93.05206815347601	53.3776280114712	78.1741531002242
0.9423201357274923	210.33091235439545	40.50278792022314	146.64536569158082
0.9471719852566342	67.59600672697256	14.60075790144732	47.7227884174006
0.7044540758662936	182.83441392221124	159.83303576021837	174.2088971114639
0.6283806609230179	476.97778797907205	437.0760746672241	462.0146454871291
0.9362247884469178	397.8379612722877	78.38184284080648	278.0419168604823
0.7631106169648888	742.8431251783414	489.16344361180285	647.7132445908894
0.9349424047663681	873.7335997221809	162.7606458671131	607.1187420265305
0.7715559104000853	121.6952721210115	93.7679402893817	111.22252268415032
0.8998011336978666	25.165562725642683	14.444887110850342	21.145309370095557
0.8435814078449406	542.1275903501089	252.3001403326279	433.4422965935536
0.7160683764931516	173.4964448370878	148.76755366835138	164.22311064881166
0.6865982021787747	490.05311837132496	408.3018496717903	459.39639260899946
0.7687240522957146	125.808231947415	97.37034465663713	115.1440242133733
0.7409386650226911	113.54219329813505	97.02099284996832	107.34674313007253
0.8167384765055279	673.5581922850341	356.76868345833157	554.7621264750206
0.9105018445130033	425.6017991890636	117.13987190128725	309.9285764561475
0.7472482961660549	330.0511800183619	244.38580737041235	297.9266652753808
0.9461534166867634	120.2932130743261	23.58315600025466	84.02694167154931
0.7725667793907863	364.8414703138719	246.26212662802286	320.3742164316785
0.8371308289845604	611.274454124078	292.4548943161577	491.71711919610794
0.5723632497052011	681.0650010678136	649.6990734443597	669.3027782090184
0.9208577702514262	813.7261831343756	186.014661706347	578.3343625988648
0.8728914687701804	520.4053215817587	198.94826180142627	399.858924164134
0.9248617439854089	285.2472615376132	68.93182608765818	204.12897324388007
0.9293707041860552	124.82829620040872	31.957363327295013	90.00169637299108
0.9033341635049238	78.80540656671124	30.099199350756983	60.5405788607284
0.9231145499326341	105.8480725181868	30.38336374063112	77.54880672660342
0.8782084252063324	135.8719119548403	58.828771854257575	106.98073441712178
0.9669647257991731	152.3399935237609	17.523749695141845	101.78390208802875
0.8247950857715588	92.46854233656794	59.923481387392464	80.26414448062712
0.8074748153745208	278.19763852765726	167.52063647009786	236.6937627560725
0.8382387747952026	935.3995376765284	429.4582157789001	745.6715419649179
0.8372541047370954	119.6976310854836	69.45554831831363	100.85685004779485
0.8080110500507236	146.77319104898584	95.49919900272133	127.54544403163665
0.5205554377537909	752.5525015731365	740.1002493393415	747.8829069854634
0.718474748456654	298.2224841627784	240.7950094967052	276.68718116300096
0.8567265056307606	306.9568515068296	139.23619677190808	244.061605981234
0.7525061480821892	773.830747029839	526.5915717949875	681.1160563167697
0.8759396792056432	71.02582371923137	35.34910986984064	57.64705602570985
0.7493265983907998	304.32828693819715	225.62317649293774	274.8138705212249
0.7724963030190724	124.58750557883553	95.35431154440488	113.62505781592404
0.7597955559145666	945.8236876189944	619.5748713452504	823.4803815163405
0.8433328176665871	38.91426233653352	28.76437122700485	35.108053170460266
0.7756175019310544	336.1920288077642	226.17589246496578	294.9359776792148
0.9473912823939169	169.46919515265222	30.685019207556664	117.4251291732414
0.9580703220165748	332.77522305080436	43.75243737155509	224.39167842108589
0.8466831222964133	194.98046564992478	99.68477010843384	159.24457982186567
0.9294031210974557	61.9595223845306	18.285137674994214	45.58162811845446
0.571304345359111	569.5176789603508	547.8264977884821	561.3834860209
0.9380229015016912	22.47187748160529	8.31904238601112	17.164564320757478
0.9467461897171932	300.1072496085974	50.90335514285894	206.65578918394544
0.9501092304757681	647.4186352859708	94.67993567703053	440.1416229326182
0.58072630023119	582.2950916692633	555.2579123675638	572.156149431126
0.6263833581829588	324.40257163734816	305.2293223765722	317.21260316455715
0.7999810050003408	787.840240579515	446.2764726232135	659.753827595902
0.8555328978388559	392.9417933751762	174.91693849397254	311.18247279472484
0.8622901004356626	1102.4553538045704	427.8565456142281	849.480800733192
0.7345699993862799	128.59529272503946	109.63011103797598	121.48334959239065
0.871942740923323	923.3608185335783	338.1989120050872	703.9251035853941
0.9009126179200204	70.20764383039887	28.176064694683596	54.44580165450564
0.554490089882168	589.8146470308817	573.5622254696431	583.7199889454172
0.839212789182675	212.10674537542343	112.09739499606502	174.60323898316403
0.6626821659975162	849.4834310362787	716.4417257482987	799.5927915532862
0.9067312913415065	152.24838497938654	49.82514748615077	113.83967091942313
0.7807103263826379	180.21254845389183	127.4151816243397	160.4135358928098
0.868089964720491	35.8878214977337	23.075091792205512	31.08304785816063
0.6709574050259866	367.4215599951656	321.51035979072276	350.20485991849955
0.8710210284028688	71.79957006469803	36.9921316415395	58.746780656013584
0.8873581888549288	87.59992472897451	38.023902348434305	69.00891633627194
0.9058974110251828	1070.602048488512	284.9248877971937	775.9731132292677
0.5960178788897675	612.5100449746017	574.5991068636001	598.2934431829761
0.7291870214280266	248.1528343818434	198.48382902572243	229.52695737329805
0.8911632231258918	140.87374570603038	54.35507350511675	108.42924363068778
0.8186259357549966	181.84550376080801	109.34409460283568	154.6574753265684
0.9690081298330504	43.10954059562993	6.123673472482665	29.239840424449707
0.5765047732276826	469.1630153051826	453.6079361448085	463.3298606200423
0.9818297022246883	36.15675003924676	3.1719099482791044	23.787435005133887
0.824783268250954	72.34007246736283	49.250959564356506	63.68165512873546
0.7291337208420481	672.3483505994922	495.6685836564417	606.0934379958483
0.7341296955443776	110.31843954571	96.48457683644521	105.1307410297357
0.8013986276694617	123.45353796225783	84.81324435111179	108.96342785807806
0.8568218751082601	852.2081925968579	350.45785717507863	664.0518168136907
0.91403962855028	179.0227918085276	52.71276378315257	131.65653129901196
0.8651717859436069	50.217683642268234	29.47743219229141	42.440089348526925
0.8478382066854302	161.70219017554524	84.24048502005036	132.65405074223466
0.9952252170485961	93.23618208713802	1.6741087567065733	58.90040458822622
0.8532925573724601	507.1857155667292	223.4084567163795	400.7692434978481
0.9278352890791289	197.9545101547715	48.19303907879413	141.79395850127997
0.7896004750949499	95.80924014174917	71.97641124883032	86.8719293069046
0.6078573298730765	455.0154242455502	428.0155111005382	444.8904568161707
0.8887017553815769	66.47307845806489	30.254044261032128	52.890940634177596
0.678321236888009	292.51098303982263	257.13568506792484	279.245246300361
0.9172392655187478	21.92108577261802	11.132989100013738	17.875549520391417
0.7479991238246497	680.5240452692551	474.11056940697335	603.1189918208994
0.7966668014847977	295.9503870070789	185.6349166862827	254.58208563678033
0.6256287100426362	617.0661551022449	559.655666298884	595.5372218009845
0.9340894174464134	895.6390160819795	168.68024426817726	623.0294766518036
0.7788972589512526	91.17586233119215	71.90720974680065	83.95011761204533
0.9682708445670994	29.875845256068466	4.9291805546401495	20.520845993032847
0.6656632004311214	262.73407721577894	238.00547482081038	253.46085131766574
0.9806588493505483	18.68034595222565	2.345026132952741	12.554601019998309
0.611751652326344	694.8849036619587	637.2789662693336	673.2826771397243
0.8731302168136639	57.35356288252587	30.672949471137123	47.34833285325509
0.8597886820112954	45.61081326550156	28.584138958144962	39.225810400242835
0.9102844551340792	102.67892820079743	34.57007995303931	77.13811010788814
0.8264656199283944	307.5354964658766	166.88057430535684	254.78990065568166
0.986948767632344	191.53456084289263	8.335944778632523	122.8350798187951
0.8455636052845662	567.6239103117227	259.8947466476728	452.225473937704
0.7703881220353528	194.43606421584084	141.278766791682	174.5020776817813
0.790850983638755	536.3011271952224	325.88252575790364	457.3941516562279
0.8148621695516922	148.13963331284725	93.28807147669391	127.57029762428975
0.6423247433332261	779.7736500421452	682.8971215660704	743.4449518636171
0.8859218396983183	100.99968342754275	43.192329914799586	79.32192586026406
0.7758286259187214	195.11265218419885	139.04850751481126	174.0885979331785
0.654393178720801	668.1213719221698	578.8826340142161	634.6568452066872
0.6374677291903439	299.4283060783993	279.5156840963214	291.9610728351201
0.7950008180497173	936.4835319044784	535.3756581767651	786.0680792565859
0.9980121611591047	736.9559700669954	4.172342114842479	462.1621095849381
0.859386852492626	160.96675707368948	77.92453473493055	129.82592369665488
0.7736489513955309	299.88846215205814	205.48797999969983	264.48828134492373
0.9280781414702615	595.0497862261292	127.01413536352337	419.536417152652
0.7711562044401665	162.58932756516097	120.47182783882006	146.79526516778313
0.5582493100637231	499.89521065824505	488.6998351777716	495.6969448530675
0.87257296381581	78.36380451386677	39.17346784102246	63.66742826155015
0.5577431368178503	567.3733955898944	551.4128143020724	561.3881776069611
0.8700079019939833	262.3025995491156	110.36378132674267	205.32554271572573
0.7742848267365069	73.32287890898631	61.62591084234448	68.93651588399563
0.9013661993696294	208.1717332108853	68.81179414098322	155.91175605967203
0.8755868478560087	64.3594453483371	32.84922980689272	52.54311452029546
0.9845637128766257	168.6177761610879	8.866045935331272	108.71087732642917
0.8766854208790614	195.33475680837074	81.12163392590413	152.50483572744577
0.6694268684957545	308.17002828078415	273.93089949263896	295.3303549852297
0.9016164558130002	188.37480890453128	62.97795568517289	141.35098894727187
0.8772009593053182	48.27897859709974	26.21990997482479	40.00682786374663
0.7616964377456233	287.7573344313687	206.29743391705156	257.20987173849977
0.562686579339652	716.403490544522	687.2522509575698	705.4717756994149
0.9590246727911491	35.577575373081736	7.127690187577754	24.908868428517742
0.713197339640677	814.8398335606441	618.6888870392447	741.2832286151194
0.9266232000649631	312.4862231178022	72.91227567845227	222.64599282804596
0.8587201306017181	497.94890096680274	211.87346850401033	390.6706137932556
0.8785133872296934	852.5619880175306	298.32820674184006	644.7243200391466
0.8271193725854411	460.2846453036983	238.91839197393588	377.2723003050374
0.9366601688726736	52.11281376766956	14.417286779173857	37.97699114698367
0.9668177182841591	64.8245654884205	8.844601446746513	43.83207897279276
0.7614006033041499	929.4962614948996	606.1897019528138	808.2563016666174
0.6412938470728937	498.83239230525686	448.17097330332814	479.8343601795336
0.8143367248368314	61.67032261657861	45.85363999258799	55.73906663258213
0.7630432064379467	314.0997359367343	222.26473142876603	279.6616092462462
0.8552175707893787	107.70597994030672	57.13738896007598	88.74275832272019
0.8443470086540257	128.77226110498276	70.90541415237814	107.07219349775603
0.6856215430566789	435.49824160005153	366.519946985155	409.63138111946535
0.9905328320357312	163.90816724420495	5.293552226559328	104.42768661258783
0.8004839373962693	952.5124432946516	530.8052027804777	794.3722281018363
0.7496473304596489	102.56212828122847	87.00694714353696	96.72893535459416
0.8280716231391312	274.57123902521727	149.6015942285309	227.7076222264599
0.7632990818311916	96.16596043554523	79.15781286061122	89.78790509494497
0.7740155761603188	487.1662102617794	318.80489965353775	424.03071878368877
0.6544570402508504	825.7428353537713	707.3479420695425	781.3447503721854
0.9641409411463159	289.3113687272471	33.030820371021775	193.2061630936626
0.9828510077134178	106.7761762834917	6.741099206212141	69.26302237951187
0.5936072016949527	436.87069576831095	417.69420391416895	429.6795113230077
0.9529004285236905	267.0118492008536	40.57135775014041	182.09666490683614
0.8745188312903788	86.07752772796631	41.598286258442656	69.39781217689494
0.9236555876129383	111.2792358085079	31.43027894998383	81.33587698656137
0.5836614438988869	508.2200623176918	486.4595174394941	500.0598579883677
0.9626646842859117	32.865166137861735	6.164693584784805	22.852488930457888
0.7650689423812792	82.42620785817005	69.59539153613855	77.61465173740824
0.7531694027100913	84.49415154881345	73.80943586910254	80.48738316892187
0.7835633663286078	349.40872654131863	227.28173989137997	303.61110654759165
0.6852748478694652	245.56436589101816	216.39605128434232	234.6262479135147
0.8753792032727586	93.37478519002633	44.12582594906087	74.90642547466429
0.5177188950227601	753.1509855404283	741.831373985714	748.9061312074105
0.9124771381577848	118.90590579712676	38.0439783272463	88.58268299592159
0.7119784328304517	295.792086484064	242.68252041905083	275.87599920968404
0.8627392161730875	172.58157162231456	80.83667095115439	138.1772338706295
0.7046540204888126	164.17477080651068	145.26484817805428	157.08354982083952
0.7144019851668361	434.41127847273646	343.4285734445676	400.2927640871731
0.7138517339455869	116.00598085006082	105.96200464699815	112.23948977391233
0.8827001044426661	304.42397004991506	113.82192655348459	232.94820373875365
0.5863080884922192	629.1339219809818	594.9573934092828	616.3177237665947
0.9568089874609466	1078.4729784940494	130.33893658386881	722.9227127777317
0.7951372717474514	127.27020963793348	89.30125447323582	113.03185145117186
0.9621308111119329	35.483490813857294	6.57086120568998	24.641254710794552
0.8326817008756986	118.38462595561275	70.55678393264004	100.44918519699799
0.9094033594845697	84.04593327977791	29.709769895077613	63.6698720105153
0.7753128329564085	89.09821843023298	71.4754685026665	82.48968720739555
0.7026261304503594	695.625990556018	547.2508346625375	639.9853070959629
0.871697060222759	156.0568150262385	69.54515276635328	123.61494167878155
0.9464734488525465	438.44477949173677	71.553028683348	300.860372938591
0.8799950325820017	946.812338444839	324.59120744246144	713.4794143189474
0.7380255621415499	174.76845989360822	141.84897824583243	162.42365427569231
0.8282491420985981	109.34384339043923	67.59182110265836	93.6868350325214
0.9700535844317376	287.77377006563904	27.40207287366212	190.1343836186477
0.9091385390450915	44.5014628420125	18.451439862051796	34.73270422452724
0.8884338335404468	701.4434280899267	229.3221531795706	524.3979499985431
0.769314701757361	97.25934390114678	78.3401592288411	90.16464964903214
0.7285723632098579	103.95733095835789	93.36017778654755	99.98339851892901
0.6252625380406358	641.248266709449	580.7408582192808	618.5579885256359
0.971743653896269	379.01314377544907	32.92881892394175	249.23152195613383
0.9645819323473249	144.27216356423708	17.96155205879765	96.90568424969729
0.717740710648139	139.07037673340582	122.17235834840965	132.73361983903226
0.8933844181067643	484.64255264574444	156.79122206685568	361.69830367866115
0.829365346739673	52.3168900880394	37.752113059826556	46.855098702459586
0.7249102962594587	306.43215042913926	242.9333769019722	282.6201103564516
0.9053401909062623	119.77385471383995	41.37036685789748	90.37254676786152
0.7360037921895387	267.0581058945796	208.29667801811541	245.02257044090555
0.9016307498509839	52.53100954131916	22.472387318152137	41.25902620763152
0.8315080664963064	81.38976648185564	52.228857439094895	70.45442559082036
0.8807168649685614	128.2018180028645	54.92087923938339	100.7214659665591
0.9148416932287	455.14503817895445	118.34657713490219	328.84561528743484
0.602355089837824	332.34363976904996	320.6034042715599	327.9410514574912
0.6236773516797735	283.3502122250069	270.24054127350485	278.43408561819365
0.5831705201175189	470.3682709189204	452.1655196360949	463.54223918786084
0.8866910712942818	213.55413099014822	80.679100986312	163.72599473870963
0.6742413265242095	328.63366856915167	288.3145001579301	313.5139804149436
0.8229433304503831	173.58536563712897	102.80391626687636	147.04232212328424
0.9080656677237046	67.03185192834863	25.252800507026752	51.36470764535292
0.7172537085915639	475.97138851038414	371.08437511977536	436.63875848890586
0.9176885606132769	51.128576144870664	18.47477114061445	38.88339926827459
0.701924422816796	129.7193724795863	119.42960471448792	125.86070956767442
0.5641859169036253	488.80421154946464	476.2463565425014	484.0950159218534
0.9635325716130356	37.878346200691	6.6053497641308	26.150972536980923
0.6158958737982179	292.83291144168254	281.1148715212978	288.4386464715383
0.7387742723030328	97.47884077134398	86.19195267479074	93.24625773513652
0.9571633346613835	539.4422334549039	68.77666928057783	362.9426468895316
0.7095691336573645	143.31155874687926	127.70643362742845	137.4596368270852
0.8556874586336097	143.46338608758577	72.40631087781458	116.81698288392158
0.6145500826547075	605.1143147539125	556.8067633956683	586.998982994571
0.566037186741987	489.6126914683862	476.30269675880436	484.62144345229297
0.8199604372508426	214.53117451314935	125.47399460712981	181.134732048392
0.9481239814193237	45.03430187107777	10.618686663993113	32.12844616842102
0.9318551332540842	394.66822714661043	83.21606992428156	277.8736681882371
0.9108984023858362	1024.4148292884993	258.948510724793	737.3649598271095
0.920775032235307	782.2746303602236	179.63134315285708	556.2833976574611
0.7890716954245738	472.27190415372485	292.29192055632296	404.7794103046991
0.8280036683289976	389.3220202729428	204.44543812796104	319.99330196857466
0.9655036067066156	77.10643839507924	10.517004221016002	52.13540057980552
0.7371470598650091	184.6953232345789	149.29278477888954	171.4193713136954
0.8188185742127425	110.90411802279881	71.67983201011332	96.19501076804175
0.9829293366328773	401.7964689504828	20.859801970770633	258.94521883309073
0.8040464246012031	631.689121479186	357.4645897245398	528.8549220711936
0.7611253803594682	89.77542791417737	75.4073766270305	84.38740868149729
0.8109810857638283	70.91155507354895	51.778383524448316	63.73661574263622
0.9285241000882553	70.40307802380113	20.415708796717134	51.657814563644635
0.6828088732591454	268.9220949018439	236.15148776115717	256.63311722408633
0.8820022417969959	97.4024414170607	43.32817877330483	77.12459292565225
0.8003529372872149	59.485931469869705	47.61528436743199	55.03443880645556
0.6452341094042392	539.239627066029	479.57786941718246	516.8664679477115
0.9704191195863221	48.90505061450936	6.389675368787994	32.961784897363856
0.8709149247611047	126.20382555597294	58.48479127762419	100.80918770159217
0.9617043178315766	131.81219006622894	18.029327331249334	89.14361654061159
0.7687185412758128	89.65357965134253	73.47101646056778	83.585118454802
0.9593547552780891	36.91517169020885	7.2441396642775775	25.788534680484624
0.6316907218089117	338.77042146213904	315.75201245772683	330.13851808548446
0.988301030289486	32.59411967192119	1.9043383218948797	21.085451665661324
0.8006624808714488	122.5709288199566	84.56129236883149	108.3173151507847
0.6625684648031869	188.17321156028123	177.0886814683147	184.01651277579379
0.6686564637226343	342.54881086367	302.4504441647477	327.5119233515741
0.7098591241310968	160.1542006995949	140.5702497662334	152.81021909958434
0.7711321033391428	88.04747868190917	71.82477341016649	81.96396420500567
0.9687062081834867	1241.3120246894741	107.07428135265172	815.9728709381657
0.7456631753707188	394.93123672044896	289.1822851969001	355.27537989911815
0.7354837060752003	918.1138227738725	651.1777260758838	818.0127865121267
0.6379812208579415	311.6500844743355	289.8719310479586	303.4832769394441
0.6794706960554141	160.1778764479794	149.45287526996955	156.15600100622572
0.7210654336327467	289.7784849219599	233.1071708936334	268.52674216133744
0.7980266225851568	114.01345719119135	80.43565539890739	101.42178151908486
0.8169561426450253	266.02611945055395	153.93983042024308	223.99376106418737
0.7478515151803254	129.13322670821432	106.13196153463036	120.50775226812034
0.8081726621033017	104.41916898452692	71.59650077250333	92.11066840501807
0.7805587200985125	226.28135324954127	155.80074310583018	199.85112444564962
0.5834443762102877	791.0959232067061	743.0288692266764	773.0707779641949
0.860473917617308	378.3615114207562	163.5215597807803	297.79652955576523
0.6077943794509258	315.48692965775507	303.79314225354193	311.10175938117516
0.9107467824859994	84.017516945801	29.26544574447198	63.48549024530262
0.59507399159235	630.8730957327388	591.5919446005072	616.1426640581519
0.8066841168109291	395.108764650956	230.3150149305111	333.31110850578915
0.7095274270193175	844.3080368427251	645.5411649515755	769.7704598835439
0.7459952876751644	369.4642383013845	271.8252420831774	332.8496147195568
0.948192842284145	323.3496782805661	52.85707378749427	221.91495159566415
0.7265950592419024	440.4927415876929	337.3041064500312	401.79700341106974
0.8265477801609308	179.01457570459357	103.65674217420698	150.7553881306986
0.6638442506867744	385.77695701162463	340.44433007146813	368.77722190906593
0.814756573341841	156.2596103434838	97.70657010856412	134.30222025538893
0.7999118704747893	101.71390878795253	72.57237964873846	90.78583536074726
0.7830575559618402	232.61446131866455	158.17046537661213	204.6979628403949
0.9589011284432699	42.85477202442526	8.108828288072168	29.82504312329285
0.6516813594690457	747.3224467321752	646.4199985444759	709.484028661788
0.9554103494023474	67.14226119331589	12.243380385145858	46.555180890252124
0.7288443270395087	583.4450216947977	434.78396245366565	527.6971244793731
0.855130753323001	60.7801696324213	36.28907138446717	51.5960077894385
0.7212905280955829	499.7324383928274	384.25935668154017	456.4300327510947
0.8828539525865426	162.33752989987852	65.85590408584461	126.15692021961581
0.8067786984487226	125.68229065993299	84.13766687475794	110.10305674049235
0.7078525865935044	250.94356858974962	210.91771476049982	235.93387340378095
0.9903640961486205	25.172499315296037	1.343326891466896	16.23655965636011
0.6651262921512919	766.3539365635561	647.0627072124005	721.6197255568727
0.6715156341416725	495.429405721326	424.4063665063728	468.7957660157186
0.9021077064771436	983.55549028682	274.27126385734226	717.5739053757659
0.9114393779862373	116.63834480717682	37.88558298659754	87.10605912445959
0.6022540420151713	726.0050506069986	671.5848254790001	705.5974661839991
0.9319302311933256	29.605137852259993	10.602380847761607	22.4791039755731
0.8031215159209614	54.47008870886584	44.282463497687665	50.64972925467402
0.9816866268960862	90.34217382936416	6.296005810414151	58.824860822257904
0.9359470743080188	755.472028771868	140.2895135048957	524.7785855467534
0.8614607960265285	96.03772048801486	49.91327094666653	78.74105191000923
0.8745189381974204	61.112730711051825	31.837892900475925	50.13466653208586
0.7645107590935671	108.32176791596638	86.99780147056237	100.32528049893988
0.6387213666487821	333.32902032904474	308.25528046809904	323.9263678811901
0.8608080434754902	106.24522118143766	54.453944001123446	86.82349223881982
0.9167566526571796	529.5148496527943	132.49917470773744	380.633971548398
0.6801606423501659	555.0568271353309	464.52955988731037	521.1091019173232
0.9325192346569827	102.32246786762056	25.93149796916989	73.67585415570156
0.8705062617236161	41.1344144997286	24.70544196748704	34.97354980013802
0.927497116130756	181.97821681786093	45.0637543688224	130.6352933994715
0.6946293322521507	843.3777631731195	667.7385523046332	777.5130590974372
0.8609220825323709	514.377981688209	214.91411969908347	402.07903344228697
0.8607568648060059	95.52551905581072	49.93311848340997	78.42836884116043
0.8971883490433632	399.7673245353649	127.24322032048246	297.57078545478396
0.9193542591614651	22.82390213089625	11.006297348006235	18.392300337312495
0.924738925385733	46.22897646081176	15.717139317933947	34.78703753223258
0.8405249715224671	573.502713144412	270.4709412084036	459.8657986684089
0.8586008239841589	262.9211699424271	119.90839669013863	209.29137997281896
0.7642702340230747	685.3213686032136	452.07205964416147	597.8528777435691
0.9179708152609188	768.4819597025194	183.03263012940857	548.9384611126028
0.832176702460436	82.1366694705059	52.426386256491554	70.99531326525052
0.8020669521083076	409.8750427202163	243.10577392645547	347.336566922556
0.6963775703975217	759.7716457345443	602.9283510069667	700.9554102117028
0.6572648081280922	860.1118010582236	731.7987103156124	811.9943920297444
0.9729231527978179	913.8973223435974	69.85394607224163	597.381056241839
0.8791514106526326	517.8856416008932	188.47428279488068	394.3563820486385
0.7799270031789112	198.6626206240424	139.19678183181946	176.3629310769588
0.7267968312326248	308.75651231026296	243.4367454520131	284.26159973841925
0.9441733879449342	27.72197016701859	8.349656067396106	20.457352379660158
0.9646323315183971	21.43199902926415	4.589196136508129	15.115947944480643
0.8509439715019615	62.011454256939146	37.82484361623767	52.94147526667609
0.6486406983756963	322.3867193310883	294.84152330594776	312.0572708216606
0.7741489793993129	107.00916539623303	83.41400435615837	98.16098000620504
0.9033958979435781	94.20833757664599	34.68765638567476	71.88808213003178
0.9375733078544881	61.26247067158486	16.02535999260808	44.298554166968565
0.9776386978890219	93.275237919505	7.8970803579122375	61.25842883390772
0.6453131431202072	365.87037068687164	333.22883535481355	353.62979493734986
0.8913453198556579	195.01938462489574	71.57494772193103	148.72772078628398
0.7154297202934656	425.0656059441597	335.7698269382566	391.57968881694603
0.7897533210661394	94.28909555261735	70.99745482980755	85.55473028156368
0.8599925760460522	135.98466822008646	67.25773448341337	110.21206806883406
0.6935934727874284	147.36626316098338	135.3157106904608	142.84730598453743
0.9818520356748544	21.980132801676508	2.3655416184824887	14.624661107978751
0.7898345751304352	518.9201797893586	317.5398774842202	443.40256642493165
0.7070800096897757	170.9858515591776	149.79071617704273	163.03767579087702
0.6729276061523832	454.8327310481337	390.8206396265779	430.8281967650503
0.7210911386209865	408.6022461322238	319.253017108948	375.09628524849535
0.7916834375965028	244.90875437096025	160.07035742144473	213.09435551489193
0.7785138129618596	327.58514753374635	218.5844615988895	286.70989030817503
0.7742333349707279	69.55656121260598	59.32702849608679	65.72048644391128
0.8592137732055192	41.96410252655607	27.12898430607353	36.40093319387511
0.8680092401468682	50.54774686532569	29.026888307354113	42.47742490608635
0.6745606435573402	367.36709849125305	319.45895765844193	349.4015456789489
0.8372251940675278	688.729440948637	325.9622251567721	552.6917350266876
0.7576877821449505	814.5539403214399	542.8821364775796	712.6770138799923
0.8440232077790619	73.32981085696511	44.87265195962332	62.65837627046194
0.8126265764607622	84.77986895254425	59.19168320087296	75.18429929566751
0.8203210963783595	138.4727711777611	85.79389087473473	118.71819106412622
0.7587509714447181	483.26549308579325	333.83703037777633	427.2298195702869
0.9909335256022832	54.453206340494496	2.1016316147306284	34.82136581833305
0.5724300513093561	513.7378330836139	496.0768635751084	507.1149695179243
0.7560952463066554	81.84736477207998	71.36376058861934	77.91601320328225
0.5561852593166706	763.0561303256742	733.8054304902879	752.0871178874044
0.5809198598417178	398.64677093930425	387.7004035585811	394.5418831715331
0.9727411593768756	85.96189668408545	9.034850089153714	57.11425421098604
0.7767748184374135	867.9290430408151	537.5309105634377	744.0297433617986
0.77683872894792	163.69693088468063	118.81637641565521	146.8667229587961
0.7094672701020399	270.90278686572947	225.2856828325126	253.79637285327317
0.5970324194376339	672.3240785956191	627.4472924196273	655.4952837796221
0.7098971871115967	209.5606806979743	178.46289426217373	197.8990107845491
0.7414952103729985	253.51546111221293	195.75463653900815	231.85515189726115
0.667308169258727	175.01966555328715	164.95973065005558	171.2471899645753
0.8114048035472566	360.96961422284755	207.6745795244724	303.4839762109569
0.916941452954813	503.0807268076436	126.23979083295274	361.76537581713455
0.8488392336128671	88.17911088787125	50.501721434193826	74.05008984274221
0.6368357733907544	461.06837869712626	418.70070266561424	445.18050018530926
0.7339997696362845	323.1771466518811	248.9885136733529	295.3564092849331
0.765794445365322	322.00421379315094	225.21257562754977	285.7073494810505
0.8427241002990248	40.05121639046719	29.355720585287727	36.04040546352489
0.7163839579298275	303.34176006370956	245.78839109225544	281.75924669941423