0.6559593476677053	192.81863161632268	173.4066510701596	185.53913891151151
0.8463242578033005	50.35095675170338	28.932457336901916	42.319019471152835
0.8603867480074537	35.65139758661429	20.058587605070272	29.80409384353528
0.6721643706695236	233.1359689594789	201.73723171898595	221.36144249429404
0.9490855019776656	511.53733655550093	74.3441159697438	347.589878835842
0.8811083900460667	165.12361717601877	62.896974024070175	126.78862599403804
0.644706911208717	567.5109217502034	489.554250883747	538.2771701752822
0.613807683989784	311.09283783350816	287.6031652136995	302.2842106010799
0.8948665320560731	140.9974800194243	48.4707650732304	106.2999619146016
0.6859496614217415	172.96182535075923	149.08955315876892	164.00972327876286
0.9231305931833783	28.65654936673601	9.51183888642637	21.477282936619893
0.930582829816538	135.22230638458717	30.844964266582124	96.08080309033527
0.9673706910902348	18.25504737968193	2.9089638179746595	12.500266044041703
0.9455012775124544	214.15458366612202	36.22250504309565	147.43005418248714
0.7786544631894091	72.56301735495626	53.749794099907895	65.50805863431312
0.7339548360316266	101.39316963759023	82.5445162928356	94.32492463330725
0.9903365321610462	13.860071104621905	0.715632439392965	8.930906605161052
0.7940656690180641	101.59567660446987	68.0225448694413	89.00575220383416
0.9448122216565492	614.4267422410694	95.45349081554792	419.8117729564988
0.7867067906686556	189.1101491735301	122.00852877442799	163.9470415238668
0.7870260790651625	109.69814773753396	74.8339441400629	96.6240713884823
0.9581787914245803	75.00148603373509	11.158306994172499	51.060293893899114
0.8572527668782214	428.2111465810251	177.72271294375545	334.277983967049
0.5818086268633124	371.7244719847683	351.97945247026104	364.32008966682804
0.8502163150249621	78.83678359635445	41.191565260074086	64.71982672024932
0.6650367184570356	305.4052600874754	263.115822246536	289.5467208971231
0.9953191352618534	59.20171863531189	1.01137012306652	37.38033794321988
0.9763394932633137	735.3260942604411	47.83888468225342	477.5183906686208
0.9528673188321063	42.01880152937878	7.832826641400555	29.199060946386943
0.8112240897123026	537.4632470355085	285.57157009468585	443.00386818270005
0.7241573831546797	317.0557173752204	240.10735376564307	288.20008102162893
0.9428344750643319	471.81407651513666	77.61290074614286	323.988635601764
0.8623835054469176	52.51929341272877	27.053094095993984	42.969468668953226
0.6859683724380095	201.4179277954991	171.68192419475793	190.26692644522117
0.7803409106321803	628.2565914748486	378.1820062534617	534.4786220168285
0.6878867723914469	154.04905325806635	133.5047854536458	146.34495283140865
0.706648516304675	289.43978813390675	230.30772447983034	267.26526426362807
0.7868100530146314	529.2492214190593	313.96778339844775	448.51868216132993
0.600698594510643	391.36952982607414	363.23016577863285	380.81726830828364
0.8789717155856087	49.64842575573808	22.87330208362112	39.607754378694224
0.6838876128448481	108.93258175748257	97.96137172024244	104.81837799351752
0.9532298105901952	31.17417238404166	6.158653449396702	21.7933527835498
0.9031677293477761	154.6749094311576	48.45589169388523	114.84277777968046
0.9765463052054535	12.415860153611348	1.6366613752003039	8.373660611707207
0.7127655069247488	127.33063494524531	106.60906256552441	119.56004530284997
0.8952685152548722	134.93018527114998	46.46325338926123	101.7550858154417
0.8918451229943803	269.82810468293076	88.84717524545349	201.9602561438768
0.6895348199465263	483.74026214119044	387.36970592967157	447.60130356187085
0.9159054753190531	392.0101572659636	96.88227505680968	281.33720143753084
0.721450248681492	586.685494233141	430.36977608200505	528.067099926465
0.5462390381208226	513.686342455306	494.2207614221531	506.3867495678736
0.9296634503080208	40.868365647977456	11.460071598827913	29.840255379546374
0.6591225815617796	493.1506722403998	418.2300595161779	465.0554424688166
0.5959472432903415	309.5085942117982	291.5407889059513	302.7706672221056
0.9447471126770742	69.36292877903672	13.843660871423324	48.5432033136817
0.6453307403214424	187.05272931038132	171.1133314530619	181.07545511388653
0.9329949678583902	16.843682167927845	5.691394304802962	12.661574219256014
0.8087650731774277	564.2650348547363	302.3037184256342	466.02954119382304
0.7474736308897721	319.5684019782574	226.29373774776147	284.59040289182144
0.8629212823182059	35.79592959693007	19.783323127029746	29.79120217071745
0.9639111798443905	167.75833775163295	19.2330426594376	112.06135209205968
0.9623394097790364	875.1035271836874	89.85306137929524	580.6346025070404
0.8406549898869723	181.9423282374824	90.81188672159574	147.76841266902488
0.8013468990808882	47.28839709607641	34.32331877557097	42.42649272588687
0.8267171280298901	105.36961897879574	60.47709290220082	88.53492170007264
0.5644657160514933	334.28142348229704	322.21059419096133	329.7548624980462
0.9566295621951454	371.48391855280295	47.18539667705923	249.87197284939904
0.7260748242732716	135.69317227935872	109.4628319975495	125.85679467368027
0.797837951861798	257.63659479947734	154.31221413059632	218.88995204864696
0.9528134369974303	17.775472094810368	4.145136986181393	12.664096429074505
0.7064798044270518	590.7826396431637	450.1181651838872	538.0334617209351
0.9534792240284089	536.3092696435697	70.84841983613916	361.7614509657832
0.9481613795878385	190.6279760339042	31.067595622447868	130.79283337960806
0.9561666149493744	253.7227121065294	33.82003080362307	171.25920661793953
0.8067642778562353	295.4666654057794	168.03690559547053	247.6805054769136
0.9472565427318523	216.9499245675425	35.44809556271005	148.88673869073034
0.8286940291935699	338.25545815344014	170.33363301506893	275.28477372655095
0.6536899067486556	263.1145875823364	232.89292757389094	251.78146507916938
0.6454758963550465	405.33666912576484	354.8814535661056	386.41596329089265
0.724076545030091	310.6243217678475	235.62298620428567	282.49882093151183
0.943364748365269	15.091189491853642	4.480308714319859	11.112109200278473
0.9487457661218052	26.84845101369445	6.034706861130383	19.043296956482923
0.6591445520953606	537.4742932276545	453.8778639789613	506.12563225939454
0.8990627328738119	70.14159557209129	25.534228769697823	53.41383302119374
0.9104118356136883	21.185155606956666	8.879028401462921	16.57035790489651
0.8416730174765821	46.36313169952277	27.777768790945654	39.39362060880635
0.7314238038678909	89.73535863534477	74.5127379494362	84.02687587812906
0.5755557598350316	417.57596494353896	395.77169883799394	409.3993651539596
0.7503315885811883	63.26690035351982	52.22547869138014	59.12636723021744
0.8456820513682	194.28907018120262	93.46509497391949	156.48007947847145
0.7951652607625322	192.85807708955838	119.98690288754159	165.5313867638021
0.6522466620383213	471.86722060622833	405.6958947248719	447.0529734007197
0.9694507790775677	26.44905720976591	3.5420729687547254	17.858938119386718
0.8173876201692423	308.1588049244197	165.9173925555299	254.81827528608602
0.9451144668641541	438.5201335848051	69.66471906320717	300.19935313920587
0.7246485168885601	314.3458588560315	237.88958107063436	285.6747546865076
0.8537521726456824	689.7861455988725	282.61640508816754	537.0974929073582
0.9928596827982327	12.010630153176033	0.485657953337979	7.6887655782367625
0.6469297128859958	227.5836672069918	205.20664227717745	219.19228285831142
0.7371242498285121	73.0721678204803	61.301323242531026	68.65810110374933
0.7624761557159413	248.62945045424323	171.0522670126465	219.53800666364444
0.9475320044047836	165.81641871137896	27.79350496945864	114.05782605815884
0.8830928251053088	166.11699777463463	62.1965043598325	127.14681274408382
0.6211059684072808	301.0099377794927	276.39092599103094	291.7778083588195
0.6755794881911571	379.251429602521	316.6388804819525	355.7717236823078
0.8733947027212025	134.69859384680723	55.870142865927804	105.13792472897744
0.9087058996388961	516.4686600688339	135.43097751677283	373.579529111811
0.824236029804193	316.9247976595882	164.36686777513856	259.71557395291956
0.8468819694435898	65.62842622965476	35.972439047079426	54.50743103618902
0.9423201357274923	144.39201359360715	27.09487919976457	100.40558819591618
0.9471719852566342	48.54033799271802	9.865763455306993	34.03737254118889
0.7044540758662936	125.57878659591427	107.17675568163898	118.67802500306104
0.6283806609230179	321.0188971376824	291.208967339105	309.8401734632159
0.9362247884469178	269.44530179788603	52.166167304205004	187.96562636275564
0.7631106169648888	498.09196233906005	324.7014379566042	433.0705156956391
0.9349424047663681	585.4354456002266	107.85583683450668	406.3430923130816
0.7715559104000853	84.77830713540345	63.06521204769984	76.6358964775146
0.8998011336978666	20.068499586005228	9.54414455021504	16.12186644758391
0.8435814078449406	365.18276313111176	167.69184610742522	291.1236692472293
0.7160683764931516	119.35705713165645	99.79670658939254	112.02192567830748
0.6865982021787747	329.9614543382878	271.8557422133872	308.17181229145007
0.7687240522957146	87.52501603962027	65.46771628927844	79.25352863324208
0.7409386650226911	79.34380852217205	65.22895273994769	74.05073760383792
0.8167384765055279	452.35193348063996	236.85327218053493	371.5399354931006
0.9105018445130033	287.90789597618607	77.97035123284618	209.1813166974336
0.7472482961660549	223.82626579591482	163.08183913559805	201.04710579829603
0.9461534166867634	84.03728692231132	15.85152348321521	58.467625632650275
0.7725667793907863	247.06636851382066	164.16703433778994	215.97911819780913
0.8371308289845604	411.1177302420391	194.26360695634014	329.797434009902
0.5723632497052011	456.0632108355343	432.0290949149975	447.050417365333
0.9208577702514262	545.6052108946099	123.33571116296693	387.2541484952438
0.8728914687701804	350.8794867432416	132.26444216522137	268.898845026484
0.9248617439854089	194.4078332083502	45.99551049379377	138.75321219039154
0.9293707041860552	87.07813300290154	21.47838967882369	62.478229256372344
0.9033341635049238	56.08384806546958	20.312361415929175	42.66954057189193
0.9231145499326341	74.31190006163571	20.45025997431493	54.11378502889042
0.8782084252063324	94.44022602458415	39.51310671922081	73.8425562850729
0.9669647257991731	105.56696422454243	11.75400200115265	70.38710339077126
0.8247950857715588	65.2183637020636	40.38693063756348	55.906576302876054
0.8074748153745208	189.46996744386723	111.88217465635104	160.37454514854866
0.8382387747952026	626.021439824528	284.6278908627782	497.9988589638718
0.8372541047370954	83.5228008670064	46.71123663586468	69.71846428032825
0.8080110500507236	101.63466503052565	64.12437508871999	87.56830630234853
0.5205554377537909	503.36890601161025	491.8261652931498	499.0403782421876
0.718474748456654	202.53714375597087	160.8639672455093	186.90970256454779
0.8567265056307606	208.7769348818337	92.88993866620366	165.31931130097243
0.7525061480821892	518.5497588285697	349.46752646968787	455.143921693989
0.8759396792056432	50.8223727188206	23.87288112725749	40.716313371984434
0.7493265983907998	206.70947613129943	150.6606289381254	185.69115843385916
0.7724963030190724	86.71318704443856	64.11939928742687	78.24051663555917
0.7597955559145666	632.5650564676696	410.75122766768686	549.3848706676761
0.8433328176665871	29.404952051750602	19.198842483525407	25.577660963666155
0.7756175019310544	228.03355468980286	150.89004706501308	199.10473933050667
0.9473912823939169	117.04142116144774	20.567258732123832	80.86361025045127
0.9580703220165748	226.11704229869184	29.163598415217606	152.259500842389
0.8466831222964133	133.97772998357337	66.74462559919306	108.76531583943076
0.9294031210974557	44.726498052679844	12.362438196486874	32.58997560660748
0.571304345359111	382.1899760652839	364.66343156074004	375.61752187607993
0.9380229015016912	18.12118270115237	5.524359099514319	13.397373850538102
0.9467461897171932	204.34752250506403	33.95089091842884	140.44878566007586
0.9501092304757681	435.35733915415415	62.83051183086252	295.65977890791976
0.58072630023119	390.67662585428303	369.56323952283987	382.75910597999183
0.6263833581829588	219.69970463171865	203.84587688822347	213.75451922790796
0.7999810050003408	528.1060580953331	296.08381705281477	441.09771770438874
0.8555328978388559	266.05470842376866	116.5014926021456	209.97225249066003
0.8622901004356626	736.7645066493357	283.34257562839025	566.7312825164811
0.7345699993862799	89.38366780412136	73.66726764136783	83.49001774308879
0.871942740923323	618.153926987155	224.15044848094664	470.4026225473269
0.9009126179200204	50.28349256917256	19.031132657283756	38.563857602214256
0.554490089882168	395.6424835013255	381.7019707388946	390.4147912154139
0.839212789182675	145.42995397705343	75.01900095459106	119.02584659363004
0.6626821659975162	568.1436188073742	475.520992263163	533.410133853295
0.9067312913415065	105.46610992899348	33.428741688414064	78.4520968387762
0.7807103263826379	123.96059639787002	85.41981545585482	109.50780354461432
0.868089964720491	27.237128910168146	15.474726607127616	22.826228046527945
0.6709574050259866	248.41051431053498	214.5319414843465	235.7060495007143
0.8710210284028688	51.340906836727676	24.979392427100144	41.45533893311735
0.8873581888549288	62.00059014926269	25.64006102868947	48.36539172904774
0.9058974110251828	715.7723448961866	188.70358887610973	518.1215613886578
0.5960178788897675	410.76192854517166	382.3003011608817	400.0888182760629
0.7291870214280266	169.19222262472414	132.76872700472114	155.53341176722301
0.8911632231258918	97.81346132066483	36.493912987158815	74.81863069560006
0.8186259357549966	125.13087021949278	73.26989765790708	105.68300550889815
0.9690081298330504	31.98182544475734	4.14655622032023	21.543599485593422
0.5765047732276826	315.7490612826446	302.2589619954709	310.6902740499545
0.9818297022246883	27.27534801582634	2.1464324251473954	17.852004669321737
0.824783268250954	51.69350994300285	33.2327546678347	44.77072671481479
0.7291337208420481	451.1492925091602	329.268365035731	405.4439447066243
0.7341296955443776	77.22919024402928	64.8331589407904	72.5806785053147
0.8013986276694617	85.9976149157775	57.04205677080857	75.13928061141415
0.8568218751082601	570.9845082437241	232.38017486478753	444.0078832266229
0.91403962855028	123.40511842029593	35.30269754640034	90.3667105925851
0.8651717859436069	36.80526887921604	19.91235639379378	30.470426697182692
0.8478382066854302	111.71222869548559	56.50259011427097	91.00861422753012
0.9952252170485961	65.84574133812379	1.1277619574879552	41.57649907038535
0.8532925573724601	342.0255281312562	148.56644321088822	269.4783712861182
0.9278352890791289	136.09495672364346	32.25693419696843	97.15569827614033
0.7896004750949499	67.44475389092946	48.485734782905524	60.335121725420485
0.6078573298730765	306.3711315986845	285.2828398725084	298.46302220136846
0.8887017553815769	47.75683199353591	20.44044267435194	37.51318599884193
0.678321236888009	198.60810172183403	171.86250406151134	188.57850259921304
0.9172392655187478	17.869145209474837	7.306607825368113	13.908193690434818
0.7479991238246497	456.6781951485783	314.87594861401965	403.50235269811884
0.7966668014847977	201.26377203569757	123.91902674241014	172.25949255071478
0.6256287100426362	413.9223067527419	372.26062136511854	398.29917473238316
0.9340894174464134	599.9587832420941	111.76714151832928	416.8869175956823
0.7788972589512526	64.35008837210486	48.43320838046067	58.38125837523829
0.9682708445670994	23.033262495044553	3.3266202299277445	15.64327164562575
0.6656632004311214	178.74588474088145	159.18572814922746	171.4108260190112
0.9806588493505483	15.538481404804237	1.5442016855163336	10.290626510071274
0.611751652326344	465.40617678077683	423.61226914510803	449.73346141740103
0.8731302168136639	41.604454379981284	20.73127046422232	33.77701041157167
0.8597886820112954	33.72409072509227	19.28033496228625	28.307682314040015
0.9102844551340792	72.16951456854548	23.275107013587693	53.83411173543631
0.8264656199283944	209.06978276610323	111.34110879750254	172.421530027878
0.986948767632344	131.8301239917203	5.588423191502123	84.48948619163849
0.8455636052845662	382.1387669253976	172.69061042001078	303.5957082358775
0.7703881220353528	133.45764055492313	94.67350139102098	118.91358836845983
0.790850983638755	361.15111225037805	216.67487101027376	306.9725217853389
0.8148621695516922	102.56211057300536	62.631715839996836	87.58821254812716
0.6423247433332261	521.8294270957422	453.53137475739555	496.21765746886217
0.8859218396983183	71.01531163317506	29.085146696888266	55.291499782067504
0.7758286259187214	133.92263824272678	93.1718128592427	118.64107872392024
0.654393178720801	447.91317606087733	384.7605871621665	424.23095522386075
0.6374677291903439	203.1165017990814	186.7732720369516	196.98779063828272
0.7950008180497173	626.5535009879729	354.8858771523763	524.6781420496243
0.9980121611591047	494.7923998222704	2.754822036513076	310.27830815261143
0.859386852492626	111.23633823645503	52.2602024126607	89.12028730253215
0.7736489513955309	203.8238556031264	137.1937573582298	178.83756876129016
0.9280781414702615	400.5537079314982	84.38960689396293	281.99217004242246
0.7711562044401665	112.14638637963053	80.83588469620152	100.40494824834465
0.5582493100637231	336.17602907795606	325.3804925668179	332.1277028862793
0.87257296381581	55.76354000939741	26.435447511523286	44.765505322694615
0.5577431368178503	380.7801184822157	367.02852862655834	375.62327228634416
0.8700079019939833	179.00350505048522	73.70267235384495	139.51569278924512
0.7742848267365069	52.495545760021145	41.40632095704436	48.33708645890485
0.9013661993696294	142.89792698841163	46.03765262570644	106.57532410239719
0.8755868478560087	46.32687282753541	22.195217051329497	37.27750191145819
0.9845637128766257	116.48356345689001	5.935239261731482	75.02794188370557
0.8766854208790614	134.27468926561545	54.30990313823666	104.28789446784839
0.6694268684957545	208.9777641932387	183.00057378398637	199.23631778976906
0.9016164558130002	129.66100523953918	42.173100153058456	96.85304083210892
0.8772009593053182	35.49085573158977	17.71876588766402	28.826322040117613
0.7616964377456233	195.69584953560343	137.7866097799623	173.979884627238
0.562686579339652	479.4283128819251	456.88982545970055	470.9763800985909
0.9590246727911491	26.886815698543632	4.821425303907812	18.6122943005552
0.713197339640677	545.5035270795502	410.5780165532866	494.90646063220134
0.9266232000649631	212.57421479436312	48.62085399570532	151.09170449486643
0.8587201306017181	335.9024836324591	140.91314322345124	262.78148097908115
0.8785133872296934	571.2975204860048	197.77650409569955	431.22713933964036
0.8271193725854411	310.77355745455674	158.99032754169633	253.85484623723409
0.9366601688726736	38.0718281313419	9.756067628196417	27.453417942662348
0.9668177182841591	46.67165602272071	5.977785163088715	31.41145445035871
0.7614006033041499	621.7558810748453	401.9061177220145	539.3122198175338
0.6412938470728937	335.58135807454136	298.4858451486887	321.67054072734663
0.8143367248368314	44.563279504123386	30.904623956746335	39.441283673856994
0.7630432064379467	213.26909832268743	148.36724240898755	188.93090235504997
0.8552175707893787	75.49707427027086	38.46441786529152	61.609828118403605
0.8443470086540257	89.62986398037167	47.65945233836784	73.89095961462023
0.6856215430566789	293.6962133554871	244.21452357399264	275.1405796874267
0.9905328320357312	113.33139483680503	3.546618056099895	72.1621035440406
0.8004839373962693	637.2073557251388	351.81224719577364	530.1841900266269
0.7496473304596489	72.0015308109488	58.51136592102938	66.942718977229
0.8280716231391312	187.1190410688223	99.91864264629784	154.4188916603756
0.7632990818311916	67.70274713689153	53.27107155137149	62.29086879232152
0.7740155761603188	328.4245482215934	212.1088642772599	284.80616674246835
0.6544570402508504	552.3603353469385	469.58496390981674	521.3195710580179
0.9641409411463159	197.16796663475807	22.037996972371758	131.4942280113632
0.9828510077134178	74.96268359810091	4.53438204314412	48.55207051499211
0.5936072016949527	294.31401253137426	278.45804224302935	288.3680236732449
0.9529004285236905	182.26017242250393	27.090503638827926	124.07154662862543
0.8745188312903788	60.965103691712585	28.056302172125665	48.62430312186749
0.9236555876129383	77.96398397947694	21.142410530324696	56.65589393604485
0.5836614438988869	341.58025801796754	324.00742587194344	334.9904459632085
0.9626646842859117	25.052981054899664	4.166420495727717	17.220520845210185
0.7650689423812792	58.564964506656494	46.79148071724482	54.14990808562712
0.7531694027100913	60.039914827113655	49.536000905296696	56.100947106432294
0.7835633663286078	236.8429843129731	151.55593300048224	204.86034007078902
0.6852748478694652	167.3353028382022	144.78529402199388	158.8790495321241
0.8753792032727586	65.87620247016125	29.737158167022052	52.324060856484046
0.5177188950227601	503.8018943037483	492.93427641259257	499.7265375945649
0.9124771381577848	83.08639655182931	25.580420039436873	61.52165535968214
0.7119784328304517	200.89593088536733	162.1440638584879	186.36398075028754
0.8627392161730875	119.02840757105199	54.18725518565673	94.71297542652877
0.7046540204888126	113.13520608168167	97.45529458593077	107.25523927077509
0.7144019851668361	293.0982516953695	228.77060936411968	268.97538582115084
0.7138517339455869	81.16673544655512	71.01807723324498	77.36098861656382
0.8827001044426661	207.1472280578749	75.94173782061299	157.9451692189017
0.5863080884922192	421.74358990413054	395.8087294257334	412.01801722473164
0.9568089874609466	721.1234670150911	86.31109129830543	483.0688261212965
0.7951372717474514	88.5420589641914	60.04114391653655	77.85421582132084
0.9621308111119329	26.822636030617186	4.445134100828188	18.43107280694631
0.8326817008756986	82.63433594381596	47.45770848578618	69.44310064705479
0.9094033594845697	59.619494896920145	20.037833697092754	44.776371946984874
0.7753128329564085	62.966767670603055	48.13343359674706	57.40426739290706
0.7026261304503594	466.4300548364071	363.523452635296	427.84007901099045
0.871697060222759	107.96243724988344	46.64761341997499	84.96937831366776
0.9464734488525465	296.47459928193945	47.618534083000156	203.1535748323372
0.8799950325820017	633.7192661690212	215.09814906564642	476.7363472552557
0.7380255621415499	120.23423382103742	95.14953223840466	110.82747072755014
0.8282491420985981	76.55764895961342	45.49446248802285	64.90895403276696
0.9700535844317376	196.14338474879625	18.277774712265625	129.44378098509728
0.9091385390450915	32.929457916986976	12.480849109306714	25.261229614106874
0.8884338335404468	471.0961194205564	152.21265121301698	351.51481884272914
0.769314701757361	68.42214989112695	52.73612322802435	62.53988989246347
0.7285723632098579	73.08090173826238	62.62655569416788	69.16052197172695
0.6252625380406358	429.958425212599	386.20189896639346	413.5497278702719
0.971743653896269	256.95701165301034	21.93135553559071	168.82239060897797
0.9645819323473249	100.15872845449425	12.055914949619059	67.12017339016606
0.717740710648139	96.4039355450962	82.04402999001064	91.01897096193912
0.8933844181067643	327.1355805651349	104.25210827484516	243.55427845627625
0.829365346739673	38.28464752951479	25.427376961263572	33.463171066420585
0.7249102962594587	208.03151905523663	162.252119387008	190.8642441796509
0.9053401909062623	83.66426248645854	27.818981369460648	62.72228206758433
0.7360037921895387	181.8056344209788	139.2300705691862	165.83979797655658
0.9016307498509839	38.35058795918853	15.199630056124484	29.668978745539512
0.8315080664963064	57.77732148501768	35.23230960330257	49.32294202937451
0.8807168649685614	89.2891164430863	36.901797873190105	69.64387197937522
0.9148416932287	307.56841963025266	78.71426708989117	221.74811242761712
0.602355089837824	225.07620823014497	213.96133173678032	220.90812954513322
0.6236773516797735	192.5192244394307	180.57419983799045	188.0398402138906
0.5831705201175189	316.53236284191973	301.31840830250223	310.8271298896382
0.8866910712942818	146.47230448410923	53.96148886366242	111.78074862644168
0.6742413265242095	222.60494136571074	192.5122432684744	211.3201795792471
0.8229433304503831	119.61971189523996	68.92019684849501	100.6073937527106
0.9080656677237046	48.14312915373109	17.061652347051414	36.48757535122621
0.7172537085915639	320.742629196259	247.04802052228072	293.1071509435171
0.9176885606132769	37.404425154572685	12.4994385024687	28.06505516003369
0.701924422816796	90.32134473861859	80.03854854079827	86.46529616443597
0.5641859169036253	328.7841683331707	317.17731884726123	324.4315997759547
0.9635325716130356	28.441558040283468	4.470260101278447	19.452321313156585
0.6158958737982179	198.8430897151631	187.74137813132182	194.67994787122262
0.7387742723030328	68.70324289641634	57.85465488995901	64.63502239399484
0.9571633346613835	363.6155235035552	45.700974048193984	244.39756745779476
0.7095691336573645	99.24283581645699	85.72053173694044	94.17197178663828
0.8556874586336097	99.50023727402434	48.61458549838726	80.41811785816043
0.6145500826547075	405.94087409457865	370.43936824824783	392.6278094022046
0.566037186741987	329.3002555292109	317.2312343636243	324.7743725921159
0.8199604372508426	147.00845085228391	83.97820088434733	123.3721071143077
0.9481239814193237	33.28458920869244	7.188055356090665	23.498389013966772
0.9318551332540842	267.32695487724766	55.392415911110064	187.85150276494605
0.9108984023858362	685.1949364922583	171.53552363983658	492.57265667260015
0.920775032235307	524.7501990021653	119.1387194001939	372.6458941514261
0.7890716954245738	318.57462329023906	194.48602349518185	272.0413983670926
0.8280036683289976	263.5400202971358	136.17358019941682	215.7776052604912
0.9655036067066156	54.966039061406654	7.098058054571958	37.01554618384364
0.7371470598650091	126.87150064410646	100.10747676563194	116.83499168967852
0.8188185742127425	77.59080153978624	48.23971490673752	66.58414405239297
0.9829293366328773	272.12382180804696	13.903543993400689	175.29121762755463
0.8040464246012031	424.5125844114889	237.41406643017095	354.35064016849464
0.7611253803594682	63.46066648791515	50.72799767112144	58.68591568161751
0.8109810857638283	50.74667376242411	34.91932450318521	44.81141779020952
0.9285241000882553	50.428143113719614	13.789060123074382	36.68848699222765
0.6828088732591454	182.90002437821494	157.91603010845597	173.53102652705533
0.8820022417969959	68.59194168530092	29.18749337070548	53.81527356732764
0.8003529372872149	43.18805860693514	31.995582573098982	38.99088009424658
0.6452341094042392	362.3822045065791	319.1976446908467	346.18799457567945
0.9704191195863221	35.90499360774193	4.325251468344593	24.062590305467925
0.8709149247611047	87.93574299824695	39.30465700905155	69.69908575229867
0.9617043178315766	91.78369314764862	12.10810892526586	61.90534906425508
0.7687185412758128	63.35316458839778	49.45792676150901	58.14245040331449
0.9593547552780891	27.790759480651076	4.90147132310485	19.20727642157124
0.6316907218089117	229.248835700337	210.83540631201862	222.34379967971762
0.988301030289486	24.864887800543897	1.2876680698345275	16.023430401527882
0.8006624808714488	85.40531154526022	56.87684790792897	74.707137681261
0.6625684648031869	129.25051584587706	118.5189032935078	125.22616113873859
0.6686564637226343	231.8499610655764	201.90682666476937	220.62128566527375
0.7098591241310968	110.44755370316267	94.32208456315965	104.40050277566154
0.7711321033391428	62.27524864019122	48.353998788631344	57.05477994585627
0.9687062081834867	828.8977211396834	70.85384734345183	544.6312684660966
0.7456631753707188	267.00818856588137	192.73389934919192	239.1553301096228
0.7354837060752003	614.0682266160057	431.8231349923284	545.7263172571268
0.6379812208579415	211.2254887840357	193.64090811720803	204.6312710339753
0.6794706960554141	110.62248256772676	100.09566537746389	106.67492612137819
0.7210654336327467	196.91532711346	155.75371510130944	181.47972260890353
0.7980266225851568	79.65736564279132	54.12732034165261	70.0835986548643
0.8169561426450253	181.38508029056536	102.84991064577687	151.93439167376968
0.7478515151803254	89.73594617764198	71.33399088319308	82.83521294222363
0.8081726621033017	73.22794221294299	48.208731481381506	63.845738188607434
0.7805587200985125	154.7401562069805	104.24381021530617	135.80402646010262
0.5834443762102877	528.9839632914151	493.64533119877814	515.7319762566761
0.860473917617308	256.36734536818955	108.9398205450065	201.08202355949592
0.6077943794509258	213.8770496970868	202.78970870647188	209.7192968256062
0.9107467824859994	59.60132208511895	19.738244906991294	44.65266814332108
0.59507399159235	422.9325307071821	393.5429287144922	411.9114299599234
0.8066841168109291	267.33878829815274	153.41050494793728	224.61568204182194
0.7095274270193175	565.0096676798966	428.3307740032999	513.7550825511728
0.7459952876751644	250.05207558206143	181.23973526547968	224.2474479633433
0.948192842284145	219.84009520504333	35.22658357850837	150.61002834509273
0.7265950592419024	297.19629125683065	224.64403773781507	269.9891961871998
0.8265477801609308	123.25609648828834	69.46660462247442	103.08503703860812
0.6638442506867744	260.5949871756103	227.10825118975083	248.037461180913
0.814756573341841	108.00837272161456	65.57377182606689	92.09539738578418
0.7999118704747893	71.40585065564574	48.87391530049216	62.95637489746314
0.7830575559618402	158.97935618459834	105.80679373670856	139.03964526663967
0.9589011284432699	31.81002493076933	5.49009990760918	21.940053047084273
0.6516813594690457	500.3863695932056	429.3731956280278	473.75642935626394
0.9554103494023474	48.235462302181546	8.273050631121844	33.24955792553416
0.7288443270395087	392.14431645858707	289.045622721189	353.4823063070628
0.855130753323001	43.914357051194685	24.513683116285705	36.63910432560382
0.7212905280955829	336.5514566557906	255.73980879996455	306.2470887098558
0.8828539525865426	112.18573338001721	44.15384006732381	86.6737733877572
0.8067786984487226	87.49970107200299	56.576897744078096	75.90364982403116
0.7078525865935044	170.9743174976708	141.0803004326576	159.76406109829085
0.9903640961486205	19.8593833898418	0.9028159296180753	12.750670592257903
0.6651262921512919	513.0769163181843	429.69891490108967	481.81016578677384
0.6715156341416725	333.4622329333287	282.5995662378364	314.3887329225191
0.9021077064771436	658.1463980172347	181.68809944601207	479.4745360530262
0.9114393779862373	81.55920576184238	25.47819892624711	60.52882819849415
0.6022540420151713	485.97177397102183	446.3332335652853	471.1073213188706
0.9319302311933256	22.879144017930454	7.137926049530531	16.976187279780483
0.8031215159209614	39.89504731397017	29.668339911504233	36.06003203804544
0.9816866268960862	63.895148972432644	4.242188596592165	41.52528883149246
0.9359470743080188	507.02057326460795	93.076684882661	351.79161512137784
0.8614607960265285	67.65144191554108	33.628445187852456	54.89281814265785
0.8745189381974204	44.1376584649624	21.51576937080182	35.65445005465218
0.7645107590935671	75.82491572219911	58.543293078497044	69.34430723081083
0.6387213666487821	225.6398693030598	205.84783821028975	218.21785764327103
0.8608080434754902	74.52247664174075	36.66196934929399	60.32478640707321
0.9167566526571796	357.0006816471459	88.06085768858435	256.1482476626853
0.6801606423501659	373.05502820107296	309.03423785959836	349.04723182302
0.9325192346569827	71.94857301629234	17.461668158190566	51.51598369450417
0.8705062617236161	30.708281341769233	16.6532754439142	25.437654130073597
0.927497116130756	125.39567184614755	30.175418431502933	89.68807681565582
0.6946293322521507	564.2969689876495	443.1121327334575	518.8526553923275
0.8609220825323709	346.829948919205	142.90231453693414	270.3570860258534
0.8607568648060059	67.30621101507245	33.64354507606016	54.682711287942844
0.8971883490433632	270.6898840162811	84.72361970858904	200.95253490089655
0.9193542591614651	18.43077624583407	7.269912838428723	14.245452468057065
0.924738925385733	34.093266868874814	10.636242704543372	25.296882807250523
0.8405249715224671	386.0283824729838	179.71760891344468	308.66184238815663
0.8586008239841589	179.3960317226362	80.0862904839457	142.15487875812727
0.7642702340230747	459.9275136061612	300.20665110055	400.03219016655703
0.9179708152609188	515.6169850347128	121.42334399738303	367.79436964571414
0.832176702460436	58.27945979193267	35.36367581352341	49.6860408000292
0.8020669521083076	277.1551688459351	161.90481004737921	233.93628429647666
0.6963775703975217	508.90848181501826	400.31325094333226	468.185270238136
0.6572648081280922	575.1513360376356	485.7014154678742	541.607615823975
0.9729231527978179	612.0698296580902	46.27758473179955	399.89773781073114
0.8791514106526326	349.2205997581085	125.29590914588803	265.2488407785258
0.7799270031789112	136.3064454465388	93.25440394304073	120.16192988272701
0.7267968312326248	209.587135716655	162.57697925905816	191.9583270450562
0.9441733879449342	21.60104058293615	5.615616940683612	15.606506717091449
0.9646323315183971	17.376577753705234	3.0526303266790187	12.005097468570403
0.8509439715019615	44.745284483274574	25.548971089973104	37.546666960786524
0.6486406983756963	218.37943738611642	196.92385938743234	210.33359563660989
0.7741489793993129	74.94263070364003	56.142928210516594	67.89274226871873
0.9033958979435781	66.46511854669313	23.37598175243774	50.30669224884736
0.9375733078544881	44.2571640712522	10.835115389087598	31.72389581544047
0.9776386978890219	65.87298518675871	5.3221508245537485	43.16642230093185
0.6453131431202072	247.29580930866757	222.3991219266042	237.95955154039382
0.8913453198556579	134.09567072056473	47.921811354610824	101.78047345833201
0.7154297202934656	286.88903070962283	223.69800624180453	263.19239653419095
0.7897533210661394	66.4272286120419	47.83086781605911	59.45359331354835
0.8599925760460522	94.49497865375866	45.18307005666219	76.00301292984749
0.6935934727874284	102.01499496036674	90.71480132650966	97.77742234767032
0.9818520356748544	17.724406283105523	1.578650185628348	11.669747746551582
0.7898345751304352	349.5958565784665	211.1655321826311	297.6844849300282
0.7070800096897757	117.6782472876689	100.48248323523889	111.22983576800765
0.6729276061523832	306.4933868458639	260.3669248146246	289.1959635841492
0.7210911386209865	276.00530415571836	212.77826401610412	252.29516410336302
0.7916834375965028	167.21747086480124	107.03046689703118	144.64734437688747
0.7785138129618596	222.30949122472765	145.84868359340788	193.63668836298274
0.7742333349707279	50.04121889362453	39.791557298144724	46.19759579531961
0.8592137732055192	31.29417887518741	18.265045790248816	26.408253968335437
0.8680092401468682	37.02456313615776	19.611653903381168	30.49472217386654
0.6745606435573402	248.387388963887	213.15637955177627	235.17576043434548
0.8372251940675278	462.47764123709084	216.36870087297854	370.1867886005487
0.7576877821449505	545.5688926196221	360.1701579916783	476.04436713414316
0.8440232077790619	52.358170222527434	30.287874840387644	44.08180945422501
0.8126265764607622	60.045262694452376	39.9073706061578	52.49355316134191
0.8203210963783595	96.08978147906637	57.62911333733629	81.66703092591759
0.7587509714447181	325.76652730050006	222.15223949667703	286.91116937406645
0.9909335256022832	39.66108630703278	1.4217238976596747	25.321325403517868
0.5724300513093561	345.2367744279002	330.3784060926248	339.6648863021719
0.7560952463066554	58.27303040069278	47.88251632599957	54.37658762268283
0.5561852593166706	510.29245545438533	487.6868548481721	501.81535522705536
0.5809198598417178	269.0828807066236	258.4304175012143	265.0882070045951
0.9727411593768756	60.94024834063325	6.091490421980197	40.371964121138355
0.7767748184374135	581.0475254115629	356.4642618316243	496.82880156908595
0.77683872894792	112.89903447136582	79.71845690010672	100.45631788214367
0.7094672701020399	184.29099745518747	150.61160118030656	171.66122385210713
0.5970324194376339	450.38231082920635	417.2042852411591	437.9405512336886
0.7098971871115967	143.39904012261272	119.54616808664818	134.45421310912602
0.7414952103729985	172.80268049151823	130.9039920357818	157.09067232061707
0.667308169258727	120.56340337580119	110.40612353088957	116.75442343395933
0.8114048035472566	244.64387383279978	138.43196017092288	204.81440620959594
0.916941452954813	339.41409342402164	83.92457994428548	243.60552586912058
0.8488392336128671	62.354168624327535	34.05068975884301	51.74036404977084
0.6368357733907544	310.48514926435047	279.00535476485646	298.6802263270402
0.7339997696362845	219.2028255767388	166.20266624293725	199.32776582656322
0.765794445365322	218.54770791992564	150.30691597456956	192.9574109404171
0.8427241002990248	30.140621392617014	19.630585111177204	26.199357787077087
0.7163839579298275	205.94272502750962	164.1843800839948	190.28334567369157