0.6559593476677053	591.3544738515717	524.7475347920571	566.3768717042537
0.8463242578033005	163.497532627174	90.4479078776285	136.10392334609443
0.8603867480074537	117.65604856162707	63.376555456939	97.30123864736905
0.6721643706695236	712.2023957906317	607.369986684213	672.8902423757247
0.9490855019776656	1545.3959265720755	218.957056429496	1047.9813502686084
0.8811083900460667	514.3148930615985	190.0001039322304	392.6968471380854
0.644706911208717	1695.285625526888	1445.4283759782602	1601.5891569461526
0.613807683989784	940.7615666341857	861.0802447582549	910.8810709307116
0.8948665320560731	441.60736139899325	147.01216229766953	331.1341617359968
0.6859496614217415	532.9798965424235	452.076436279157	502.6410989436986
0.9231305931833783	95.96981983488044	30.222554217951597	71.31459522853213
0.930582829816538	424.50678088265784	93.63020613564629	300.4280653525285
0.9673706910902348	62.85651490817996	9.376629215824575	42.80155777354669
0.9455012775124544	662.5918153923207	108.75055989373391	454.9013445803506
0.7786544631894091	231.20158932021408	166.5211235988232	206.9464146746925
0.7339548360316266	318.36814653944634	253.5736279995906	294.07020208700044
0.9903365321610462	48.65416678274098	2.3263423532456287	31.281232621680225
0.7940656690180641	320.2707430936696	208.55774581689673	278.3783691148798
0.9448122216565492	1847.7223203663675	280.3055774973676	1259.9410417904926
0.7867067906686556	584.4139107665866	368.0532502208274	503.27866306192686
0.7870260790651625	344.76174892051074	228.97299532762136	301.3409663231772
0.9581787914245803	240.6746034186151	34.39275283960745	163.31890945148723
0.8572527668782214	1297.3431004382342	525.6671880491775	1007.9646332923378
0.5818086268633124	1118.1251350123603	1050.4475336219289	1092.7460344909484
0.8502163150249621	251.56513724407498	127.01929241998769	204.86044543504224
0.6650367184570356	926.3248702109986	787.1803238185773	874.1456653138406
0.9953191352618534	191.87794510148842	3.142045244525093	121.10198265512717
0.9763394932633137	2202.137338463327	139.8403980851997	1428.775985821529
0.9528673188321063	138.22106428713522	24.57161706536816	95.60252157897256
0.8112240897123026	1616.912171916717	841.0331623956953	1325.957543346334
0.7241573831546797	963.4011350601822	716.6523475391978	870.8703397398131
0.9428344750643319	1428.132681665407	229.1230588023559	978.5040730917628
0.8623835054469176	170.4118847100204	84.4236894574127	138.16631149029251
0.6859683724380095	617.993547936148	518.4286049165265	580.65669430379
0.7803409106321803	1881.9834692135616	1111.5472733374374	1593.069895760015
0.6878867723914469	476.23427788868634	405.9896255121104	449.8925332474704
0.706648516304675	880.6823823970882	689.0200986937733	808.8090260083451
0.7868100530146314	1591.6055242771574	925.3884260647299	1341.7741124474971
0.600698594510643	1176.675053729911	1082.175626220646	1141.2377684139367
0.8789717155856087	161.62376630454094	71.46405475959634	127.81387447518671
0.6838876128448481	340.1607220113764	300.92462748478727	325.44718656390546
0.9532298105901952	104.05734520105263	19.505807540586403	72.35051857837779
0.9031677293477761	483.12881127166935	146.63820588098082	356.94483425016114
0.9765463052054535	43.94473347698166	5.336614414993505	29.466688828736103
0.7127655069247488	396.43797196482524	325.6242835689633	369.882838816377
0.8952685152548722	423.20218797765057	141.06387191618222	317.4003194545999
0.8918451229943803	828.4006335873644	265.3792471686329	617.2676136803401
0.6895348199465263	1452.4908610443624	1146.1076707661803	1337.597164690044
0.9159054753190531	1191.6595245555766	286.90446618876086	852.3763776680206
0.721450248681492	1756.543402245043	1267.8804228823521	1573.2947849840339
0.5462390381208226	1532.2920299652583	1465.5127334641807	1507.2497937773542
0.9296634503080208	134.5229853229784	35.99698032547475	97.57573344891452
0.6591225815617796	1478.4059195603893	1237.9121444160357	1388.2207538812568
0.5959472432903415	935.3401535838831	873.3849468001475	912.1069510399823
0.9447471126770742	223.22483051884728	42.78460646074426	155.55974649705865
0.6453307403214424	573.8378911152131	518.4361774671088	553.062248497174
0.9329949678583902	58.22819376779751	18.40007418213466	43.29264892317394
0.8087650731774277	1695.6677413283903	889.6480277921207	1393.410348752289
0.7474736308897721	971.8184525691826	674.9284729155801	860.4847101990816
0.8629212823182059	118.13260143227048	62.49394525226036	97.26810536476668
0.9639111798443905	523.10561314504	58.04609717863508	348.70829465763813
0.9623394097790364	2610.366169562215	262.3214197354014	1729.8493883771598
0.8406549898869723	564.2610516658165	273.95099818377014	455.3947816100491
0.8013468990808882	153.42880135766848	107.68500453667849	136.27487754979722
0.8267171280298901	332.3824460172804	185.09025734584674	277.14787526549276
0.5644657160514933	1007.0270979711917	964.1989024407607	990.96652464728
0.9566295621951454	1131.665464294846	139.91436640193268	759.7588025850035
0.7260748242732716	422.06110329429185	333.6367954534299	388.90198785396865
0.797837951861798	789.662008400594	461.99650690077686	666.7874453381626
0.9528134369974303	61.28426493952729	13.375381921025085	43.31843380758896
0.7064798044270518	1767.490149134649	1326.26721443849	1602.0315486235895
0.9534792240284089	1618.1289848152821	208.46030395765138	1089.5032294936707
0.9481613795878385	591.9436598863327	93.46027924846587	405.0123921471327
0.9561666149493744	781.1164171272267	101.07450301316533	526.1006993344537
0.8067642778562353	902.5171375920468	501.3961645351467	752.0967726957092
0.9472565427318523	670.994290323658	106.40118971772893	459.2718775964346
0.8286940291935699	1030.2378442813729	506.5162574787593	833.8422492303928
0.6536899067486556	800.3458758987208	699.2419197734	762.4318923517255
0.6454758963550465	1219.941207008765	1055.264229099841	1158.1873402929186
0.724076545030091	944.3126719687422	703.5697976186476	854.0340940874567
0.943364748365269	52.58865665046321	14.531179773296909	38.31710282152585
0.9487457661218052	90.32038436657353	19.210942842255328	63.6543437949542
0.6591445520953606	1608.4060404352083	1341.200397444319	1508.2039243136248
0.8990627328738119	225.32701057166202	78.92662783052003	170.42686704373378
0.9104118356136883	72.1004301871771	28.50457963668016	55.75198623074075
0.8416730174765821	151.01684799789734	87.07046139757678	127.03695302277714
0.7314238038678909	282.8683654132587	229.7887948689375	262.9635264591382
0.5755557598350316	1252.0288015007397	1177.742101578723	1224.1712890299834
0.7503315885811883	202.10948863795232	162.64381816778712	187.30986221164036
0.8456820513682	601.4211711707961	281.39821785217885	481.4125636763146
0.7951652607625322	595.8909995360814	361.72396112404687	508.0783601315684
0.6522466620383213	1415.479141056779	1201.9919741900303	1335.4214534817484
0.9694507790775677	89.09611742636226	11.27740159502045	59.91409898960908
0.8173876201692423	940.4983884242056	494.4998862623206	773.2489501134987
0.9451144668641541	1329.7184640473638	205.84174401982023	908.2646940370349
0.7246485168885601	955.3823017216948	710.1509990261768	863.4205632108756
0.8537521726456824	2065.9405026782547	828.453779069028	1601.8829813247946
0.9928596827982327	42.63099383209507	1.5850108989081342	27.238750232149968
0.6469297128859958	694.764357861508	618.6422742113159	666.218576492686
0.7371242498285121	232.01515932026422	190.16617549139573	216.32179038443854
0.7624761557159413	761.6337713591789	512.9462762232639	668.3759606832108
0.9475320044047836	517.165518571854	83.93599774809613	354.7044482629448
0.8830928251053088	517.3370563051211	187.85354788704737	393.78074064834345
0.6211059684072808	911.4102427888241	828.1233333728154	880.1776517578209
0.6755794881911571	1144.718181223867	942.2518020928817	1068.7932890497475
0.8733947027212025	422.2402904434957	169.6965063761883	327.53637141825544
0.9087058996388961	1558.8273587901567	398.8981355102102	1123.8539000601768
0.824236029804193	966.7451732899724	489.4634022767748	787.7645091600233
0.8468819694435898	210.85580595855382	111.5445050645342	173.61406812329648
0.9423201357274923	452.3552991327181	82.097289116262	313.50854537654703
0.9471719852566342	158.5960408743918	30.810422194255246	110.67643386934058
0.7044540758662936	390.9324259223801	327.57691916918867	367.17411088993333
0.6283806609230179	970.6075397630183	870.8082791071698	933.1828170170751
0.9362247884469178	827.9698589478437	155.77572524280066	575.8970588084526
0.7631106169648888	1498.7118626253068	958.5313261243173	1296.1441614374357
0.9349424047663681	1762.3183596525837	317.021282849974	1220.331955851605
0.7715559104000853	268.4933705486916	194.49897277278183	240.74547138272544
0.8998011336978666	68.47412697461485	30.699772726225447	54.30874413146882
0.8435814078449406	1110.6173508265103	497.8259764639799	880.8205854405614
0.7160683764931516	372.4429378775766	305.35893999070925	347.2864386700013
0.6865982021787747	999.7217941048289	811.2489628761471	929.0444823940732
0.7687240522957146	276.8484008821285	201.75066538811882	248.68675007187485
0.7409386650226911	251.27806081805295	201.79417356868504	232.72160309953998
0.8167384765055279	1367.104519278176	700.2374354398719	1117.029362838812
0.9105018445130033	882.6487976186831	232.42731953590345	638.8157433376408
0.7472482961660549	687.0149628816037	490.34526059096856	613.2638245226156
0.9461534166867634	268.43413595451784	48.72629086572695	186.04369404622125
0.7725667793907863	757.3019267670918	492.2354094249131	657.9019827637748
0.8371308289845604	1246.1585345354724	575.2359153734255	994.5625523497049
0.5723632497052011	1364.838932693467	1283.418693552393	1334.3063430155644
0.9208577702514262	1645.031189372724	362.7833337351217	1164.1882435086231
0.8728914687701804	1068.921760187272	392.7313002021109	815.3503376928367
0.9248617439854089	603.0833520025462	138.36635716996068	428.81447894032664
0.9293707041860552	277.66672379085173	65.9457055897229	198.27134196542843
0.9033341635049238	181.8470258662763	63.19901909876402	137.3540233284592
0.9231145499326341	238.37067808755205	63.08163236008828	172.63728593975316
0.8782084252063324	299.7547650463644	121.15415400833531	232.77953590710348
0.9669647257991731	334.4359586111872	35.89472718587547	222.48299682669528
0.8247950857715588	209.29228421049203	125.3277951100414	177.80560079782305
0.8074748153745208	586.0260521832521	337.305851715069	492.75597700768344
0.8382387747952026	1878.4079046607367	835.7733885508848	1487.4199611195422
0.8372541047370954	265.78175532830994	143.85885416783378	220.06066739313138
0.8080110500507236	320.6650367020318	196.54360774116128	274.11950084170536
0.5205554377537909	1500.9509370460173	1459.846910893641	1485.5369272388762
0.718474748456654	622.4818123955953	485.27113079326443	571.0278067947212
0.8567265056307606	645.1140953251529	279.1569877057352	507.8801799678713
0.7525061480821892	1558.383923498401	1031.1688587301312	1360.6782742102998
0.8759396792056432	165.2566080565178	74.54170180565163	131.23851821244298
0.7493265983907998	636.0026328824831	453.9176369085301	567.7207593922508
0.7724963030190724	274.43492576284643	197.61865771811023	245.62882524607036
0.7597955559145666	1893.2670091790415	1207.5094231559092	1636.1079144203668
0.8433328176665871	97.81367035261897	61.08113638231288	84.03897011375419
0.7756175019310544	700.5007615082952	453.15027505015064	607.744329086491
0.9473912823939169	369.3382623063794	62.63752853814219	254.32548714329045
0.9580703220165748	698.599959074927	87.42710308661634	469.41013807931057
0.8466831222964133	419.64313962516667	202.87645110348964	338.3556314295378
0.9294031210974557	146.60153556001842	38.71260699600552	106.14318734851358
0.571304345359111	1148.4140745036043	1087.8829270054903	1125.7148941918115
0.9380229015016912	62.361540835845915	17.817755083546185	45.65762117873352
0.9467461897171932	633.1543226784065	101.98289726611671	433.9650381487978
0.9501092304757681	1320.3790439863878	185.65052630831872	894.8558498571118
0.58072630023119	1173.6697043439924	1101.599017543784	1146.6431967939143
0.6263833581829588	670.5765881802577	615.4518696006924	649.9048187129207
0.7999810050003408	1588.807937243735	872.4989225467493	1320.1920567323655
0.8555328978388559	816.3071401729118	348.13136263548165	640.7412235963754
0.8622901004356626	2203.7814607894525	829.5200194843708	1688.433420300047
0.7345699993862799	281.8602301643143	227.1804722916595	261.35532096206873
0.871942740923323	1856.3730502583023	657.950192902176	1406.964478749755
0.9009126179200204	163.7800991417099	59.41142085753385	124.64184478514389
0.554490089882168	1186.9805734818358	1138.0632340137647	1168.6365711813091
0.839212789182675	454.1245779368097	227.55116765467687	369.1595490810099
0.6626821659975162	1698.3390262091798	1403.449534536041	1587.7554668317528
0.9067312913415065	333.730024561948	102.13829153966508	246.88312467859194
0.7807103263826379	387.9588688410002	260.5943121610392	340.19716008601483
0.868089964720491	91.14461493641497	49.32319669209164	75.46158309479372
0.6709574050259866	757.4707777805501	644.7924952046534	715.2164218145888
0.8710210284028688	166.82709665536308	77.98482598669051	133.51124515461086
0.8873581888549288	200.05473474904915	79.55165492126525	154.8660798136302
0.9058974110251828	2143.7279285801646	552.4159290232864	1546.9859287463353
0.5960178788897675	1233.1457434453519	1137.623125131121	1197.3247615775153
0.7291870214280266	522.924967331066	402.2236423974584	477.6619704809632
0.8911632231258918	310.2179874157956	111.76312463987577	235.79741387482565
0.8186259357549966	392.29675002767374	223.23420556901317	328.898295855676
0.9690081298330504	106.65270757768803	13.119382791914276	71.57771078302288
0.5765047732276826	952.8849637726997	905.4322299988113	935.0901886074915
0.9818297022246883	91.74093017523339	6.8278380888227375	59.898520642829396
0.824783268250954	167.41488849552826	103.87009118051742	143.5855895023992
0.7291337208420481	1359.1071386740412	974.8778964972491	1215.0211728577442
0.7341296955443776	244.67208446941171	200.78301907176856	228.21368494529554
0.8013986276694617	272.7554414725719	175.6653687381134	236.34666419714995
0.8568218751082601	1717.536878367182	683.1985659662747	1329.6600112168417
0.91403962855028	388.4625145957698	107.44108829549981	283.07947973316857
0.8651717859436069	121.32333487607632	62.838175739285404	99.39140019977972
0.8478382066854302	352.04104856715776	172.56267260841025	284.73665758262746
0.9952252170485961	212.478780179156	3.486226272871747	134.1065724642994
0.8532925573724601	1042.116587173433	441.4695393711531	816.873944247578
0.9278352890791289	427.1242047354323	97.89219419609097	303.6622007831793
0.7896004750949499	215.61976325355084	150.4700145573226	191.18860749246525
0.6078573298730765	926.6162261300989	854.6260734139736	899.6199188615519
0.8887017553815769	155.81304692209216	63.93032972283594	121.35702797237109
0.678321236888009	609.3583209055557	519.2926336493633	575.5836881844835
0.9172392655187478	61.48085527224454	23.58155887941903	47.26861912493498
0.7479991238246497	1376.4308508615559	931.7650958308973	1209.681192725059
0.7966668014847977	621.1780601117523	373.207135219628	528.1889632772057
0.6256287100426362	1243.9659892101238	1106.7913810331595	1192.5255111437623
0.9340894174464134	1804.9679502112376	328.4748435774359	1251.283035223562
0.7788972589512526	205.90772663549853	150.5788999152556	185.15941661540742
0.9682708445670994	78.19566403071744	10.64140798766848	52.86281801457408
0.6656632004311214	549.7101998627024	482.6268255121586	524.5539344812485
0.9806588493505483	54.095126973250274	5.003044192838562	35.68559593059588
0.611751652326344	1394.2774155477996	1256.6877511360476	1342.6812913933927
0.8731302168136639	136.45395410104732	65.15380879065499	109.71639960965021
0.8597886820112954	111.58771632369938	61.0355724016362	92.6306623529257
0.9102844551340792	231.67385598776207	71.87097931442698	171.7477772352614
0.8264656199283944	645.356488561223	334.8116143415426	528.9021607288429
0.986948767632344	414.453317078944	16.946988820769803	265.38844398212865
0.8455636052845662	1160.9667003625432	512.2106552752414	917.683183454805
0.7703881220353528	416.38793420854597	288.2575367536863	368.3390351629736
0.790850983638755	1096.7786859136668	643.9992663252114	926.9864035679959
0.8148621695516922	323.62091944450674	191.88525544186083	274.22004544351455
0.6423247433332261	1561.5354304556097	1341.4809918305798	1479.0150159712234
0.8859218396983183	227.9128474240159	89.89550981849791	176.15634582194664
0.7758286259187214	417.9302265499838	283.6161519904757	367.5624485901683
0.654393178720801	1345.1396785666634	1140.998638806891	1268.5867886567487
0.6374677291903439	621.4602168154693	564.7519123173129	600.1946026286606
0.7950008180497173	1877.8542525304547	1042.8755021133975	1564.7372211240584
0.9980121611591047	1495.9973154285099	8.13956349834109	938.0506584546966
0.859386852492626	350.78285814205685	159.6050338890162	279.09117404716665
0.7736489513955309	628.2104287628299	413.30604842489333	547.6212861361037
0.9280781414702615	1217.2263066719306	249.71571144588734	854.4098334621644
0.7711562044401665	351.8816275151836	247.32874529908023	312.6742966841448
0.5582493100637231	1012.3870846872226	973.7255248286804	997.8889997402692
0.87257296381581	180.59426880207823	82.32258376044322	143.7423869114651
0.5577431368178503	1143.6908720229642	1095.3876865042914	1125.577177453462
0.8700079019939833	556.0051860681916	222.31316491557925	430.87067813596195
0.7742848267365069	169.21794240751743	129.59598285142644	154.35970757398331
0.9013661993696294	447.4488775215049	139.5648368671562	331.99236227612414
0.8755868478560087	151.23877329009724	69.50713797659643	120.58941004753444
0.9845637128766257	367.77295897675026	18.094718929760035	236.6436189591289
0.8766854208790614	420.9998316811585	164.95571478649185	324.98328784565854
0.6694268684957545	640.0147079407728	552.3972089016492	607.1581458011015
0.9016164558130002	407.3178587376983	128.17957595018743	302.64100269238173
0.8772009593053182	117.29261718600927	55.96891574113261	94.29622914418051
0.7616964377456233	603.4799266896481	415.61781278204637	533.0316339742975
0.562686579339652	1432.889715936499	1356.2505252729322	1404.1500194376615
0.9590246727911491	90.46818914879033	15.344526306456814	62.29681558291526
0.713197339640677	1635.3295991807493	1211.4766653238019	1476.384748984394
0.9266232000649631	657.7481698153231	145.97931614053078	465.83484968727595
0.8587201306017181	1024.1542339726104	418.8970594692559	797.1827935338525
0.8785133872296934	1719.322965972738	581.6560300778934	1292.6978650121712
0.8271193725854411	948.627499439375	473.69304848797725	770.5270803326008
0.9366601688726736	125.76455654514763	30.705016510962288	90.11722903232813
0.9668177182841591	152.82703980420632	18.69190258201938	102.52636334588622
0.7614006033041499	1861.762380431604	1181.8787408283365	1606.8060155803787
0.6412938470728937	1014.0533653035263	891.236881647528	967.9971839325269
0.8143367248368314	145.09173673285008	97.09075102371216	127.09136709192336
0.7630432064379467	656.048734718616	446.48657698913814	577.4629255700618
0.8552175707893787	241.3505307755861	118.7318385130891	195.36852117714972
0.8443470086540257	284.57639891374777	146.4327478755458	232.77252977442205
0.6856215430566789	892.4683858182996	730.8309589214689	831.8543507319881
0.9905328320357312	358.1665188711692	10.813309027417574	227.90906517976237
0.8004839373962693	1909.3096047237182	1033.5030211568815	1580.8821358861544
0.7496473304596489	228.96936699302492	181.51641980014043	211.17451179569323
0.8280716231391312	579.4733545134475	301.21621576140814	475.12692748143274
0.7632990818311916	215.98925527271936	165.4763349542948	197.04691015331014
0.7740155761603188	999.1495565766492	631.8848235847485	861.4252817046864
0.6544570402508504	1651.6671456294318	1386.981081295891	1552.409871504354
0.9641409411463159	611.6857001723863	66.2723139693257	407.15568034623857
0.9828510077134178	240.6152421353321	13.988326268253829	155.63014868517774
0.5936072016949527	890.557257976664	835.4256032817718	869.8828874660794
0.9529004285236905	566.8284686572883	81.63566667665987	384.88116791455263
0.8745188312903788	196.72476461768522	87.11232505677847	155.6200997823452
0.9236555876129383	249.6244900643078	65.14028255498037	180.44291224831002
0.5836614438988869	1029.3204326461127	968.6398910722361	1006.5652295559089
0.9626646842859117	84.63502425751437	13.291964262933824	57.88137675954666
0.7650689423812792	187.85957287347384	146.00197162447637	172.1629724050998
0.7531694027100913	192.21231101643548	154.5048526917003	178.0720141446598
0.7835633663286078	727.0888293254347	454.69742157970404	624.9420514207858
0.6852748478694652	516.0655149386039	439.38943031944433	487.31198320641903
0.8753792032727586	211.9339076346584	92.12823940579551	167.00678204883482
0.5177188950227601	1502.0913334749139	1463.1940127965881	1487.5048382205418
0.9124771381577848	265.2784460334373	78.66993263836576	195.30025351028547
0.7119784328304517	617.3570808755226	489.32823459530005	569.3462635204392
0.8627392161730875	374.5142790364239	165.14015935034868	295.99898415414566
0.7046540204888126	353.369067608559	298.8074730371442	332.90846964427845
0.7144019851668361	891.8739132998285	684.090718149725	813.9552151185397
0.7138517339455869	256.34784174356685	219.80343508674753	242.6436892472596
0.8827001044426661	640.7674974737728	228.182809794088	486.048239593891
0.5863080884922192	1264.7412187027269	1177.2586530389542	1231.9352565788122
0.9568089874609466	2160.0272520077424	252.5455586371669	1444.7216169937765
0.7951372717474514	280.44120669504366	184.79387754133643	244.57345826240345
0.9621308111119329	90.27055661464738	14.146945111571306	61.72420230099385
0.8326817008756986	262.9919240765997	146.21830568122238	219.2018171783332
0.9094033594845697	192.8681782612032	62.229021809634816	143.87849459186506
0.7753128329564085	201.58761450936152	149.77091864121388	182.15635355880616
0.7026261304503594	1402.2839045441997	1075.8927296145798	1279.8872139455923
0.871697060222759	340.96911488690466	142.52891471648564	266.55403982299754
0.9464734488525465	908.7130520099699	141.92736364108458	621.168418871638
0.8799950325820017	1902.4095432906925	630.9725513439257	1425.6206713106549
0.7380255621415499	375.6477084028487	290.875582470832	343.85816117834247
0.8282491420985981	244.25999206837338	140.49072142832995	205.3465155783571
0.9700535844317376	608.6420698739612	55.00070777501128	401.02655908685495
0.9091385390450915	109.42433071053884	39.48674760555025	83.19773704616811
0.8884338335404468	1424.7159963528338	449.09984263731315	1058.8599387095135
0.769314701757361	218.30450360832137	163.72310533179612	197.8364792546244
0.7285723632098579	231.88286559081376	194.3376474310922	217.80340878091818
0.6252625380406358	1290.8448960993396	1147.1064548319378	1236.942980624064
0.971743653896269	790.8898233347008	65.5695604261586	518.8947247439976
0.9645819323473249	317.8869157922124	36.86428638919273	212.50342976608002
0.717740710648139	302.8362668540292	252.55639893743557	283.98131638530657
0.8933844181067643	999.1051219136145	310.1489170688954	740.7465450968448
0.829365346739673	125.63397665177297	80.24135978650736	108.61174532729837
0.7249102962594587	639.0815434143103	489.01677757771586	582.8072562255874
0.9053401909062623	266.98874796609687	85.53593961783257	198.94394483549777
0.7360037921895387	561.0354417563432	420.99452679885655	508.5200986472857
0.9016307498509839	126.45977216954171	47.860976895579704	96.98522394180596
0.8315080664963064	186.36848522622682	109.70840177322708	157.62095393135192
0.8807168649685614	284.0275537748432	113.32423234933009	220.0138082402758
0.9148416932287	941.1550567587016	234.3483011571667	676.102523408126
0.602355089837824	685.8011717977097	646.0953512663827	670.9114890984621
0.6236773516797735	589.4103841471031	546.9927710330842	573.5037792293459
0.5831705201175189	955.4544332438905	902.4029655359005	935.5601328533943
0.8866910712942818	458.09874315096675	163.5523298603926	347.64383816700143
0.6742413265242095	680.8734486675557	580.1780889740166	643.1126887824786
0.8229433304503831	375.63012655443066	210.19070283939396	313.5903426612919
0.9080656677237046	157.16377048244053	53.33654107002388	118.22855945278428
0.7172537085915639	974.0321139956344	737.3225262564912	885.2660185934557
0.9176885606132769	123.57742425894227	39.37835706751912	92.0027740621586
0.701924422816796	284.0222385411458	247.0386139163457	270.15337930684575
0.5641859169036253	990.7900383130049	949.4766085547941	975.2975021536759
0.9635325716130356	95.42082584031253	14.201155330873135	64.96344939927276
0.6158958737982179	608.0310667092137	568.3682846626255	593.1575234417431
0.7387742723030328	218.65177171769045	179.81669039079333	204.08861622010403
0.9571633346613835	1108.29077670551	135.56244921560682	743.5176538967964
0.7095691336573645	311.29653708829863	263.7390381064492	293.46247497010506
0.8556874586336097	314.91761838053634	148.89735584349262	252.66001992914494
0.6145500826547075	1220.0179204174005	1102.2204891677052	1175.8438836987648
0.566037186741987	992.3824552318654	949.5601600689836	976.3240945457846
0.8199604372508426	458.48158249383346	254.71987297009164	382.0709414224303
0.9481239814193237	110.71895228603347	22.721064798267378	77.71974447812119
0.9318551332540842	821.623422585086	165.42315489662087	575.5483222019116
0.9108984023858362	2054.131176075468	502.40371077297755	1472.2333765870342
0.920775032235307	1583.5187546185775	350.6537989173763	1121.1943962306273
0.7890716954245738	970.456037690659	579.5033395424763	823.8487758850904
0.8280036683289976	808.1482315268636	407.21987857158297	657.8000991686333
0.9655036067066156	178.68001982546969	22.0851236727395	119.95693376819588
0.7371470598650091	395.6627678928195	305.5384027388063	361.86613096006454
0.8188185742127425	247.29982314769947	148.9552211433602	210.42059739607225
0.9829293366328773	836.2562364010546	41.42994167492941	538.1963758787576
0.8040464246012031	1284.3376333854058	702.8628543315308	1066.2845912402026
0.7611253803594682	202.88108428767148	157.89450345354064	186.0111164748724
0.8109810857638283	164.2961967010326	109.2572000732804	143.65657296562551
0.9285241000882553	164.41049369354565	43.030487308600904	118.89299129919137
0.6828088732591454	562.6840183635869	478.23300307760667	531.0148876313443
0.8820022417969959	220.39111131509478	90.30927539936184	171.61042284669492
0.8003529372872149	140.63245133735577	100.6729643783602	125.64764372773243
0.6452341094042392	1093.4475710198358	951.4995026468538	1040.2170453799674
0.9704191195863221	119.04198626035505	13.636235478438422	79.51482971713631
0.8709149247611047	279.76250843011246	120.78241781734108	220.1449744503232
0.9617043178315766	292.27472080643474	37.12129305011497	196.59218539781483
0.7687185412758128	202.67082116007293	153.900640660006	184.38200347254784
0.9593547552780891	93.34473452501933	15.582611459674503	64.18393837551501
0.6316907218089117	699.1928878539456	635.8006379644437	675.4207941453824
0.988301030289486	84.06873129240134	4.107698276991371	54.0833439116226
0.8006624808714488	270.92846385048693	175.19369078600772	235.02792395130723
0.6625684648031869	400.9911512449002	362.53869273466825	386.5714793035632
0.6686564637226343	708.2445692348293	608.0231473410244	670.6615360246525
0.7098591241310968	345.3504171563914	289.3465441029454	324.3489647613492
0.7711321033391428	199.3896829855144	150.53495288194262	181.069159196675
0.9687062081834867	2475.6072769668335	206.73056303938893	1624.7785092440417
0.7456631753707188	815.6752971406402	577.1762543256123	726.2381560850047
0.7354837060752003	1837.5470156391907	1270.7113972025322	1624.9836587254438
0.6379812208579415	645.6866856647704	584.9682162119435	622.9172596199603
0.6794706960554141	345.1705644216136	307.3881531583891	331.00216019790446
0.7210654336327467	605.8102970492599	470.2058837330293	554.9586420556734
0.7980266225851568	253.2949804105333	167.10317741566138	220.97305428745634
0.8169561426450253	561.9988481243984	310.3587505933468	467.63381155025405
0.7478515151803254	283.2026527361189	219.8473897470304	259.4444291152107
0.8081726621033017	233.71956842062667	149.15625902207222	202.00832739616874
0.7805587200985125	480.95853973604807	316.1531871787716	419.1565325270694
0.5834443762102877	1578.9609087816893	1461.6767142537547	1534.9793358337138
0.860473917617308	787.5594023289792	325.8284819257243	614.4103071777587
0.6077943794509258	652.6302487208675	613.0144479093767	637.7743234165584
0.9107467824859994	192.82122149431177	61.29719702832625	143.4997123195672
0.59507399159235	1268.66731726586	1170.2005829494576	1231.742291897209
0.8066841168109291	818.8622820906331	458.8812523219241	683.8693959273672
0.7095274270193175	1692.2791967654314	1263.1177936841784	1531.3436706099615
0.7459952876751644	765.3059098081418	543.664256495803	682.1902898160147
0.948192842284145	679.6834082492785	105.70307784517433	464.44078434773945
0.7265950592419024	904.5312551007804	671.3491545469539	817.0879673930955
0.8265477801609308	386.74648150359303	211.68174849034992	321.0972066236269
0.6638442506867744	793.2470245968074	681.8071205593125	751.4570605827467
0.814756573341841	340.17818993704907	200.5788535362608	287.82843878675345
0.7999118704747893	227.98442640951532	151.3662171553895	199.25259793921813
0.7830575559618402	493.8072505738717	320.6609809034947	428.87739944748034
0.9589011284432699	106.08501650121339	17.3752555507688	72.81885614479667
0.6516813594690457	1499.2123357316593	1270.781757604407	1413.5508689339397
0.9554103494023474	157.6743075548652	25.83798962529555	108.23568833127659
0.7288443270395087	1185.3894502690528	858.4123284524571	1062.7730295878293
0.855130753323001	143.5131109922713	76.94253145663802	118.54914366640881
0.7212905280955829	1020.8791824886275	762.227520485184	923.8848092373362
0.8828539525865426	353.98404192018586	134.7511618149747	271.7717118807317
0.8067786984487226	277.4457426883975	174.12123141849668	238.69905096218469
0.7078525865935044	527.6619807907425	427.5962180859327	490.13731977643886
0.9903640961486205	68.04295611566465	2.9010976664751738	43.61475919721859
0.6651262921512919	1537.2614038814197	1270.725976675302	1437.3106186791256
0.6715156341416725	1009.2875234347111	843.3389817873237	947.0568203169408
0.9021077064771436	1974.5480677478895	532.5471783293178	1433.7977342159252
0.9114393779862373	260.58466721165723	78.39980295016208	192.26534311359657
0.6022540420151713	1454.1217249553126	1323.303704657387	1405.0649673435905
0.9319302311933256	77.60792015395333	22.847798415879222	57.072874502175544
0.8031215159209614	130.3794901847462	93.5795112245396	116.57949807466872
0.9816866268960862	206.4193967174092	13.138971052552634	133.93923709308797
0.9359470743080188	1531.7568596160763	274.1834637589426	1060.166836169651
0.8614607960265285	217.276379855516	104.1417840114631	174.85090641399617
0.8745189381974204	144.39658339910653	67.49033784282975	115.55674131550273
0.7645107590935671	240.95295647387175	181.21238204086964	218.55024106149597
0.6387213666487821	688.6894279356758	620.8607410611622	663.2536703577332
0.8608080434754902	238.41901377869817	113.19600454971545	191.46038531782963
0.9167566526571796	1088.2606935004244	261.4004184382866	778.1880903521227
0.6801606423501659	1126.637843491208	919.8055320324148	1049.0757266941607
0.9325192346569827	231.13066107118567	53.89802288514285	164.6684217514196
0.8705062617236161	102.1504014378923	52.860980729485334	83.66686867223969
0.927497116130756	394.632655233746	91.77571755815745	281.06130360540027
0.6946293322521507	1689.2319622094299	1307.1234194450847	1545.9412586728004
0.8609220825323709	1056.6049619814582	424.44075021369986	819.5433825685489
0.8607568648060059	216.20194115533596	104.20595650125406	174.20344691005525
0.8971883490433632	831.0970508593422	253.03673720773975	614.3244332399913
0.9193542591614651	63.29606685423069	23.439914673331142	48.35000978639336
0.924738925385733	113.17969678797735	33.602695171019256	83.33832118161807
0.8405249715224671	1172.3329883649635	533.0011943087461	932.583565593882
0.8586008239841589	556.9952268652601	241.60777346494694	438.72493184014263
0.7642702340230747	1386.9649976856265	887.9960640752295	1199.8516475817275
0.9179708152609188	1556.510457584638	357.5231977017494	1106.8902351285547
0.832176702460436	187.933582811087	110.08672565754537	158.7410113785089
0.8020669521083076	847.9889412757452	483.9739773141509	711.4833297901474
0.6963775703975217	1526.870393496405	1183.1400601938453	1397.9715185079451
0.6572648081280922	1718.4310791231055	1433.2805465828064	1611.4996294204934
0.9729231527978179	1841.07518583056	135.60480180544687	1201.5237918211426
0.8791514106526326	1064.1811327670332	372.11154107360426	804.6550358819974
0.7799270031789112	425.22788145100003	283.69473383463855	372.1529510948645
0.7267968312326248	643.7843988563652	489.8720730697953	586.0672766864014
0.9441733879449342	73.55800717547362	18.007325236691127	52.726501448430184
0.9646323315183971	60.01919609491462	9.856104344714382	41.20803668858953
0.8509439715019615	146.06338349720426	80.15010562925369	121.3459042967228
0.6486406983756963	667.3858928816126	594.2173336507271	639.9476831700305
0.7741489793993129	238.42909972985947	173.79216059708094	214.19024755506751
0.9033958979435781	214.00050812435336	72.35120918373052	160.8820210216198
0.9375733078544881	145.17459002138793	33.939176096580596	103.46130979958517
0.9776386978890219	212.53016851335343	16.461486568556225	139.0044127840545
0.6453131431202072	753.1452104086599	668.9726102763301	721.5804853590362
0.8913453198556579	420.629694295038	145.51921422206578	317.4632642676734
0.7154297202934656	873.4574321392067	669.197222245434	796.859853429042
0.7897533210661394	212.48464090921476	148.50281441166635	188.4914559726341
0.8599925760460522	299.6727160868949	138.5655798939507	239.25754001454084
0.6935934727874284	319.380578821101	279.0690309065382	304.26374835313993
0.9818520356748544	61.16307283538688	5.0935610354852585	40.13700591042377
0.7898345751304352	1062.5581890215603	628.0956597383496	899.6347405403563
0.7070800096897757	367.14740321157313	307.68404975953155	344.84864566705755
0.6729276061523832	929.8823694914976	778.7330055758094	873.2013580231145
0.7210911386209865	841.3070832089925	636.9352083401639	764.6676301331818
0.7916834375965028	518.7976438494634	323.8586533467431	445.6955224109433
0.7785138129618596	683.5305013352139	438.2852282386915	591.563523924018
0.7742333349707279	161.6006475524053	124.72551030853823	147.77247108595515
0.8592137732055192	103.91598677089118	57.963591418636554	86.68383851379569
0.8680092401468682	122.03658401968424	61.872192472543944	99.47493718950663
0.6745606435573402	757.5475671878321	640.6025490705981	713.6931853938694
0.8372251940675278	1397.735725517979	639.1817958478431	1113.278001891678
0.7576877821449505	1638.091703084113	1061.7430185275673	1421.9609463754084
0.8440232077790619	169.71425605668568	94.57487480586232	141.53698808762692
0.8126265764607622	193.14783475071928	124.20798175502998	167.2953898773358
0.8203210963783595	303.9556279765551	176.84321497339351	256.2884731003695
0.7587509714447181	990.6798146057986	662.1301221122649	867.4736799207234
0.9909335256022832	130.88636275469452	4.470557604044274	83.48043582320068
0.5724300513093561	1039.661539466489	987.763601015265	1020.19981254728
0.7560952463066554	186.81672085129574	149.48044899279083	172.8156189043564
0.5561852593166706	1522.879547277809	1446.025455256068	1494.059262769656
0.5809198598417178	815.40870358658	777.2151782559793	801.0861315876048
0.9727411593768756	197.25098942381754	18.893863949719005	130.36706737103057
0.7767748184374135	1743.331509660543	1049.2928037268616	1483.0669949354124
0.77683872894792	354.29157575735366	243.8196256841199	312.864594479891
0.7094672701020399	567.6865652674877	455.6377046553062	525.6682425379196
0.5970324194376339	1349.3784470608405	1238.914566675862	1307.9544919164734
0.7098971871115967	444.9020988496321	364.06059253087346	414.5865339800976
0.7414952103729985	534.138049701326	396.21950341993653	482.41859484580493
0.667308169258727	374.86135282076685	338.28871326144366	361.14661298602067
0.8114048035472566	751.2252336136887	414.75627859619294	625.0493754821279
0.916941452954813	1036.033934226288	249.38154821844205	741.0392894733458
0.8488392336128671	200.7544352629088	105.73388913760729	165.12173046592073
0.6368357733907544	940.0009817103953	834.9118073577056	900.5925413281367
0.7339997696362845	672.7544539325764	500.1444362096123	608.025697286465
0.765794445365322	671.87604117558	451.9983418387026	589.421903924251
0.8427241002990248	100.13452922520877	62.40703274575257	85.98671804541269
0.7163839579298275	632.5568381942215	495.0788032880356	581.0025751044018