0.46807082629452845	731.7080427725045	724.2069512921003	728.8951334673529
0.9366132990006519	10.263489954796462	4.403738157753114	8.066083030905206
0.7324093996978109	632.6968234054768	444.47266277089284	562.1127631675079
0.7812943206050018	329.99004157007255	205.6341180571228	283.3565702527164
0.8937415703912132	389.7766075949423	120.51116285751306	288.80206581840633
0.8755755428870806	108.31847066135737	45.21770140210327	84.65568218913708
0.9863952966325288	51.18003904332009	2.6274204339175107	32.972807064794125
0.9611372942307107	23.803389908339327	4.25094452079062	16.471222888008562
0.7738994738010564	41.65772947675034	34.832616761889234	39.09831220867743
0.4733668438038578	701.7373657741454	693.870483960923	698.787285094187
0.8242981231746457	81.96682160017231	49.195658256220796	69.67763534619048
0.630194649491098	569.0021952908111	499.3453202566808	542.8808671530122
0.8993488378557962	25.53278498011897	11.582435773380839	20.30140402759217
0.7687917833566554	39.724637870502	34.32305738995991	37.69904519029872
0.5611926028590842	714.7227994160239	671.8475506487703	698.6445811283038
0.6020936590909298	250.151081601779	236.52076345705532	245.03971229750763
0.889869840919047	595.1494840672162	184.01443663624593	440.97384128060236
0.7488853040440611	273.08389714998	193.69624298091006	243.31352683657877
0.5519096028421066	322.0721416359303	313.6845452673184	318.92679299770083
0.9856108613868619	176.80832085405356	7.8929590071077484	113.46506016144889
0.7161310647936767	306.24072958511334	236.05507574618244	279.9211093955143
0.8956092828762068	548.6342290334698	161.8450677495687	403.58829355200686
0.9666223693996456	36.427775388346056	4.975832375707407	24.633296758606562
0.7397530449072609	448.1111337958571	314.9707302237317	398.18348245631006
0.640818331355056	331.0579920320631	294.0169168222915	317.1675888283988
0.5978319194973741	458.70075448160185	423.18466623024756	445.382221387344
0.6336722942584959	489.13209098788474	430.14969512926547	467.0136925409025
0.9655422525503955	22.09204876098162	3.576553726377023	15.148738123004897
0.852975565575723	356.3025513851282	152.96702835722294	280.0517302496637
0.6556539663754115	836.2298097185052	692.0420255101229	782.1593906403618
0.988124254386991	824.8556426265918	26.156787970895834	525.3435721307059
0.6217221576703668	229.07981093145983	213.0889828512471	223.08325040138004
0.5738869704019273	389.07547925033305	369.77735104400415	381.8386811729597
0.6162355533700854	189.25316681164793	179.32495076190713	185.53008579299512
0.7822750149498636	204.65141926494826	132.59445440745426	177.630057443388
0.9437052550943895	30.04101816753594	7.2970073425961015	21.5120141081835
0.5973289260310125	614.8835197066277	560.8720253049293	594.6292093059908
0.888786594261008	87.31133755408204	33.71352806978686	67.21215899747135
0.8635695940153431	34.93725182524712	19.532043393228044	29.160298663239963
0.6982400774897454	201.52043432536496	167.1457316397307	188.62992081825212
0.8501973757675801	34.02567786269502	20.882728573612347	29.097071879289018
0.9614526828924517	211.95248822748204	25.04770288002379	141.8631937221852
0.7811941911965773	323.2518630298352	201.85830709550106	277.7292795544599
0.5096650986067758	496.18620939213287	487.52569097438476	492.93851498547735
0.8227898025267	131.15810332970278	74.49223154224968	109.90840140940787
0.9995726212600191	723.5850306167036	0.8323226427077088	452.55276512645514
0.8778323681653419	47.27079734779042	22.270119864218415	37.89554329145092
0.8293201787340733	1061.0651900288005	484.223018814466	844.7493758234251
0.9372567072094116	119.16672027731865	24.8061660811954	83.78151245377242
0.6474402085483298	347.93907462064857	305.1068282442023	331.8769822294812
0.6787394153728215	489.9831934327622	398.685315115568	455.7464890638144
0.8724841345981469	25.48620613313546	14.551157725832105	21.385562980396703
0.5797718555889612	382.21702551353275	361.6808527156464	374.51596071432533
0.9134370146869962	33.556463213918306	12.187577096591808	25.54313091992087
0.8449061583394294	109.22613177532308	56.18923530692449	89.33729559967361
0.6620480709459694	95.16425716793864	91.25194781514227	93.69714116064
0.9564586023493324	34.724159379809656	6.274742245325321	24.055627954378032
0.6760914783092398	257.42876497349044	219.1204224707409	243.06313653495937
0.7746413822601749	53.48088093284625	42.323594687527944	49.29689859085188
0.7718441221815138	48.934788339896826	39.76731298112212	45.49698508035631
0.765279182824731	944.0069672678212	580.9728335351313	807.8691671180625
0.6779875311542415	705.1580696545794	563.5589846957763	652.0584127950283
0.9981811255950762	47.80125931943789	0.3308218181785243	29.999845256465626
0.5944260759233438	178.7309559826226	175.05934526365016	177.35410196300793
0.9978571490705533	7.060109434192416	0.13119400032680284	4.461766146492811
0.9130999097607967	860.7851395310261	203.84886776098102	614.4340376172592
0.7395889732235589	140.8078043269491	109.03120928717405	128.89158118703347
0.8773042552582968	82.38514937115616	35.32427749309162	64.73732241688197
0.5186053917052625	381.6549557971514	377.03655801903085	379.9230566303562
0.9024029988886259	384.17196562284266	109.22712896003188	281.06765187428863
0.7918301427501807	38.330803739814655	30.532335334071735	35.40637808766106
0.9833381122897145	197.40179983034477	10.097501704477438	127.16268803314453
0.9868734641426049	1283.593718184536	43.67934185149136	818.6258270596444
0.9304839705367692	75.49520361099206	18.688641921887246	54.19274297757775
0.9818293836923658	881.0349158652815	42.74000331554805	566.6743236591315
0.9689306290461471	58.333463311565154	6.706976639634579	38.97353080959119
0.9773619593018553	687.1124001725009	42.4164087912589	445.3514034045351
0.907585837016705	15.699328917626836	7.813090280003916	12.741989428518242
0.6780963042059072	396.15829999249763	326.78581992255954	370.1436199662708
0.7721460131850133	86.51551369914907	64.10836090981073	78.1128314031472
0.9236813896505752	22.26222543880734	8.00738155112437	16.916658980926226
0.9810159636074233	27.399968256464696	2.280180675374732	17.980047913555957
0.6210633566059414	880.457237608818	768.5011168329003	838.4736923178489
0.5665246700093116	451.89714490370227	429.5946987405508	443.5337275925205
0.5825431294131131	360.18631397158975	340.84677192234795	352.93398570312405
0.8770287592228431	92.8892843535063	39.194371671457084	72.75369209773784
0.9039212378874777	1039.877194773708	269.01234654114893	750.8028766864983
0.7414053147995086	68.910852264992	57.91564335438993	64.78764892351623
0.535187690735327	321.3243511194226	317.1709386327088	319.76682143690493
0.7556126564216521	183.36247847077837	131.8767277865949	164.05532196420958
0.6803314103980105	295.6398011436683	247.32232072321182	277.5207459859971
0.7951910625401951	113.97505800383819	74.74571632016115	99.2640548724593
0.9581168251239969	243.98067437268486	30.868083236706696	164.06345269669305
0.8670732495394973	41.864103393454435	21.92033746894724	34.385191171764234
0.5458652888986514	330.08000313253996	322.4595770742728	327.22234336068976
0.6010652362199214	489.15474476794606	448.47158194641196	473.89855870987077
0.9208642045140867	18.539909994776487	7.368073394925529	14.350471269832378
0.6395196680953155	208.8601911145708	191.08045852226797	202.19279139245722
0.8787358529889066	111.93261144996335	45.36524477361691	86.96984894633343
0.6892361836701741	105.55449606544666	94.55900207024196	101.4311858172449
0.5478034472952708	526.4159027277052	504.88186872176556	518.3406399754778
0.8698546808405238	140.6693805637995	59.25533579931743	110.13911377711874
0.9397830459818883	125.60267344465981	24.897779495622927	87.83833821377098
0.5727864813272467	393.8894574596198	374.51133007268123	386.62265968951783
0.5906662446728432	660.5659398056039	605.3282338579088	639.8518000752182
0.560573238679248	441.38594268515095	421.9385009363646	434.0931520293561
0.979560335352575	53.14410402771903	4.077740668433059	34.74421776798679
0.6691508123664629	743.2797359408671	603.0726576573941	690.7020815845648
0.5227673552182059	412.71343088567215	405.2310235884516	409.90752814921444
0.611588349625271	325.0158371741613	300.0570629363148	315.6562968349689
0.98042893212127	7.239268898499039	1.21756423103204	4.981129648198914
0.8548010881550071	465.49158559007105	192.92470421855134	363.2790050757512
0.5873176118518566	200.42147372221348	194.9746403195158	198.37891119620184
0.7789772784861045	40.883227949677774	33.70047221705593	38.18969454994458
0.9806983742331161	872.4805724389041	45.00110755470655	562.1757731073301
0.9877644625812682	12.383805620159011	0.889834664699185	8.073566511861577
0.9901812559330317	22.54983803623928	1.024589051924151	14.477869667121107
0.7512783240778528	141.7096427225569	105.98314029137799	128.31220431086481
0.9807958132970319	70.02323340781858	4.7913037681008035	45.56125979292442
0.7874336767910641	213.03562199529324	134.720261366324	183.66736175942978
0.8776194234826742	355.6905692312653	127.65032502934244	270.1754776555442
0.9309085734577094	56.78755791611998	14.698290074577724	41.00408247554164
0.6829754062154303	120.64063003769493	107.82168279258195	115.83352482077757
0.7053323444697703	171.10877875387936	141.6664874908616	160.0679195302477
0.7901153121535022	73.5361630400987	52.21399912493197	65.54035157191117
0.8378868857071647	37.30477624098456	24.0674194312069	32.340767437317936
0.8219051673552422	1022.0656603624066	486.89439981857737	821.3764376584705
0.9510523946862859	20.742844621723016	4.88584846512949	14.796471063000443
0.5578707169187614	273.92632608618817	267.8248683717894	271.63827944328864
0.7020901125067193	117.5067032103741	101.47193148257543	111.4936638124496
0.753875946893719	96.25647828928744	74.61563433068387	88.1411618048111
0.9635728894128489	145.77107849412573	17.03625777453452	97.49552072427903
0.7362856946681201	52.561185816089754	47.11862897540042	50.520227000831255
0.6790172684137951	279.71048812493706	235.45139449738218	263.11332801460395
0.898847710901672	14.100398490270475	8.14656866744615	11.867712306711354
0.8698129718625653	79.3570784768716	36.23554385850713	63.18650299498493
0.4668657737710282	887.5708933424252	875.4844345064386	883.0384712789302
0.7930689551194527	39.04230840440948	30.80284849947641	35.95251094005958
0.62287898169548	417.8745427280815	375.8268656837876	402.1066638364713
0.8713416111532514	22.494483178799527	13.487600716557104	19.11690225545862
0.5848286256189237	576.6031112828889	534.2797534386186	560.7318520912876
0.8352482869469522	152.813183575597	79.72073720443072	125.40351618640965
0.83739253790294	253.86466049710964	123.88447646665789	205.12209148569022
0.637007768427876	137.25147232524412	130.1319924914434	134.58166738756887
0.7961879769228284	100.10857227889746	66.46555093844556	87.492439276228
0.5085743142683681	610.2866682552985	596.5057489930698	605.1188235319628
0.9528844123353046	412.5495977115779	55.77442775698324	278.7589089786049
0.8823276870046207	529.398268220536	176.5153731685055	397.0671825760246
0.5892113578966364	235.31105026125778	226.03150997808865	231.83122265506935
0.9023497198360027	236.80473323372536	70.6918214564201	174.51239131723588
0.5096947188387995	422.4739635945126	417.60769330748155	420.64911223687596
0.9391937656739909	22.306638301326263	6.384214889921	16.33572952204929
0.7432241246089986	187.43637554034314	139.73151029054725	169.54705107166967
0.959534467734379	94.86989642495374	13.106411437881611	64.20858955480169
0.4928371592941911	801.7049669903187	784.3469381355345	795.1957061697746
0.5615291765101647	494.32880929867423	470.290647952268	485.3144987937719
0.6876908366533641	126.67807450810606	111.70938055977798	121.06481427748304
0.9840562435876044	105.60334771295273	5.606053168808899	68.10436225889879
0.9635959015464906	78.0191509848462	9.994981250396393	52.510087334427524
0.890644736506833	14.875739842650557	9.068279572017968	12.697942241163336
0.5290824415963755	386.9655443016393	379.5087039328655	384.16922916334914
0.5747103354461639	341.7895735937692	326.3723827593699	336.00812703086945
0.5856105769819427	656.8200532502832	605.227748236655	637.4729388701726
0.8047454750478623	280.3614872463439	160.4129611165303	235.38078994766383
0.9890345168674542	87.9848569971997	3.296841277356357	56.22685110225845
0.5731783569613467	627.6195278007042	586.2932204100096	612.1221625291937
0.644843059342834	970.4147024896483	813.1844599320555	911.453361530551
0.9980432334465404	147.43506702143154	0.911663276723857	92.48879061716616
0.8644836556441172	528.4616462540002	202.66966296807857	406.2896525217796
0.8021762369680652	238.34585476205112	140.05259027768156	201.48588058041253
0.9340518002706061	22.46448229121674	6.960178392684472	16.65036832926714
0.9633958409433998	6.497449953885923	2.575222344595261	5.026614600401925
0.6989566444243576	579.8615529974202	447.17359459424733	530.1035685962304
0.9196888904889713	225.6432752056724	55.64722304924497	161.89475564701212
0.6774954156836956	528.4959996316763	429.29802277869203	491.2967583118072
0.9412644311054754	47.825196658835026	10.876933385203262	33.96959793122312
0.8106709243436232	633.880190355413	330.2425752451876	520.0160846890785
0.9656248252321769	17.464568276634555	3.061060656759355	12.063252919181355
0.9851056063487688	40.111636474781655	2.375913732591812	25.960740446460463
0.659745530160536	781.1143560840025	643.6389306353857	729.5610715407712
0.621129496591359	643.7847343103907	569.0953588480496	615.7762185120129
0.9840075882602011	97.79363075937363	5.274227276943385	63.098854453462295
0.802986981547847	217.37101352100623	128.41853783606425	184.013835139153
0.559116162290415	273.1622682148559	266.855791400689	270.7973394095433
0.6861942333333759	507.5589789973145	405.8369020294439	469.413200134363
0.8814349758807193	13.796914031036227	9.722089747865233	12.268854924847105
0.8557890434207546	33.67412480959203	20.004547532064	28.54803333051902
0.8171411310150148	28.938465960141063	22.26789191322811	26.437000692548704
0.6730978798559595	692.8095484518893	559.7088980717516	642.8968045593376
0.7948404858473218	174.97877483605555	109.47022441403828	150.4130684277991
0.9898416004578975	628.1990541723221	17.391708971048104	399.14629972184434
0.871326998831955	89.69850606858465	39.7507515902045	70.9680981391921
0.7682279660852463	649.51332139044	404.69847043242487	557.7077522811843
0.5038206131422012	447.0124199675566	442.2619412125559	445.2309904344313
0.5626535045803895	526.5097054530434	499.3514133625815	516.3253459191202
0.8780499756096488	32.13017894421998	16.486864463337756	26.263936013889143
0.789408416034068	488.6822621211914	285.7097032070247	412.5675525283789
0.6062280369673032	402.71735327320533	370.2396773789489	390.5382248128592
0.8220508931480219	727.4394272232875	354.1604747434577	587.4598200433513
0.6800158053357915	130.2292324418755	116.15407612544334	124.95104882321344
0.757764976197467	52.24510200912599	43.89502848684095	49.1138244382691
0.8188422116271252	145.3975964273413	83.20259267261511	122.074470019319
0.871047948933514	157.60592548887482	64.88557019118204	122.83579225224003
0.8207856076748996	72.4545803429353	45.08667334409547	62.191615218370366
0.8652284986911875	150.45762573023862	65.01451631231615	118.4164596985177
0.7269533130310056	210.82537466760863	162.7379041646198	192.79257322898783
0.8696041660031851	19.62282259053958	12.551425448270482	16.971048662188668
0.9424181681307797	69.01392357819401	14.35089499978794	48.51528786129173
0.8967935569797757	259.18872469953146	81.0232385210314	192.37666738259395
0.6875308905805104	102.01121072168462	92.02630662163219	98.26687168416495
0.9662384259263569	165.91287601061677	17.65828734139629	110.3174052596591
0.7229902134799129	796.8443069060671	567.4150323870814	710.8083289614475
0.7034681865896686	763.163692683306	573.3857383476675	691.9969598074415
0.5682305873744053	425.7787064169462	405.1126480217673	418.0289345187541
0.9456122866673685	127.9822756252022	22.829075216960646	88.54982547211162
0.6629818768842938	807.7365687933706	660.5361910355415	752.5364271341847
0.8090613848539562	69.36063017745046	45.91094555502989	60.566998444042746
0.5008241000894761	587.0493583412615	576.4771304228227	583.084772871847
0.6502699431658652	375.6874439307311	326.5860748042377	357.27443050829606
0.9985055862894716	223.0794619032274	0.9999008634522539	139.79962651331172
0.6160162265128482	293.2820482757314	270.8223247050638	284.85965193673104
0.7769385539242277	334.67989626417585	211.864471784695	288.62411208437055
0.9033802355333412	345.0351260530046	98.13594402097725	252.44793279099434
0.5915610716039511	197.9535496372466	191.89528110839015	195.68169893892542
0.9581313991206127	51.407385571586524	8.186761868884084	35.19965168307311
0.7795583250575406	230.03113736618684	148.9334921642477	199.61952041545965
0.9886971872372168	94.99068588867445	3.6289237572362296	60.73002508938512
0.8926201843229112	303.2588718478361	97.034076822596	225.92457371337105
0.8629018720376088	26.881417264183405	16.18355702727022	22.86971967534096
0.7198388870942977	169.75876647459185	135.97495262799188	157.08983628211686
0.9817606271685693	763.4041658090259	37.49972315705685	491.1899998145375
0.848579683934241	632.5020781018433	266.54129556027647	495.26678464875573
0.5642728431582739	380.72417701003707	364.9722192231722	374.81719283996273
0.9764439354823726	39.048196383729355	3.6919025323239367	25.789586189452322
0.6788805283247462	422.03288590954344	346.28395042270427	393.6270351019787
0.8616756674932515	346.566795405375	140.58658901099102	269.324218007481
0.8660024397067821	70.90174307735121	33.890285774369445	57.02244658873305
0.7504576362214619	999.7127610834282	646.0675578170672	867.0958098585428
0.8487586015532509	438.8701498846748	190.1642838318057	345.6054501148489
0.7681040215496824	635.7530454085245	396.87812453605244	546.1749500813474
0.8821828828392815	693.0466176111363	226.52178816664917	518.0998065694537
0.8845772446455579	750.9132193103635	239.0848710224001	558.9775887023773
0.6981996635860842	526.5853955634618	409.09780492025	482.5275490722574
0.7152499284170292	278.76339746924106	216.84047718173883	255.54230236142772
0.6754855785920933	132.22019323130093	118.6975434038885	127.14919954602128
0.7480919903001451	112.79089081170925	87.2944447832712	103.22972355104498
0.8733471477206263	604.7511318009346	214.62511749960595	458.45387643793634
0.8523544819661765	123.99971797851344	59.895016004192364	99.96045473814304
0.6336217124108467	127.57551345030899	122.59988326695961	125.70965213155297
0.9435488433591779	931.3001156350788	141.52882823649134	635.1358828606085
0.8151855627036433	38.67491869693099	27.778413381588578	34.58872920367758
0.6675814874362335	125.81350310403639	114.97271335363362	121.74820694763535
0.7977057827242323	53.21841407938725	38.65657205260985	47.75772331934573
0.9261468334091993	19.856395648620364	7.182291051302655	15.103606424626223
0.6632515956802049	125.10344684261689	115.17860025781816	121.38162937331737
0.7232211740975436	353.36150770141273	264.6793920514705	320.1057143326844
0.6771181717837356	603.2301778505744	486.863898092768	559.592822941397
0.5759560113113337	382.0600838005918	362.74284291521366	374.81611846857504
0.8963032425829024	17.7341094340103	9.402012393319612	14.609573043751292
0.9309813659633736	49.60738049356759	13.171053819386213	35.943757990749575
0.823894786755462	333.9694841217625	171.15873021068086	272.91545140510686
0.7214064023219469	68.41245018972342	60.60293062437918	65.48388035271932
0.7869449355885838	102.61291466623115	70.4655120524865	90.5576386860769
0.6059565057727283	374.6794974438567	345.71953877979354	363.81951294483304
0.5396808802334695	655.3267329313643	627.8379147949028	645.0184261301912
0.8550236473308925	65.90687642834457	34.34734013798718	54.07205031946055
0.5143093552150101	781.1545039798749	756.5970745792318	771.9454679546337
0.7698077454666161	124.39704172552825	88.86493985806874	111.07250352523094
0.8923103108058729	64.05491413242562	25.217487119706547	49.49087900265597
0.9555801973618884	16.35272438738914	3.810471278530346	11.649379471567094
0.8185619682676399	1180.134952209091	567.3472324683023	950.3395573062952
0.563374303112758	727.7236954393369	682.4032223402274	710.7285180271708
0.8614998756821993	45.276172909202685	24.23869037440829	37.38711695865479
0.497843839740575	838.287473308824	817.4849027989337	830.4865093676151
0.742498079891458	206.88365292070313	153.18644760067195	186.74720092569143
0.8265241644175165	31.351137256905787	22.450855678698254	28.013531665077963
0.9433338147336756	296.233426945749	49.89207175387148	203.8554187487949
0.8912735616149626	47.07359595454121	19.830035380534106	36.85726073928855
0.9785823318536663	548.1408170053849	32.59860694848038	354.81248823404565
0.6028194045213112	705.8048403351615	636.3245316321604	679.7497245715361
0.8994660080761095	45.191882693378766	17.781433643809734	34.91296429979038
0.9050399130223171	43.09017997647218	16.191002235029266	33.00298832343108
0.9998070695239215	369.4922299655275	0.20265374983469542	231.00863888464272
0.7130679564396254	135.6289529867818	112.73237150423802	127.04273493082788
0.969757252684438	111.6733987353775	11.2170791399314	74.00227888708521
0.747955963047426	431.5511072998936	296.4825257708744	380.9003892265114
0.8573648142814314	270.56439694630126	115.7790409822139	212.51988845976848
0.8669499063404674	987.2424392922285	355.1240314811192	750.1980363630624
0.9055112383881017	11.397885400099245	7.394463277076671	9.89660210396578
0.6370605299493906	517.9740465747575	452.00410429669626	493.23531822048454
0.6063760579169039	224.05198985950662	212.25719230498666	219.62894077656165
0.8114048390819839	38.133505061520175	27.962916894761726	34.31953449898576
0.967869925714361	88.83818538518837	9.822760621066138	59.207401098642535
0.5725149670051131	442.00341381137775	418.4490282769549	433.17051923596915
0.9991849343079819	88.05833424388403	0.2440658022940596	55.1279835782878
0.5321212507920179	412.7530510030185	403.10340004659054	409.13443189435804
0.8125667884842737	38.17328798021103	27.836904347498898	34.29714411794398
0.624864834619443	404.32158008275223	363.28258449626867	388.9319567378209
0.8936958681551732	886.7771644772371	256.79822874358763	650.5350635771185
0.9854158298876889	75.16150692850508	3.853289363768134	48.420925341728726
0.8881632226491144	247.3406571334525	84.14704720969974	186.14305341204522
0.8193045571362755	51.08069177575334	33.977184483156805	44.66687654102964
0.6745051446488549	287.80965264391665	243.8737825472611	271.3337013576708
0.7032530343807321	504.0274566828094	387.94107508309077	460.4950635829149
0.9277584876723631	25.79585512011031	8.395690009271744	19.27079320354585
0.6953639997130647	143.16413600690706	122.97508361938716	135.5932413615871
0.771775306260009	372.64191466116745	238.46065575132852	322.3239425699779
0.7338049846570827	345.2386827063922	251.56597253022292	310.1114163903287
0.8441050437132166	46.33728014693811	27.542957548668156	39.28940917258688
0.7142407763909958	125.7044751985644	104.9890716452572	117.93619886607419
0.8415360454137181	20.36909404987335	15.746660246614399	18.635681373651245
0.9577654728959336	61.73447431023257	9.575221160215477	42.17475437897616
0.9758672840930981	10.222877057295653	1.6221090375582765	6.997589049894136
0.5941111016302779	315.64650607204254	297.2588091520549	308.7511197270472
0.612303947902432	719.5916461613954	640.6541882391268	689.9900994405447
0.7317524414570585	279.26463141597293	207.9783283554181	252.5322677682649
0.9541205481599392	613.3233162573404	77.98293243650124	412.57067232452573
0.6437126603969321	204.61618089758772	186.3819360512666	197.7783390802173
0.9502104111679189	9.624712503654322	3.3466215593918722	7.270428399555904
0.999945802884766	20.285480246518762	0.005240667324574844	12.680390404320942
0.9901587923643492	228.5779374625302	6.758438268919846	145.39562526492634
0.6957267313019128	281.30522791153385	228.7939051779814	261.61348188645167
0.7058717466734334	841.0718176041121	624.8709477471143	759.996491407738
0.8329498703694352	21.190262716715964	17.548799642482784	19.82471406387852
0.8796792455904681	22.01861447435435	12.461618661100857	18.43474104438429
0.9104430426510238	58.60772028079314	19.546050736858426	43.95959420181762
0.79508587134855	284.3793043936012	169.61417946820094	241.34238254657612
0.5675411956824411	371.2651949541665	355.3552404568183	365.2989620176609
0.779363986531246	680.8394012258127	405.1865579753289	577.4695850068813
0.981231607235572	66.39504636501637	4.482474326259634	43.17783185048259
0.9740421590821366	13.59001225234185	1.9924729611838154	9.240935018157586
0.9408050061213653	12.25176035201264	4.373333200909739	9.297350170349052
0.7943686047575037	347.1416611900414	204.1516870954198	293.5204209045583
0.6803939464744374	792.2958250044258	626.2808689610808	730.0402164881714
0.610643725342362	730.1741456116526	651.0835996166509	700.515190863527
0.9843647852249611	45.712046910025094	2.761442242320328	29.605570159635807
0.7009629483641269	921.7827653771004	690.0015012521573	834.8647913302467
0.7602462526046571	81.09573444375765	63.02961462781081	74.32093951277758
0.9293606836600077	29.22490162488827	8.981646546637231	21.633680970544127
0.7765142754363629	438.5388644924437	272.23961005142615	376.1766440770621
0.830345339856294	63.37087807140745	38.38709879806549	54.001960843904214
0.6446692977685289	607.6829304989556	520.0470753210939	574.8194848072574
0.5899507663612528	228.3767788492139	219.60875470056368	225.08876979347008
0.8396673338680967	333.07687197074677	156.33721557657526	266.79950082293243
0.8877578411313309	24.18478491200823	12.406217287289063	19.76782205273854
0.5857533211857879	540.3320669386352	501.4469077121961	525.7501322287205
0.8108354473725456	621.2568925817834	323.8581969391409	509.7323817157924
0.8843265066245625	88.85233102742143	35.55981743153953	68.86763842896572
0.7512769333724826	49.89539502499449	43.192124885086336	47.381668722528936
0.8948164556031243	605.9256198111814	178.63705833298383	445.6924092568573
0.9393664940573683	822.7151524804309	135.74791863072187	565.10243978679
0.8639395154469717	76.54343186108832	36.66390448658054	61.5886090956479
0.9871141605489888	121.41921014159183	5.10459098089202	77.80122795632941
0.8203505498448872	142.6793084682268	81.21499491239368	119.63019088478937
0.8851783410418139	77.90196224175949	31.596096153868977	60.53726245880054
0.47551287663852954	726.5295585365487	717.2622652311455	723.0543235470225
0.5905153328498641	204.49749380102602	197.96146576125315	202.0464832861112
0.6982018703221093	491.9167000735335	383.6950086118317	451.33356577539536
0.664564351441973	93.63980586757835	89.93538359760284	92.25064751633754
0.7939904241321164	50.33682493665705	37.49727619403713	45.52199415817458
0.7175503106347347	208.64676430145286	165.10067242970607	192.3169798495478
0.7358836579594489	456.6726912289006	324.292146219703	407.0299868504515
0.8451464979756794	62.435276922018005	34.905509107906525	52.1116139917262
0.7771918595694715	165.90505422632367	111.89379810000543	145.65083317895431
0.8394774411075566	111.80280077226907	59.19501267419467	92.07488023549116
0.6049605956307619	688.6198578329573	619.8314833855053	662.8242174151628
0.5954052471050826	213.0016776132291	204.645308262541	209.86803910672106
0.7565348347498619	244.67675719913015	170.9274231506033	217.02075693093258
0.9765650819989294	1357.872404168052	82.39233049035113	879.5673765389142
0.7649417242874139	136.94357514845697	98.40274022311252	122.4907620514528
0.5996693545831902	673.6781389824058	610.722458231592	650.0697587008506
0.9310307125313194	256.6741437391886	53.51455819289602	180.48929915932888
0.7647027634928444	129.81666806985368	93.903013247373	116.34904751142342
0.6991147851124467	897.8246558087918	675.9789516076484	814.632516733363
0.7603965430481623	751.5167614848892	477.25707166928174	648.6693778040363
0.47717421024912826	749.0165456506426	738.5267277578045	745.0828639408282
0.9063809882303431	38.98466168201682	14.767367027376487	29.903176186526697
0.4823256937998492	744.407168650194	732.6314968912321	739.9912917405833
0.7547461641347816	157.0599165319024	115.00114395119779	141.28787681413814
0.5559805222007105	371.71998412857585	358.87001882697626	366.901247140476
0.8510065620086532	246.67673605440405	111.11149210240148	195.8397695724031
0.860312687723964	124.77338122315527	57.12977099871495	99.40702738899014
0.6141746646119158	427.57042584187707	388.36301223364205	412.86764573878895
0.9131358991554157	294.56434516261686	76.42939882037211	212.7637402842751
0.7206978014500589	78.9413512630796	68.57029958527998	75.05220688390474
0.734309820150243	69.69033700028768	59.58807077547911	65.90198716598447
0.7279196575831978	958.2404795029054	666.0624853292913	848.6737316878001
0.7002075835969154	375.18783225922823	296.2806093357475	345.59762366292296
0.7071553488291906	212.1538589431002	171.83172242165955	197.03305774755995
0.933332825215745	53.77471861073495	13.570677506587074	38.6982031966795
0.7441558033266285	72.03524873113571	59.691006861754325	67.40615803011768
0.6384628841566362	496.5175181227519	433.2496247868895	472.7920581218035
0.780801501864166	46.97340059927749	37.28943290953482	43.34191271562399
0.7910235896049157	219.83008821333854	136.57892249163686	188.6109010677004
0.9971953072983488	1184.3102857784456	8.631482190330644	743.4307344329025
0.8532912592491706	22.271413130613745	15.22506504450555	19.62903259832317
0.5039198775329392	454.7655264310098	449.513220741541	452.795911797459
0.5852999873211552	351.47757569581523	332.127525583715	344.22130690377764
0.8936787665133841	352.1768654441955	110.00904425754831	261.36393249920286
0.841317860996166	23.52828834046528	17.010871659099607	21.084257084953155
0.9582600802327983	433.4170567079509	51.596104715564536	290.234199710806
0.6543574134246756	687.4589569107826	575.4555634745046	645.4576843721784
0.7470972723971034	112.07856685860459	87.05686386035795	102.6954282342621
0.7296914345261879	329.5103325135054	243.74742987206244	297.3492440229643
0.920427844822583	133.33366574237738	34.73110159950621	96.3577041888007
0.8555461632907466	26.235184143916634	16.714270405774585	22.664841492113364
0.7578883959965952	113.42765756654289	85.16455289114263	102.82899331326779
0.6977337600480806	444.56119990477424	349.2800924257978	408.8307846001581
0.48417666762417594	596.6227780803091	589.8509942560323	594.0833591462053
0.9231041521184836	83.16219440881302	22.426219200537393	60.38620370570966
0.8327955101426437	63.96196626644129	38.184632192519324	54.29546598872055
0.5791570984647262	205.61600138549613	201.46703509756617	204.06013902752238
0.9246408384167071	37.6824170486697	11.595561590758168	27.899846251952873
0.7651230311308492	243.05960211343864	165.04605839445622	213.80452321882024
0.5323282895127209	696.0936823544198	668.9957303046392	685.931950335752
0.7255427050506462	522.8134002493407	379.04272708751523	468.89939781365615
0.448448753363374	824.4263727412357	819.3395326309552	822.5188076998805
0.8776183603913841	14.328490457574402	10.680791528720599	12.960603359254225
0.9915783677577474	229.0033754644699	5.789559396173971	145.29819443885896
0.5388955000325478	450.78668181879357	437.1222537289706	445.66252128510996
0.9860046952021223	546.6670612719406	21.19271553645177	349.6141816211323
0.8627690722923662	38.28019377102953	21.064587333231366	31.824341356855218
0.9609512972399463	334.7918283208894	38.17869294499346	223.5619025549284
0.9634282945410118	36.20236030500037	5.430976788211732	24.663091486204628
0.597101416990975	462.3609361349891	426.7526383866942	449.0078244793785
0.629367951108338	728.001455795498	632.7469194962853	692.2810046832933
0.8856006595622973	21.774645281449164	11.776139379425278	18.025205568190206
0.830127975110219	53.78569861293665	33.56598268088002	46.20330513841541
0.805489912545623	53.40400088536943	37.520728332319194	47.44777367797559
0.8432671721977626	59.23897745673712	33.79236840574494	49.696499062615054
0.4569492652662259	736.3715889652186	731.7718829202068	734.6466991983392
0.853734867525593	17.698271331437926	13.701115076177569	16.199337735715293
0.7133039683323781	298.88499068419344	232.41692855063218	273.95946738410794
0.7219335580312033	217.08721715706875	169.34862888511427	199.18524655508583
0.8992702255465879	183.36513811163834	58.113398153189756	136.39573562722012
0.8993541038556049	26.048830433086824	11.746691977725558	20.68552851232635
0.45724455429239125	864.8336079632905	856.1644952452838	861.582690694038
0.5606146160676184	411.89240155543104	394.74522132744613	405.4622089699367
0.9164962988841294	405.1828175985223	97.98651413722828	289.9842038005371
0.9469531088014302	426.2984410312191	64.79541491086971	290.73480623608805
0.9228848653572653	259.780995906008	60.5628447023513	185.07418920463675
0.9742157414138091	33.751422532989864	3.619437665464025	22.451928207667674
0.5815087330551999	541.5867304436108	504.65815716061985	527.7385154624892
0.7133146052257853	682.6781783028314	503.3626273204896	615.4348466844532
0.8204697183608965	1081.161100001588	517.1682739913501	869.6637902477488
0.5960495424072824	184.94355685950464	179.4492329030151	182.88318537582106
0.8101165759738026	214.1786553279768	122.6262574936603	179.84650614010812
0.8332177387055213	1200.324088163644	531.9506898105758	949.6840637812435
0.9111690250503008	816.5990214652397	198.5211701794821	584.8198272330806
0.6941112401027828	800.9147858277438	613.7777358866397	730.7383920998298
0.9569507229621504	24.80381735999763	4.85096725658507	17.32149857121792
0.7829769918172831	250.17910402605037	158.6294569107127	215.84798635779873
0.7382855920769501	114.88238968431655	91.2195405213008	106.00882124818564
0.957124626464424	321.98449915606295	40.520756489200636	216.43559565598957
0.9651908368302011	450.23123760934675	44.432256304677736	298.0566196200959
0.8580991243491717	89.67928303867939	43.63307989461558	72.41195685965546
0.982601409553301	1449.0771979367105	64.95045071723723	930.029667729408
0.522244770529606	624.7320782251111	605.8586980310322	617.6545606523315
0.8038458197917414	324.6778407366582	184.10615684635258	271.96345927779356
0.7428460269373833	151.45071617171382	115.3528834807561	137.91402891260466
0.8755189100440911	174.78780923066344	68.67321251566219	134.99483546253796
0.9039728961497514	21.504279439797102	9.831602057774305	17.127025421538555
0.9726684648671503	8.810690397114087	1.7572833083653538	6.165662738833312
0.8524621639440667	100.17524017067936	49.76317341021644	81.27071513550577
0.587077744610529	245.35413768082103	235.575674970091	241.68721416429727
0.5578379445593159	694.6836731733848	655.422595632905	679.9607690957049
0.47406898250059826	906.916272648873	891.9123056295605	901.2897850166308
0.9732401739944769	73.18322538329149	6.9456973854940145	48.344152384117436
0.9469196321716111	85.46390986059718	15.795312042436493	59.33818567878693
0.9721146450612619	384.14239271601093	30.738034100836984	251.6157582353207
0.7588683417065998	42.03154123451969	37.1297935566578	40.19338585532149
0.5030309631896372	494.7262239472828	487.71332595098517	492.0963871986712
0.7840550816748344	123.94378164008465	84.11500155865626	109.007989109549
0.5198099125810224	577.5156891555511	562.026655224087	571.7073014312521
0.9458248108937634	12.747258751074188	4.068174760036602	9.492602254435093
0.5794179718457585	271.7874160827031	261.28434723844055	267.84876526610464
0.4658518470017591	904.8805327149336	892.5588347281026	900.259895969872
0.8882161404761229	14.980033608908911	9.319328111006833	12.857269047195633
0.8856929940250323	580.3011372805743	186.6223141653118	432.6715786123508
0.9915709923156577	353.828437624991	8.539625118066567	224.34513293489434
0.8868270445289972	24.874162426590882	12.75175173470932	20.328258417135295
0.684530533221616	158.62655581550914	137.89345149548117	150.85164169549864
0.9524130604588026	184.4272775782175	27.42714686067312	125.55222855913837
0.5570474901601217	402.8277712616421	387.4046494591557	397.0441005857097
0.7946952971730737	145.97872029159174	93.18831102152416	126.1823168153164
0.5957379729863869	817.4826133537467	739.1130085346663	788.0940115465916
0.5243198774838683	772.8106486547184	744.3877238312165	762.1520518459052
0.5052934236231545	450.09021487640894	444.7416072557103	448.08448701864694
0.7966511847824425	38.562047772654886	30.06953115671987	35.377354041679254
0.8705220982567503	24.192216199001507	14.245726324969304	20.462282496239432
0.9042367210789962	346.0405245771847	97.51760625017982	252.84443020455788
0.891936759424254	560.5478933333791	170.90781368624403	414.43286346570346
0.5549202082720373	263.26564626589004	259.46977694612747	261.84219527097906
0.7607676491468863	89.81879104213347	68.75874811661093	81.92127494506252
0.7085191766009195	64.37704332784757	59.66702101867406	62.610784961907505
0.9450833137098783	49.972546117985225	10.52611387040887	35.18013402514409
0.7779626181211997	54.09296170324932	42.22687037157157	49.643177453870166
0.766452408150239	576.8307403576331	364.6425664285784	497.26017513423756
0.8187475813077684	1155.7695973181599	555.7404134564226	930.7586533700085
0.6713887981072354	126.53173888896977	114.84771928997641	122.15023153934726
0.7237915993615505	677.0541609319572	485.53535091490164	605.2346071755613
0.8564146604068223	247.68922397384765	107.632846994419	195.1680826065619
0.775976358473333	791.8281483471756	473.0215394564657	672.2756700131594
0.9509352154446035	228.823675167088	34.23664024739841	155.8535370722044
0.6889232138522934	529.4718357625959	419.8765113389304	488.3735891037213
0.9193675490975762	335.7147904630945	79.76899087542266	239.73511561771758
0.5926264230911004	205.95003413528133	198.85112203063358	203.28794209603842
0.6084743408147636	673.0917447184505	603.793838235281	647.105029787262
0.9171793588137346	12.349064429787155	6.232331505082158	10.05528958302278
0.8524708198724132	19.932055688080037	14.379630945328895	17.849896409548357