0.5370591461305662	703.4054046788583	652.5369052059114	684.3297173765033
0.7699502372077724	433.16077175523526	292.20318097565496	380.30167521289263
0.7150590367900599	421.36027476493706	335.3816764503462	389.1183003969655
0.5847651688107034	788.0565983324783	741.9080824398446	770.7509048727406
0.7976484944414342	249.88168006513678	160.61030786546706	216.40491549026063
0.9105159721225876	151.91160956931668	48.506326935957816	113.1346285818071
0.9955315212524168	89.45444233613775	1.5558244545728854	56.49246063055092
0.9804088151242424	598.7129126277559	34.367246005226946	387.0832876443076
0.8691327662093786	265.23396677244796	113.21135680554869	208.22548803486075
0.8873583769322638	98.27297047262519	42.79592656477973	77.46907900718314
0.9660816667927874	75.25100560140083	10.476023841201581	50.96038744132611
0.6246284251061558	530.6137153517002	488.21145320345863	514.7128670461096
0.6884068864012061	309.67349542594036	268.38707947918556	294.1910894459073
0.5855603567065083	539.7890722936068	517.4718417848749	531.4201108528323
0.6610616643960818	1018.2808137855772	854.9236378852623	957.021872822959
0.927630396740153	409.7020133984218	91.89871524494515	290.5257765908681
0.7778361902080624	799.407981448735	497.0038898351573	686.0064470936433
0.7799450123222706	233.6216866633943	162.43465442668332	206.9265495746277
0.8986059983517066	100.84228213436336	39.400314959266886	77.80154444370218
0.8841312130289133	170.41147789918261	68.90696846114417	132.3472868599182
0.9392508968228895	80.7289675049096	19.890285713456656	57.91446183311476
0.8386638575222157	282.44278291770877	145.92546363056587	231.24878818503015
0.9244219788343458	30.897402152300085	13.311051907282117	24.302520810418347
0.9940548622593129	187.90624623742147	3.7782179870104073	118.85823564351732
0.7517474864038091	270.6773571615571	203.45659037874836	245.46956961800385
0.7732935618508124	221.5741038229296	158.86503859463318	198.05820436231843
0.934538285800504	342.22928783739917	70.87479936751498	240.4713546611926
0.7838614188248723	224.08193519959536	154.33201131202242	197.92571374175552
0.9338995507240048	1682.5044012817443	302.5116965136498	1165.0071369937089
0.9493972031850444	472.34823440619493	72.57571506079509	322.43353965167
0.9115722415521124	44.28508183203732	19.013182732834153	34.80811966983613
0.9289975783553539	205.8384025983123	49.61643961849181	147.2551664808796
0.8114307741160183	184.50991481909813	116.19064982165797	158.89019044505807
0.7261809955771087	1138.000155264941	818.9661659921962	1018.3624092876616
0.7439224940056183	872.5587476206015	606.3764650714361	772.7403916646645
0.7917833498937187	123.73584647463252	90.35543151462815	111.21819086463088
0.7784430232168781	321.0199651426045	216.3674468142473	281.7752707694705
0.5110939082105995	996.1205283001544	979.458359527771	989.8722150105107
0.6420358847740438	263.1092362801086	251.00587219357877	258.5704747476599
0.9315752632718751	564.9218929920868	115.58185402736231	396.4193783803151
0.9284623246345055	419.80975338902215	92.80984847772277	297.1847890472849
0.8640523231084623	112.4233801805543	57.071073571188904	91.66626520204228
0.7841976659923184	230.18192933697088	157.79134953253487	203.0354619103074
0.8277262453876507	980.0730791769912	476.3185437608098	791.1651283959231
0.8001453573885043	155.98732044641696	105.89308107639302	137.20198068265796
0.5358575224759271	856.4405276149098	834.6510973084046	848.2694912499703
0.7232685461553605	206.60324082643956	173.2569786151339	194.09839249719994
0.5269443655820054	932.8996099091329	911.2199540109801	924.7697389473255
0.9468077176649435	-31.292537890080794	58.690232794795705	2.451001116747891
0.8435926665118408	165.89057906810288	89.69326054807962	137.31658462309417
0.8400049999260538	47.795640596475835	36.48980882011229	43.555953680339506
0.9366161184901615	1138.0418818184605	202.0358880232218	787.039634145246
0.6003316180618894	990.1604338848808	908.2796139360651	959.4551264040749
0.5126128861782793	952.4398395573747	937.3421911100614	946.7782213896322
0.6318323191384481	396.2488825237946	368.35461135930836	385.78853083711226
0.617160476810282	633.489579988549	582.2913913045614	614.2902592320537
0.8719270670402812	95.99036389033664	47.55635594281809	77.82761091001719
0.7031320518560287	185.37108329865933	165.16617347682964	177.7942421154732
0.9961385051380552	19.32138409527352	0.5551287966195275	12.284038358278272
0.7943169629015862	1089.1928441899804	618.3491034688557	912.6264414195587
0.7113817554447738	216.4042027282714	185.58108092174047	204.8455320508223
0.9851674422696066	41.18153629455033	2.9985197722878816	26.86290509870191
0.571262650359739	777.5208939733344	741.2869123406048	763.9331508610608
0.7582220237670222	126.7894280300767	103.81889367417854	118.1754776466149
0.9743462263974563	131.3455884360331	12.217729574766636	86.67264136305818
0.9984960014389201	19.405198153502266	0.21606886122630087	12.209274668898779
0.9938508848509523	29.34421563546811	1.0236818976217723	18.724015483775734
0.8061002521403338	217.90598973851084	137.38617954972918	187.7110609177177
0.897582808995619	32.46656545890136	18.79616555548278	27.34016549511939
0.6245426552089872	555.3412283444196	509.6246266187284	538.1975026972855
0.804803435617277	265.49385067769526	164.18902210744636	227.50453996385193
0.8230883448982292	60.19090974291687	45.78285211566289	54.78788813269663
0.8448773756869135	89.2148062306569	53.76927300825897	75.92273127225768
0.7915160819321864	1161.7991947522667	664.5344783248942	975.3249260920019
0.7812168306503764	158.11973574440182	115.43657345692112	142.11354988659656
0.7862628340748784	116.51397399884411	87.90128380602181	105.78421517653575
0.9127823157693388	34.652383613875145	16.308766915378122	27.77352735193876
0.7134775012803597	221.18744818898318	188.29082953503024	208.85121619375082
0.9797024635921452	64.37214721832396	5.563708636001394	42.318982749952994
0.7060290393748625	187.8322873379272	165.9866409261096	179.6401699334956
0.9734409272314322	399.1496938013738	32.556587526222415	261.67727894819205
0.6957529014373092	384.8461645521153	322.41523263674026	361.43456508384963
0.9167712510627133	370.33747257380514	96.79873990499453	267.7604478230012
0.7664033666700962	383.5989610326055	265.0939405772347	339.15957836184145
0.9500380067304297	22.548172875025557	7.726364213865574	16.989994627090564
0.9742357685248753	567.9027504847609	43.23845113879605	371.15363823002406
0.9192641999216827	235.9314598898043	63.440820906694256	171.24747027113804
0.9923496006052906	384.0220477876643	8.983419481464608	243.38256217283939
0.8142027748016714	738.5214625838368	394.0404361351342	609.3410776655733
0.6797967701729194	234.98230736379122	212.86371596182136	226.68783558805254
0.97613389965153	163.8526607831851	13.618807784694326	107.51496590875105
0.977721679794344	435.5575477727005	29.47778010853483	283.2776348986384
0.9331183976912133	25.900259504450585	10.9384884364725	20.289595353958802
0.9853592258082724	215.3049824728488	10.472364571866777	138.49275075998054
0.6557205764787806	638.7377669502673	555.748963611712	607.6169656983091
0.6163595983707904	354.6243342274351	339.1629425995198	348.8263123669669
0.9606662818437599	958.4381083203953	106.41986235567674	638.9312660836258
0.6016261726072841	446.19209616965486	426.08868761468955	438.6533179615429
0.6243987307272213	721.356269421341	652.5284193963478	695.5458256619686
0.8151651406963472	108.842000710532	73.5974962381606	95.62531153339273
0.6016705521161818	869.7023711098427	801.1747319415058	844.0045064217163
0.7348790824227776	953.9855753872487	677.2508459109615	850.210051833641
0.8648669173555042	59.65277408148752	35.126418072951694	50.45539057828658
0.9705169613232623	42.60701752691584	6.122655199502923	28.925381654135997
0.9072440294245351	48.62204139429111	21.167867056292714	38.32672601754171
0.5879874234497292	425.1585127287442	413.9888523501553	420.9698900867734
0.7919415487096967	924.3073151815861	536.5816247194457	778.9101812582834
0.8828245040140027	106.1232051124749	47.25988704671845	84.04946083781624
0.8918782449027708	88.7680999456069	37.98441634424088	69.72421859509465
0.5038738809183277	874.580411372513	1050.3871722648346	940.5079467071336
0.883376237890731	623.459560644897	215.84023925101707	470.60231512219207
0.9145367154250962	348.41329532144556	94.20639994276456	253.0857095544402
0.7504992236837749	453.2444686792189	324.97800100669895	405.1445433020239
0.99113658098871	1028.8777375245427	25.222881872346306	652.5071666549691
0.9335815773599382	230.39942543065644	51.065127119752006	163.14906356406726
0.5758632992206156	636.0403267139785	609.6620959639714	626.1484901827258
0.9282718744267575	333.81953191037076	76.05745086626419	237.15875151883077
0.90893580347954	241.34956379074367	72.97369342002783	178.20861240172522
0.7347966421489595	306.457853882789	238.75674874545203	281.0699394562876
0.8602661092739154	817.115750408004	329.67793984878955	634.3265714482985
0.8358573903616036	731.7022718297827	348.01755368433953	587.8205025252415
0.5826550498421971	702.7911362390038	666.3946352928152	689.1424483841831
0.5755150274745218	564.668472329686	544.8402520500993	557.2328897248409
0.7767941355217293	498.95581383514804	323.96880761636174	433.3356865031032
0.6433109226999929	347.2186415499991	321.1002079759887	337.4242289597452
0.7422045230739568	120.39571943405484	104.66400279785914	114.49632569548146
0.8441767365012371	93.62519038662626	56.059107182807374	79.53790918519417
0.6679438982099579	302.3152064648856	272.46250776848353	291.1204444537348
0.6765511572680108	374.76073259201615	326.6476226916556	356.71831637938095
0.9528758814458291	76.76074622910792	14.820499668591673	53.533153768914325
0.751409604462122	637.7766053154583	443.05848473190326	564.7573100966251
0.9717620781433015	875.2133927481224	70.05423471630718	573.2787084861917
0.7801083232432725	169.52952193159229	122.98894912113371	152.07680712767032
0.7117880878841204	184.3209509818495	161.2007905797553	175.65089083106417
0.6749023000612157	490.0380432361501	419.72956940404583	463.672365549111
0.9893036340372624	324.1541641928941	10.854521292048645	206.66679810507702
0.9594464027123841	88.52507758079224	14.195598037359865	60.65152275200509
0.8545607596064888	222.2947125427967	107.51613405593147	179.25274561022223
0.9866198015886534	1194.269568895248	43.896676203316474	762.8797341357738
0.7698815160393779	347.7301603042605	239.7593592581574	307.2411099119718
0.61164520447151	1011.3941112289142	914.6726026970741	975.1235455294742
0.9618795618625325	213.67461731494592	27.31926595477472	143.79136055488172
0.9033061705880323	197.42748761591656	65.26123537936735	147.8651430272106
0.9090889379336154	121.91804949171595	41.15949970545537	91.63359332186823
0.7519792342809728	243.30610471309714	184.9676605004054	221.42918813333773
0.6776607354310273	322.9220380306232	284.4795353484228	308.50609952479806
0.7737678582134088	324.3360240152252	222.1450752606292	286.01441823225167
0.690348348404442	617.0577666394705	504.4731506922429	574.8385356592602
0.8282423668749408	353.4368570800857	188.45846121546083	291.5699586308514
0.9548828535341942	42.64905887360574	9.418160369429067	30.187471934539488
0.5317863476267904	989.1635606390164	961.3877661951108	978.7476377225518
0.7735503098205231	199.8912863806982	145.10137272086894	179.34506875826222
0.8135318663967556	97.40684059134183	67.90129100599763	86.34225949683776
0.6201527388387427	323.6399325586441	310.99646778657586	318.89863326911853
0.7480785270468238	109.32017959050509	95.47472154961739	104.1281328251722
0.867213580284631	66.24329587666045	37.19439602564539	55.3499584325298
0.7833527284898814	99.19889144860731	78.22110055583614	91.33221986381812
0.887994084455588	1327.4895607494548	413.8084399200107	984.8591404384132
0.6339657319328816	491.0601898949459	448.5586982770857	475.1221305382483
0.7892334502034636	197.2105997921185	135.2748416035547	173.98469047140708
0.6015885824746926	730.8991128283023	678.8547333871229	711.3824705378601
0.846115083985181	68.95975315590844	44.0011690724028	59.60028412459383
0.8512010197898172	399.0301740713272	183.4760441573526	318.1973753535867
0.9549282757893767	228.88161319769546	34.30576562817987	155.91567035912712
0.9591071045718227	137.697953959331	20.336497567657773	93.68740781245353
0.6822256428475195	181.71485359883286	170.33639451856527	177.4479314437325
0.8824444373398352	117.91385930900285	51.58518156869237	93.04060515638642
0.9221676597228007	227.9047514789669	59.35936931716719	164.70023316829202
0.8721844954944696	1044.8919651041074	378.41552238044096	794.9632990827324
0.9506409918581684	153.43240585271528	26.878473210159285	105.97468111175678
0.9153739749362504	375.18637387979015	99.57121773517949	271.8306903255612
0.7552123183118364	893.6350269269407	597.7746226118101	782.6873753087667
0.5929483468902595	758.5577126266185	709.6743199725529	740.2264403813439
0.8918815269366451	864.3636824687734	269.2560871138488	641.1983342106766
0.8764387842122598	575.6591209529479	212.6708514620264	439.53851989385237
0.8195064928650647	149.11385462232477	93.36099036969635	128.2065305275891
0.968839353909966	1242.5201011738363	106.6586243481039	816.5720473641866
0.7021011189936882	368.6506060521983	305.799719457975	345.08152357936456
0.7329246013721208	211.97372131355988	172.9017497363333	197.3217319720999
0.8220318106311164	344.85827431145526	190.48295021689808	286.9675277759963
0.8777397418942984	119.62518628313765	54.210060133983006	95.09451397720466
0.9851285312131938	30.578805271175376	2.5377239308477595	20.06339976855252
0.952186947413031	130.24863463425265	22.764257497543433	89.9419932079867
0.9896176641645192	332.7760043317556	10.782934366681559	212.02860309485283
0.8373668036865463	51.36119403675281	38.374333155129044	46.4911212061439
0.9660193128780181	17.775218395042515	5.039432485527895	12.999298678974531
0.7863366265210295	104.8443405821979	80.75475247384335	95.81074504156494
0.6155493097254852	359.9562135046549	344.1344036750236	354.0230348185432
0.9055609346020982	368.9760055750488	109.53106024288033	271.6841510754856
0.9639444957204669	71.84310759220534	10.76537995782158	48.938959729311435
0.950675620514779	431.39118813596144	65.24868440758004	294.0877492378184
0.9976850846567166	771.95867850094	5.062928307569223	484.372772178426
0.9263007144374784	42.21753291017459	15.367197010076431	32.14865694763778
0.8921628479492366	35.37107523274559	20.56755611637475	29.819755564106522
0.9845475229442997	232.52803473772272	11.80680987109875	149.75757541273873
0.6860316061902307	219.37960611074857	198.01726844202847	211.36872948497853
0.9460788188138308	353.32775588027755	59.88689378540391	243.28743259469994
0.9980038275783913	38.108655864743845	0.38269335594752363	23.961419923945225
0.850775324100338	130.6519609944499	70.38833524332935	108.0531013377797
0.56867581089062	923.3053113800436	876.0148863711524	905.5714020017094
0.8098688522422057	170.7162246922467	109.5226361338255	147.76862898283875
0.9808253262423593	300.4009360759065	18.283550582086548	194.606916515724
0.7485288820154825	115.28733675772293	99.21743232656107	109.26112259603723
0.9955486350688749	123.40514777048031	1.9991689010656444	77.87790569444981
0.830423662720347	827.5698057860089	401.74636120897014	667.8860140696194
0.8302236561113006	960.8940917352975	461.3165110846219	773.5524989912941
0.8409526945423841	293.39652114827527	148.8798375554662	239.2027648009719
0.8414831095917056	470.3661261091781	225.68444097500645	378.6104941838637
0.9664632848499678	169.76797258882232	19.78022165235329	113.52256598764644
0.5909529557625961	893.2694284828964	831.3200105975201	870.0383967758803
0.9420064995155981	44.513235108714184	12.47247620350338	32.49795051926013
0.9503673132635687	580.9114034381299	85.59723052179038	395.1685885945026
0.713939409735145	273.6535588260559	227.33568015394692	256.28435432401506
0.7818100106767615	176.14592653583122	126.28781826396927	157.44913593388299
0.6719224970653302	280.0210321963052	252.49719252925237	269.6995923211604
0.5138695938950133	935.1677338386165	920.3667885937249	929.6173793717821
0.9571340102865645	461.50700342258096	60.09402774250978	310.97713754255426
0.8735561216836921	-57.514192829170796	117.69888133347318	8.1907099818207
0.7195869495854114	256.9850179779846	212.05089026933808	240.13472008724216
0.6946589509694392	197.26963261344187	177.4360050458313	189.83202227558792
0.9526471261737469	215.34844492259367	34.244547595264535	147.43448342484527
0.7979982260411462	650.5843015905218	378.4658978688362	548.5399001948897
0.7211140395176826	146.44287119391703	129.87086281350633	140.22836805126303
0.6744899005027413	246.65285105814127	224.35894190317686	238.29263512502962
0.6903633574751608	267.09599663077455	233.92635953706395	254.65738272063308
0.7371094113419746	275.9369946745288	215.9638779640448	253.4470759080973
0.6907201729378732	605.1631261679921	495.02516202822073	563.8613896155779
0.8721494166905818	1373.0624679635487	487.03648455786885	1040.8027241864188
0.8495536137244311	614.8879818796563	273.41390047563954	486.83520135315007
0.7604590006802014	779.9008978947465	517.655907087981	681.5590263422094
0.6212647928864135	314.22673621550433	302.7301150720211	309.91550328669814
0.890077494044328	66.65414934772969	31.12654748538916	53.33129864935199
0.8255837678544637	129.34027400460434	80.47602583812852	111.01618094217591
0.9624881764557318	1212.5664814373067	125.83835270968564	805.0434331644487
0.7458352034323696	261.86265918342883	201.07702274717772	239.06804551983464
0.8517153078797379	215.20032923702234	106.49201991921173	174.43471324284334
0.6727995823349092	625.7104277037288	529.1235871660274	589.4903625020908
0.8867224409689386	63.938935058036236	31.105184854924257	51.62627873186925
0.5414428743855598	975.8754399814998	943.0796126335924	963.5770047260345
0.6585038170078953	572.5015836225127	499.258309456623	545.035355810304
0.9720083551499564	18.173310826775836	4.093994096493869	12.893567052920098
0.8486716171917883	649.9163159758969	289.12791611897364	514.6206660295506
0.9077951254416973	238.77889777473567	73.21061557873705	176.69079195123618
0.9903246658188175	33.18732397480849	1.7198122309798798	21.387007070872762
0.9283241785110464	77.06887656689686	22.678011514773562	56.67230217235062
0.8979273464638412	65.33605576863353	28.53019757397917	51.533858945638144
0.9388433381475944	138.84509675265326	30.742809365385583	98.30673898242789
0.892020801404699	879.5796882805535	273.22643201519253	652.1972171810431
0.5413381855348277	955.6184157214764	924.2476203765807	943.8543674671405
0.9199875843658903	272.3061484535438	71.12102502923351	196.86172716942747
0.8233428069197649	167.39692690994718	100.96342496262417	142.48436367970106
0.6752847182268048	1008.9521576044469	825.1247092579358	940.0168644745053
0.7342002031619055	203.55909284436785	166.31422374201378	189.5922669309851
0.9023724433472444	1323.1342133508317	359.39740953428736	961.7329119196276
0.882189305827195	437.53711277365574	158.7029224495349	332.9742914021104
0.8494230182157058	1400.6743051572519	582.5940248235281	1093.8942000321053
0.9227468349492982	225.43802016172225	58.368492470544595	162.78694727753063
0.9883342432177499	1786.9799072874096	55.33361555573424	1137.6125478880313
0.8950562731563448	68.76063242543563	30.429118684343102	54.386314772525935
0.8592127893371727	68.99084629553587	40.49156667913886	58.30361643938699
0.9445438149700043	95.85307729654016	20.70741576643944	67.6734542227524
0.924348513248336	565.4785238928253	128.0575271188825	401.4456501025967
0.5673695740899307	729.4075551327466	699.5918063777307	718.2266493496156
0.711074749910549	250.33173609614298	211.31056929391863	235.69879854530885
0.9683787659541488	18.119894129567502	4.668940678333026	13.075786585354574
0.6461033623286063	471.37574739290363	424.46887841376457	453.78567152572646
0.616070211690822	486.6913371947519	454.8384156552195	474.74649161742724
0.9670381890757352	19.36292116775234	4.868300577688684	13.92743844647847
0.5857250613242708	681.0022858216847	644.8698590869848	667.4526257961722
0.9675796535660226	53.32646186591928	7.813444845217155	36.259080483155984
0.9438894482112885	1470.2989180756479	226.04841159300577	1003.704978144657
0.9540877705305321	755.2216793272444	100.2145887676536	509.59402036739783
0.9430657747819884	20.09440234029329	8.887932160450546	15.89197602285226
0.5337434428987867	983.4630188714249	954.8800082254744	972.7443898791935
0.9337400554319635	165.40491663083222	38.50913010610471	117.81899668405941
0.9384681173399785	39.99908183063944	12.392315351939775	29.646544401127066
0.7276837826579423	310.7290741363667	246.3749581811939	286.5962806531769
0.9566283391878747	1644.9266792147637	193.12857639614992	1100.5023906577835
0.9745302800483691	213.40590198999507	18.156575639992013	140.18740460874392
0.9851805326010133	125.58833225655668	6.777857828859041	81.03440434617006
0.619682815698427	489.33760271893317	455.2196018241088	476.54335238337404
0.9337568757493228	31.877025583033642	11.788597360801766	24.343864999696688
0.814287537980975	935.9612291915929	489.67134816741634	768.6025238075267
0.9910940410675303	358.6614989904043	9.879650114532552	227.86830566195243
0.9900561540210484	37.27208745114136	1.8884388843660105	24.003219238600604
0.9561757723726743	140.23323096109016	22.136567172315956	95.94698204029983
0.9913834117947967	1318.1115381245565	30.76682923032172	835.3572722892185
0.6596029606195725	547.1366368122883	477.6829897772104	521.0915191741341
0.9712062360043267	439.8484407705812	38.52375997724431	289.35168547307984
0.6735927869231229	636.436940016809	536.8094441554712	599.0766290688073
0.6264368847489502	676.0862489237359	612.0863178608015	652.0862747751355
0.8360661760988713	298.083747236145	155.2881956804638	244.53541540276453
0.6127059566346702	1018.8580844210925	919.9139557445031	981.7540361673715
0.8078886522122665	945.397355442397	509.862514099215	782.0717899387038
0.6677282004687822	573.1510536370255	491.9703533166838	542.7082910168974
0.9546434161064552	18.46900858694236	6.945408436092228	14.14765853037356
0.6435088844642	311.87363641842825	291.05655178966146	304.0672296826407
0.9604582797624964	1099.9890439787282	121.31922849641609	732.9878631728612
0.9856369595676904	212.3100949126572	10.149381731084304	136.49982746956738
0.7038282711856508	268.0384567355824	228.26184545620538	253.122227505816
0.7614485371822229	505.8457786289901	346.5626193775544	446.11459390970174
0.5861690298559858	523.3057748747257	502.3078674606758	515.431559594457
0.9471724300670593	77.7667437941669	16.795438971247364	54.902504485572074
0.7487502339010752	118.52222687770495	101.30805346521726	112.06691184802206
0.7141319880672315	250.04640724217685	209.62164018014167	234.88711959391367
0.818193887088565	270.0729193868461	156.51090512918122	227.48716404022178
0.6593786348178434	474.1256071033517	418.1204414482559	453.1236699826908
0.6956721598139679	234.91585413089499	206.38597894668615	224.21715093681667
0.9847229067696185	62.49007130532925	4.09079975683888	40.59034447464536
0.5562542524191139	803.7986908018217	774.4018463242176	792.7748741227202
0.6415649812736892	262.3761838920691	250.68365304230622	257.99148482340803
0.690393846341862	517.3670726547725	428.25833679414734	483.95129670703807
0.8404766330000548	145.04539810686884	81.62517065304665	121.2628128116855
0.9690737710045918	954.1164289068744	83.10413108044565	627.4868172219636
0.7033971500022546	394.6311441181606	324.52086065855826	368.3397878208097
0.66308298632882	238.5097762253055	222.19525085729995	232.3918292123034
0.6874914679303686	468.9953550326437	393.37711061679715	440.63851337670127
0.9608098016660841	840.2163927552174	94.02508813970599	560.3946535244006
0.6398869441863637	639.436243388616	570.054821556379	613.4182102015271
0.8953313263533483	482.4206555326595	153.95873591476806	359.2474356759502
0.9401805290785291	717.3491674822451	125.05993403888152	495.24070494098373
0.6544986643721749	887.1069782836613	758.9533843501857	839.0493805586079
0.8645309956699553	855.2853065145039	333.5070594252874	659.6184638560477
0.6338770919413143	528.0955014937756	480.2390490568371	510.14933182992365
0.6473505250566661	561.2975090357045	498.8099118570651	537.8646600937147
0.734987224464477	401.2000689506592	304.47047159045053	364.92646994058094
0.6365213832426598	377.20559756471937	349.78513468696747	366.9229239855624
0.849129048708527	881.3775251541936	380.70937476608157	693.6269687586515
0.7963051014146255	203.99345597306367	135.35552106756413	178.25423038350135
0.8765164190631837	63.99600638819784	33.84111887866948	52.6879235721247
0.8049339990991622	1054.1824650916856	571.843338986149	873.3052928021094
0.7818691984754884	181.20813044851317	129.36452060038923	161.7667767554667
0.7269004978260961	432.2880535014533	333.16662419066483	395.11751750990766
0.9250771242391386	290.8825213298064	70.49375360618674	208.23673343344902
0.9856273424586645	144.89789961652556	7.387274646786807	93.33141525287353
0.9642317183810932	229.3515090851579	27.202928140471542	153.5457912309005
0.8838853375406451	1069.7254612407974	351.5142990652868	800.3962754249809
0.8779831203098492	403.752529992433	152.93669091711845	309.69659033919004
0.9006253954030745	42.26063524264031	20.777846526391684	34.204589474047076
0.7676271204248948	752.9994310346264	488.62859124921386	653.8603661150967
0.7783519701947811	455.26981953454697	296.3731819435518	395.68358043792375
0.9286622603011077	171.13747243914614	42.677269824708134	122.96489645873189
0.7478751182667347	297.60296503238516	224.02129354849237	270.00983822592536
0.9827065501137446	1685.9829042871654	77.91133089294158	1082.9560642643314
0.5672285352177104	844.9240334458717	805.4623913212291	830.1259176491308
0.9809453324355895	25.21144196238902	2.983612399457666	16.876005876289764
0.6821407978972573	1014.8290383356336	818.2155460069628	941.0989787123821
0.9731507413148992	337.59322113584244	28.432965502548853	221.6581252733573
0.763809691473437	480.6363369053287	328.1310102774589	423.4468394198775
0.9994101398097551	234.49417368252182	0.45118871501613	146.72805431970718
0.747459362381623	442.1005015811981	320.6981713747086	396.5746277537645
0.6250551486345095	556.2100119114087	510.045401267361	538.8982829198908
0.5929612124771666	838.9544562638761	781.3177871345746	817.340705340388
0.8925729827640826	94.58667665127052	39.65427642922651	73.98702656800401
0.8646335460420185	590.3891309194405	237.92256150063622	458.2141673873889
0.7906902128433452	787.8278285623455	465.56820458273614	666.980469569992
0.871243457030457	45.4887815919663	28.160520646165864	38.990683737291135
0.7800214080683934	186.12723192419185	133.28555645277208	166.31160362240945
0.7265212934408564	240.52211227700434	196.5158968827551	224.01978150416087
0.9857453007680247	148.40743086632125	7.471365570015948	95.55640638020675
0.8571859271223851	327.9660881924404	148.29118500025714	260.58799949537166
0.8164586775939771	128.4941994669876	83.72413346202704	111.70542471512739
0.6718137016891043	394.08513068360605	345.0149318034522	375.68380610354836
0.9510999720721067	225.02692177972563	36.71913415251947	154.41150141952332
0.9202291062687421	55.98576597371378	20.02355572221723	42.499937129402575
0.6134631959412393	432.4117880757726	408.4781790116642	423.436684676732
0.7254654480303375	666.1978291103019	497.99548321072734	603.1219493979614
0.9023899988255716	170.55017152395214	58.23799713851656	128.4331061294138
0.9670824348960673	286.73177877092473	30.305583652367858	190.5719556014659
0.8393570277835984	54.66138291110096	39.21167894627922	48.8677439242928
0.7762216649111472	238.05511855859575	167.40294489127805	211.56055343335163
0.5575233923864245	679.9298016135954	659.2905195600506	672.1900708435161
0.7265087836806183	169.84664993112682	145.0424979600254	160.5450929419638
0.8185170975152652	81.32111522061952	57.72449287091212	72.47238183947925
0.6926384611085248	758.5866923280813	608.7362739145859	702.3927854230205
0.935813620962444	136.2685501900596	31.78697212294064	97.08795841489001
0.749593581987512	315.9496578413771	235.1355168255371	285.6443549604371
0.6466784076537457	492.2138622720574	441.58138251372867	473.22668236268413
0.9937166696040777	26.504206941242757	0.9979811386322801	16.939372265263827
0.7295960073518134	1088.1422823498426	777.6964224405255	971.7250848838487
0.6376498848405943	416.30980588303873	382.65653422008677	403.6898290094317
0.9772309944024065	72.64113283091154	6.824873812506766	47.96003569900975
0.6745058453525046	361.0333796523552	316.8053097539908	344.4478534404686
0.6564362997847175	981.7028039528158	832.548888852683	925.770085790266
0.8901355554514968	345.7080615297286	120.23822385945881	261.1568724033774
0.5905440917902476	426.1476784343097	374.5609835123464	406.8026678385735
0.7640302749487317	140.86555751297644	111.16164216720931	129.72658925831377
0.5618641803677363	640.7692728559559	621.0713071104822	633.3825357014033
0.8338811125569127	312.9379174379247	164.08948986991328	257.11975709992043
0.6481630023980227	1027.9644199769054	881.8620982961938	973.1760493466386
0.6528213825254537	845.2900002679294	727.1006024556234	800.9689760883147
0.7478752710275804	776.0264153435862	537.1463649487432	686.4463964455201
0.6928775080643557	422.16568640317416	353.12280481394953	396.2746058072149
0.8412956647691678	340.31350922813414	169.32667713445966	276.1934471930062
0.8720110167280765	79.35175893748585	41.037773470201415	64.98401438725419
0.9203488326006366	53.71370439377173	19.431841099093354	40.85800565826734
0.7204831839785533	887.1666363430152	658.8588993563162	801.551234973003
0.750230317318651	127.89462864277657	107.18281705299732	120.12769929660935
0.8689558828394686	108.36470251423793	53.51170204353028	87.79482733772257
0.9257302717313436	162.5856571916999	42.58322832481737	117.58474636661896
0.648152690457071	846.5113355292493	733.6384288158919	804.1839955117402
0.8448601696278006	120.2775607387687	68.19924408731549	100.74819199447374
0.7224960278438316	332.54844511853213	265.44710828173226	307.3854438047322
0.8641715402423644	130.2441862875178	64.26254442371669	105.50107058859238
0.9057224489008538	1537.638752086053	398.706777537971	1110.5392616305223
0.8247165403977965	230.12079560560605	131.71105034850987	193.21714113419497
0.601417664758148	682.7745484923795	636.4095504227424	665.3876742162656
0.9657731164218157	102.69920194723296	13.426120863999387	69.22179654102037
0.8846618658104536	68.82699025953494	33.39117690410906	55.53856025125023
0.8075874934463726	169.6185642250605	110.05373339261124	147.28175266289205
0.6309517899077088	402.33764992224263	374.0210885472904	391.71893940663557
0.9700235021526128	378.1320563445936	35.093434215511195	249.4925730461877
0.962033819226423	450.4214693903159	52.014704705240916	301.0189326334128
0.638470125932359	541.7774116036175	488.8040311595226	521.9123939370819
0.9424611278477826	118.68307935918989	25.45598271711208	83.72291811841072
0.8606922636003528	492.9358323677833	207.97950223099565	386.0772085664879
0.783883774839675	222.82551659337238	153.56395525214813	196.8524310904133
0.8540489385788579	77.52756998419872	45.656532840174386	65.57593105518959
0.7383032606809096	331.35938904017263	253.68136069385758	302.2301284103045
0.8794360947554043	283.16163450002733	110.63952350827554	218.4658428781204
0.614637962129686	340.72421595866086	328.02855994122893	335.9633449521239
0.8294506428284969	59.37013201693277	43.774754651851694	53.521865505027364
0.6508779713652383	391.0209183921915	354.34607585708085	377.267852441525
0.880192822795187	587.1983414212472	210.0008405963671	445.74927861191713
0.6146888544631037	993.1785601145617	895.5345822007351	956.5620683968767
0.7483235673135622	548.2145569636193	389.3297652373058	488.6327600662517
0.756361414889577	18.94435630804331	159.92100716551272	71.81060037959435
0.6074522875047741	427.0269637307301	406.48027925618413	419.32195705277536
0.7321473856584177	160.98676499085073	136.57919909721969	151.8339277807391
0.6821704064491433	250.4429009979255	224.2885662173233	240.6350254551997
0.5356955760236062	809.5021094861064	790.8054201057865	802.4908509684865
0.8705089788863009	78.32263861857561	41.09038533403733	64.36054363687376
0.947340459651944	132.10869277185168	25.385820900462768	92.08761582008083
0.7919500194581343	176.47397952441938	121.63924433392097	155.91095382798247
0.8570282067676017	87.55674173290569	49.13051725003848	73.14690755183048
0.9466052712784679	284.8461057937938	49.14649875549286	196.45875315443095
0.8512462668464915	220.18753408692447	108.93418525626572	178.46752827542744
0.6902262846776213	458.2172474067714	382.8922947408319	429.9703901570441
0.8875959143663906	279.67758249447525	102.17455834724255	213.113948439263
0.6821919812341282	856.9948759584735	697.7475165235572	797.2771161703799
0.6460832289537549	261.5592391403593	247.8968030163055	256.4358255938391
0.8145412311669169	255.54963122458423	151.78509873966408	216.63793154273918
0.8142321890067944	576.8224159125085	314.48604690743696	478.44627753560667
0.890265180753211	90.2168327389772	39.02341982269378	71.01930289537091
0.8171018667181399	522.9973849219174	283.70114979321136	433.2612967486526
0.7449684756060204	808.9975309129347	563.3896689766405	716.8945826868244
0.6187994893950034	819.3777905542433	741.7199734224846	790.2561091298338
0.585134969904614	1017.5363481660404	947.371983069884	991.2247112549817
0.9203176112200743	132.71126514226455	38.659340289486785	97.44179332247289
0.6613276566256406	412.31525326531005	366.15119753028955	395.0037323646774
0.8330795444135475	170.408252716201	97.3945336708415	143.02810807419118
0.6650900282417085	789.5761314458762	667.5230447231199	743.8062239248426
0.7711987843433418	137.04749491306353	106.07215638774937	125.43174296607071
0.8667455549463646	237.3996576410302	104.65485238141682	187.6203556686752
0.819615692071691	230.50654529560967	135.3517001225605	194.82347835571622
0.7014175470940857	126.79013256620215	166.8842831948853	141.82543905195834
0.9049697231103534	45.88242545775455	20.894116510361954	36.51180960248232
0.8178338666177624	208.632006561627	125.24797766836076	177.36299572665217
0.6383311232706772	777.1212382423099	686.8422520896373	743.2666184350577
0.7591959709385718	94.01892115648407	82.5939449071018	89.73455506296573
0.7681034939028917	153.23411011609832	117.71356656253695	139.9139062835128
0.84483471510216	63.47378492855811	41.81773777421363	55.35276724567893
0.518755923296353	877.2864789821873	863.271852270868	872.0309939654426
0.9885705202521736	95.53762338719253	4.202788127177946	61.287060164687055
0.6236263618252744	495.17175148001417	458.1120801353309	481.2743747257579
0.9139505359429286	760.0584548878345	190.46838535199993	546.4621788118966
0.8315425608532669	197.74249425650146	111.47828577246793	165.3934160749889
0.8189847896242503	62.98156335735323	48.163221983800646	57.42468534227101
0.9915212056457513	29.09214533274408	1.4071306624436435	18.71026483138142
0.8353727922840274	-24.761849676545324	111.05060332461869	26.16782019889118
0.8996104156162261	50.07970822426972	23.346739389057632	40.05484491106519
0.7765717874097412	285.05383378768926	196.01952697501196	251.66596873293526
0.8645958071777499	122.64944140536062	61.00470068620962	99.532663635679
0.8980447666414091	44.84832760476941	22.09937575162182	36.31747065983906
0.958937483476027	86.73596887215692	14.151460325229117	59.516778167058995
0.608106246844583	568.8096782848279	531.453097817717	554.8009606096613
0.8836353853019704	1140.5173689693315	373.6280947408065	852.9338911336347
0.6982159202566262	790.8816636700544	625.1413313403673	728.7290390464218
0.6338214119250355	452.0146956918442	415.2263501458943	438.219066112113
0.9506126427870434	153.77399765938875	26.94373819623467	106.21265036070598
0.8957378349046908	627.9575807437406	194.3191208638673	465.34315828878806
0.7037862161426397	605.2371861259268	480.99958948394254	558.6480873851826
0.7592640434184817	317.0030823526295	228.76358071972246	283.91326924028937
0.9692433252624997	250.13074766864167	25.151217481303433	165.76342384838983
0.7032428659864521	500.9943753735329	404.28509167347124	464.72839398600973
0.9943877899623061	1596.4832170972093	23.995308741051986	1006.8002514636503
0.6277142520664143	316.4249615311063	301.50610183402046	310.8303891446991
0.7435237096969273	519.2932209374217	375.94120176106094	465.53621374628636
0.7206321165621907	136.06000124989353	122.70539046415044	131.05202220523987
0.7016421009608594	539.453547643356	434.47752699972904	500.0875399019959
0.9056782652577321	421.28942705403836	122.96160658973008	309.41649437992277
0.8448030369319488	847.4861358226907	377.3566318774932	671.1875718432417
0.7710793456885965	211.81721194332795	153.92693292713562	190.10835731225583
0.801016553565861	135.1498847545435	93.56968206164214	119.5573087447055
0.5194072333019142	935.7264888292877	917.9181939997814	929.0483782682229
0.7623101225283686	168.51674688815046	130.08352752358928	154.10428962644002
0.8394014317238995	98.53101175503525	59.98670903369851	84.07689823453397
0.7081356018219439	903.7472170803022	691.9075514423099	824.307342466055
0.7559435202700678	110.88966416753443	93.98600863439277	104.55079334260631
0.7055010404975715	319.9129501556764	266.787832728946	299.9910311206525
0.6029773655290664	498.1809717524782	471.6741806359728	488.2409250837887
0.7325101384619535	194.0036915473919	160.19274510092993	181.32458662996865
0.9127773367394729	449.9295510524895	120.53572703002831	326.40686704406653
0.6999976436588727	500.30221989146276	406.71515226784686	465.2070695326068
0.9858671845060288	1217.4788768065732	47.223646174642795	778.6331653195992
0.6024626842306616	1026.3398651119026	937.7627801669217	993.1234582575347
0.7419590645584014	700.746899387902	497.77558507122694	624.6326565191488
0.5420032578787657	673.4978881589076	661.3698960040541	668.9498911008376
0.9597742172197596	195.15449623821144	26.715491490553106	131.98986945783955