0.5693127363287511	1728.9625028699986	1582.5541718904976	1674.0593787526857
0.7818896554777257	93.03172863822263	70.90626442793382	84.73467955936432
0.8962248158321373	27.41620819091549	15.816526753986535	23.066327652067134
0.8868229893030944	330.7351877866309	114.01159283404216	249.4638396794101
0.9972403465519841	513.0181317645175	3.999403040096837	322.13610849285976
0.9183260820384764	57.485468031049805	19.448101816247775	43.22145570049904
0.5627317873916082	842.2604731952808	795.2406901982529	824.6280545713954
0.7517867435873932	2257.1430297002653	1402.3649013524403	1936.6012315698308
0.9942054365293255	759.6729126725579	12.02946673362095	479.3066204454566
0.9452703946054527	507.14478436106964	80.21057775851449	347.04445688511146
0.6747949314854376	335.29509903743445	288.3127050805338	317.6767013035967
0.7919931763557216	133.4073867493492	91.77063882315832	117.79360627702762
0.7914114676315054	437.67945038238776	262.01721531883305	371.80611223355476
0.7749342496387306	162.37573245213235	115.85639714586074	144.9309817122805
0.8192182932809379	231.88890783464996	130.72634551203367	193.95294696366884
0.8837748697386871	29.302648767278132	18.450170942063192	25.23296958282253
0.9003540408125502	3091.732030131633	781.3728513096889	2225.347338073404
0.44227710193404585	1758.3948017773234	1739.4103161564797	1751.275619669507
0.9158050324336888	23.723981049345664	11.96948120841493	19.316043608996637
0.624595424044894	892.4121065663779	783.7423189359453	851.6609362049657
0.8895935182740244	3258.3937753613877	911.1461174108777	2378.1759036299463
0.6211130896058971	894.2054961177437	789.1173742749102	854.797450426681
0.9157259394543242	60.03498656344341	20.71679871556489	45.290666120488964
0.808214411157641	1250.7932729199372	638.1674088043196	1021.0585738765806
0.6984407667449151	130.14144677966104	119.5921090140535	126.18544511755822
0.6061782503326104	312.66761660253763	298.98780406594886	307.5376869013168
0.44469220553173616	1986.4986025103249	1959.4906332869646	1976.3706140515646
0.9760856190410191	209.9324115894815	15.980066493342576	137.2002821784294
0.8803978050391348	83.37825642001431	37.600136914162796	66.21146160532
0.8245806143555006	73.20679820935905	48.69312426792138	64.01417048131992
0.7209591388171668	174.05628247853662	144.76280059293424	163.07122677143573
0.6393077895768352	1088.346620606102	925.7695066171856	1027.3802028602584
0.8421266445884322	56.2381412836169	36.39364327859475	48.796454531733595
0.6376421588562984	668.7650772744921	584.6832996250178	637.2344106559392
0.7955318338099523	1714.2275789005942	909.4749352256961	1412.4453375225073
0.878277430779652	1049.3616804085473	348.7155503274936	786.619381628152
0.8740027274998867	95.08330656308499	43.894615856861975	75.88754754825136
0.8349705343909068	75.87527813698317	47.35563241926533	65.18041099283899
0.7814013717351023	61.82112688711054	53.45642310171729	58.68436296758807
0.9931432968458763	48.654593762977186	1.4236937533788954	30.943006259377825
0.66315974462295	1314.1362363344008	1061.658799004974	1219.4571973358659
0.9684300056151601	115.19469876800305	12.79963114755897	76.79654841033653
0.6857882235885913	786.1426128250744	623.2944353278017	725.0745462635971
0.6044211086563361	842.6031729487985	762.0318712959403	812.3889348289766
0.9291574793944594	65.52920665309036	18.581551067089407	47.92383580834
0.5406562599982521	804.0097921839583	773.6521629369486	792.6256812163297
0.768782863632454	93.89568665293856	74.92169666112494	86.78044040600845
0.9715704478369994	31.245439694591	4.47490112710495	21.20648773178373
0.6643755181138411	236.6637451175498	213.73513490331487	228.0655162872117
0.8460407888499465	110.7795459870914	60.11219643624658	91.77928990552459
0.6632420012840412	1467.0851677706823	1178.7356791614334	1358.954109542214
0.9391268969998136	28.554054340845383	9.220318643322237	21.303903454274202
0.8442192394071647	325.19145140259684	153.39360814343036	260.7672601804094
0.6546688704835801	545.4511538845721	469.59291606331715	517.0043147016015
0.7632514526648286	94.16346525990505	76.54017251103866	87.55473047908015
0.6366422647103732	478.74615898607095	427.4220211509209	459.49960729788967
0.8516987963797533	404.8282545670787	177.90596756334253	319.73239694067763
0.5895108546544424	863.6315594519547	793.7112844100479	837.4114563112397
0.7218243101998052	2255.321385162888	1541.2542203145995	1987.5461983447797
0.656658269916412	469.3911101230144	406.65740641778996	445.86597123355523
0.8067850795830099	115.52669874745791	76.38404656102605	100.84820417754597
0.9711580986549347	33.58962698732585	4.738737854788729	22.770543562624432
0.7441191830144089	129.21658759646155	105.30167236874101	120.24849438606635
0.9268660960436563	139.8796422605503	35.10322064946404	100.58848415639295
0.8717174955732019	62.912354722341775	32.4207231207304	51.47799287173751
0.46449928787494593	1369.4917176336053	1351.0300033958279	1362.5685747944387
0.9035084763911182	109.10702176743771	37.760794802070734	82.3521866554251
0.5835568236110726	455.8658017012774	434.6604426803517	447.91379206843027
0.6899701847921264	595.7479583615885	476.38113698939526	550.985400347016
0.8517427555295461	630.2021576866568	265.3203785204192	493.37149049931776
0.6730662301967903	711.3159013477577	582.5499301404195	663.0286621450059
0.6562774782431644	388.4305137695713	341.15462166544916	370.7020542305255
0.860426417895902	88.1935297541539	45.589284879010734	72.21693792597522
0.9140633405560822	39.2221042576185	15.734005005714106	30.414067038154354
0.9791187402537981	3047.1907124315203	158.24567684753333	1963.8363240875253
0.6373341941670393	459.5037423274195	410.8896646413986	441.27346319516164
0.7619328678817239	93.37079094903574	76.37562349597685	86.99760315413866
0.8200138548856293	130.0127805850954	79.18813771525166	110.953539508904
0.9254496668653289	40.95956935810935	14.02480177870057	30.859031515831056
0.6842086579506681	150.39838025108182	138.83717059654438	146.06292663063027
0.5078205465382878	1629.0534594469443	1568.289224903224	1606.2668714930492
0.5307772833571045	592.0600089998309	581.4839218776885	588.0939763290276
0.5105354285406338	1662.9106280452797	1597.4833377445839	1638.375394182519
0.46040481916457837	1894.4985827324101	1859.9518134563957	1881.5435442539047
0.6189918851383864	481.9114002342505	440.4960589527645	466.3806472536932
0.7036953662543611	1539.796246639291	1126.894978712834	1384.9582711668695
0.9535819207255681	98.22769150213205	16.616268168342117	67.62340775196083
0.82381465465919	701.0432784782321	345.072203821324	567.5541254818916
0.9421639566438567	32.39621324163204	9.383483790919584	23.76643969761487
0.9080128915618936	165.9961064475815	51.019256649387266	122.87978777325867
0.9441604973754288	442.359905450931	72.42587969014747	303.6346457906372
0.722166502480701	200.55885278362408	163.5105397095991	186.6657353808647
0.7657941806418789	195.1554406643799	140.38965878656853	174.61827246020064
0.986224643393848	926.3607983914839	34.35152910320198	591.8573224083782
0.7809837998895112	539.6134309570134	330.9390778211624	461.3605485310693
0.8349138551231785	533.7291153325898	252.9949130893093	428.4537894913596
0.8556674800183679	356.5417556451612	154.72124112086263	280.8590626985492
0.8660943500800669	94.26175034153994	46.216291383670864	76.24470323233903
0.9739664716653536	455.2598626735792	34.34474020214469	297.4166917467913
0.6754454477045644	288.2800845175903	250.72483293660383	274.19686517472036
0.8264365571895597	50.98653261139513	37.29472210951615	45.85210367319051
0.732092901649342	1655.5761587263542	1114.940095857669	1452.8376351505972
0.7901657522063171	225.82849250188804	145.7077420437825	195.78321108009845
0.4618771351171909	1680.8305451488966	1652.8700670292035	1670.3453658540116
0.9063195603699605	846.6048767326984	220.03841022741994	611.6424517932189
0.6055760420609443	722.6110940025204	657.2902909449232	698.1157928559214
0.7788208556885992	1880.4840561948547	1065.9802580860944	1575.0451319040696
0.9515926660748589	366.0204026627975	52.94341025743273	248.6165305107857
0.667445581975605	354.6986479004416	307.72220168203233	337.08248056853813
0.9339518867558853	428.0863264481433	83.40396995116765	298.8304427617775
0.4268305440898215	2046.0499146800028	2028.0971161000336	2039.3176152125143
0.6181671665845615	652.8325638163133	587.4514953524874	628.3146631423785
0.727739508858854	175.92383520794445	143.62648707398446	163.81232965770945
0.8473351949007957	70.45761418487949	41.635511549162445	59.6493256964856
0.6279988491106099	374.17641875659353	343.5521138601272	362.6923044204187
0.5285441495548665	1685.4953927720562	1599.3721665979215	1653.1991829567557
0.6794051760449976	1713.7932982629482	1321.704857896109	1566.7601331253834
0.723010774062682	757.816465401226	549.4576721463789	679.6819179306583
0.7154203122959747	165.61090709493507	140.49922001751233	156.19402444090153
0.5753513196024288	488.3828349743416	467.418297567072	480.5211334466155
0.7641365917260586	892.0747709893465	561.070629016461	767.9482177495144
0.7641724791669078	2210.862012415339	1315.1687763639807	1874.9770488960796
0.6615748906642855	189.00058861128687	176.06060368224334	184.14809426289554
0.7859328928506415	950.7975461262315	546.7737503681151	799.2886227169379
0.6335539344717599	822.3006078921512	715.56314900554	782.274060809672
0.7668027681381513	155.8014973936105	115.0329618546282	140.51329656649216
0.7847573365128132	87.80691560298399	66.99191885577793	80.00129182278171
0.5049002478175578	1244.2926588187768	1207.8604843240735	1230.630593383263
0.7921705289282763	282.5337019692034	176.21453510575128	242.66401439540883
0.8867374134709323	211.4501135210459	77.16936633382042	161.09483332583633
0.6755715729908922	368.68057805700323	314.1925981269037	348.24758558321594
0.9606380003698077	40.07430564682133	7.252057883198244	27.765962735462676
0.5195564618388262	1769.9749370111683	1687.968026911183	1739.222345723674
0.5031868597956497	2118.910874727041	2033.43023751957	2086.8556357742395
0.5283218643910094	703.9499369011661	686.4614303887448	697.3917469590082
0.6846274922291754	484.2254535693705	397.25237694924095	451.6105498368219
0.44518465183837563	1566.4504902975161	1551.5713439600715	1560.8708104209745
0.9567432636280525	343.66802147448504	44.693447610528665	231.5525562755014
0.9380777478080874	397.09382615075197	73.06691223699568	275.58373343309336
0.8495825763578422	117.75456632616888	61.853000493261845	96.79147913882875
0.6335278827979428	1345.135713693528	1143.8722446527813	1269.661912803248
0.6593006079208664	449.0914005056397	388.48998634469666	426.36587019528605
0.5686574616803639	529.0344159587694	507.1768767560789	520.8378387577604
0.7019278569398992	242.46194154340716	203.1567217341433	227.72248411493322
0.968566206596447	41.29598571389853	5.892783229467021	28.019784782236716
0.44630999846693076	1646.6052996997157	1628.7017091420746	1639.8914532406002
0.9001698868765854	124.15066307414386	43.4149679593707	93.87477740610393
0.894067840313351	317.30762492822976	102.9111874047948	236.90896085694166
0.5878146091928099	664.9323240311486	619.2995133268122	647.8200200170224
0.9282017599842256	597.9103285945604	122.47666558816434	419.6227049671619
0.6342691743930774	387.76795591514673	352.15680640979025	374.41377485063805
0.8507057312984964	1421.1218236568925	565.152005758524	1100.1331419450044
0.9031943209056787	519.5027555031133	145.94489064484506	379.4185561812627
0.9880080332700095	2958.2588799052555	88.10112834015331	1881.949723068342
0.7275717516264657	1591.7300730630614	1088.8820788291937	1403.162075225361
0.847667737034872	56.52173518974163	35.314049815276356	48.56885317431715
0.7712824196624769	179.59415547402142	128.09854568816678	160.28330180432593
0.4835637423308015	1391.5084572406524	1361.464165397714	1380.2418477995504
0.7990364314052624	191.37844318685512	121.45367585297556	165.15665543665028
0.7675829940442408	564.9352991120381	363.2012313693874	489.28502370854414
0.782879206232443	656.5836411396192	393.2488091598625	557.8330791472105
0.9902551657382698	70.97381623993374	2.6717665690488204	45.36054761335189
0.8751490443286697	1843.2938491365658	603.5864219365416	1378.4035639365568
0.9734738823739955	30.18925927026038	4.090982946743919	20.40240564894171
0.6753037571328248	518.3074495911679	431.21909785103264	485.6493176886172
0.8857169681084363	42.71625652152179	22.091961587203492	34.98214592115243
0.8090540162052483	76.54069297676065	54.32914510814908	68.21136252603131
0.8735696636355513	94.18120335069563	43.70483533190446	75.25256534364894
0.5858466225915991	1269.8192342533707	1154.0774169122756	1226.41605275046
0.9599780594326137	67.56008183730738	10.68676928945823	46.232589631863945
0.8315752818897729	84.57908347768966	52.513505500764474	72.55449173634271
0.9365056047299677	280.7636897079741	55.201577622697286	196.1778976759953
0.8331863632017011	285.7154480558634	145.87634847194556	233.27578571189423
0.6057891875847546	1972.0958633323216	1720.9645404518383	1877.9216172521403
0.8688720437879542	68.87608036145645	35.44213953237298	56.33835255055014
0.6560151286636904	294.1619820892081	264.0736127415123	282.8788435838222
0.5551838020310549	1800.6953825480123	1668.8348412247133	1751.247679551775
0.82466007107934	405.6345061702692	208.94552740513507	331.8761391333439
0.8768356251824165	628.3688500103922	220.56167935169856	475.44116101338204
0.7502852590033489	1130.9156085532131	734.842129093832	982.3880537559452
0.8817653515374614	56.98284849829275	27.85871744150383	46.06129935199691
0.9879622025578301	476.4469942065852	16.45565152857995	303.95024070233325
0.7834960095994603	827.9056842814109	485.83567248067516	699.629429856135
0.6678851340469436	697.6892302302872	577.8300300315095	652.7420301557456
0.9553864374447163	51.92883189927903	9.829037841976966	36.14140912779076
0.9979726957600704	398.6721276268622	2.345430026578157	250.0496160267557
0.9117102947327008	3116.624123198095	696.2067132915836	2208.9675944831533
0.6847678388761936	660.7776187247255	530.7180828537043	612.0052927730926
0.7838336168008988	351.6004594033802	221.7550644979218	302.9084363138333
0.7584284183605597	124.66237040012582	97.80591147673728	114.59119830385512
0.9440895227422217	79.8907787646194	17.03655992999372	56.32044670163477
0.7275319975269084	301.67707558652097	232.496537678601	275.734373871051
0.5380240813336737	704.4032589617688	682.4788815440387	696.18161743012
0.8094024484923229	250.89844325662207	146.95447918515882	211.91945672982337
0.8705610111042664	1438.3208394454334	496.3913595606173	1085.0972844886273
0.7104612116964582	301.8258629801642	242.8758523617156	279.719608998246
0.9804000078167581	1482.915490329321	75.44471348176842	955.1139490114889
0.5723889281690858	748.7215292243036	704.1888652589209	732.0217802372852
0.5891471915662344	1160.426019678624	1054.30606038518	1120.6310349435826
0.8913505305962647	1476.74647638942	426.7996793651165	1083.0164275053062
0.7599248073386584	152.5237138243856	115.5553947249017	138.66059416207912
0.7680082753135745	191.1191462083373	136.79786289480924	170.74866496576428
0.9635738044350298	27.872682351414163	5.3989502230693365	19.445032803284853
0.5798236683084624	624.8232933083489	588.2487603692832	611.1078434561992
0.9845088190601847	235.72186524193125	11.402921522176953	151.6022613470234
0.7093964594015891	348.1214670298284	277.3315869704337	321.5752620075554
0.7481158852320693	232.63471224476365	173.58424429155326	210.49078676230977
0.6164274028723296	1040.3972689414302	917.7306099941355	994.3972718361947
0.983921112139022	326.2914141289063	15.700288221482822	209.8197419136225
0.5137068096012808	917.5462817115276	894.0833282845576	908.7476741764139
0.8406928880768794	792.4361226224069	350.7489415338755	626.8034297142076
0.6813000775349058	225.6741761225477	198.66753906905456	215.54668722748778
0.9847866631017574	791.0407926232068	32.91705971440388	506.7443927824057
0.7651330687023012	1515.5561630416307	917.7629413328793	1291.383704900849
0.8831829917451981	467.8657819612382	160.31563042855655	352.5344751364826
0.9032461607200717	1688.8488704159595	430.20569686238696	1216.85768033337
0.4950883660501128	900.0948376566442	886.4683479437005	894.9849040142904
0.9813797286145932	26.68997755231718	2.677894890962529	17.685446554309188
0.6730931536491301	247.55777246573166	219.24612468767572	236.94090454896067
0.6978559216039745	1358.9195156270378	1015.8678055872113	1230.2751243621028
0.9312030579439698	2549.388689078085	447.52574812555144	1761.1900862208847
0.7363436595743643	1268.5341817462204	856.0654423656629	1113.8584044785114
0.4730408843988146	1385.1864111988	1361.5583788687143	1376.3258990750178
0.9354962057597905	42.6051678696609	12.440539410230597	31.29343219737454
0.9676580165642555	2615.7097861603334	212.60466348298974	1714.5453651563294
0.7064213054007554	439.37561274955124	345.8831123924748	404.3159251156476
0.9105891812410316	234.83464077200625	66.76294885102139	171.80775630163694
0.5855187510114227	461.37805145882663	438.777666962459	452.90290727268876
0.9791225501772193	11.809010336670703	2.804258779861926	8.432228502867412
0.6413925406942905	272.30344556213237	251.611275814184	264.54388190665173
0.6761320874328314	1761.937467566805	1366.8548378106975	1613.7814814082647
0.8591927071755855	771.7234652141254	303.63299352122306	596.1895383292871
0.730205177277791	1281.953215242207	880.8519030628014	1131.54022317493
0.8490450302424657	90.93116973538434	50.29075036304252	75.69101247075616
0.6838725136158947	159.3818595053911	145.73930184568428	154.26590038300105
0.6264325581550084	252.95125474522175	240.582041281811	248.3127996964427
0.8024466721231118	2070.972617214625	1052.597870415228	1689.0820871648514
0.4915871833600856	1010.984259231245	993.603320799373	1004.466407319293
0.8116910913568216	1051.6629216561887	533.8782460696544	857.4936683112383
0.5954519169524799	735.0279088575373	675.9121346434781	712.8594935272652
0.9688262134444677	1169.5893476684737	96.90425335768089	767.3324373019263
0.7196441598335785	1665.249888747594	1162.79206621707	1476.8282052986476
0.7606766720098798	1966.8399199675805	1192.8923779634947	1676.6095917160483
0.6139739521843769	1885.7849628683448	1629.5307025740872	1789.6896152579982
0.9028866731041639	44.42254107709313	19.286294681848712	34.996448678876476
0.8162903030407912	96.02541178340581	62.81759243334844	83.5724795271343
0.9733199478403981	19.932040426015245	3.4041478584666045	13.734080713184504
0.620270834406683	476.7488988360357	435.34707421595857	461.2232146035068
0.5758116498405057	793.4712853281168	742.0933604305711	774.2045634915372
0.5708728447861926	1043.6870702174078	970.3263476413839	1016.1767992513988
0.5291666322023308	1280.091828545323	1223.280507108204	1258.7875830064033
0.6962957404040494	214.4511762472377	184.19913186727848	203.106659604753
0.7184810785308556	112.35166894566295	100.94554806324494	108.0743736147562
0.7289487033432009	1135.1054691962097	788.5651076581671	1005.1528336194438
0.8576607205160581	265.5402171274104	117.62934485444524	210.0736400250485
0.7618461948558483	356.6927286469672	243.70323323947082	314.32166786915604
0.6220073391922297	282.1614226470104	266.93445989946014	276.45131161667905
0.5368436512969714	578.0060368015286	565.6716466320561	573.3806404879764
0.8951713031890101	882.8502678445385	256.0064662048086	647.7838422296397
0.967942741651586	531.7259676750999	48.64517934364281	350.57067205080347
0.9997248170202437	31.48487638591036	0.04297425520761955	19.694163086896836
0.9842447182239117	646.0654657532568	28.299823638372857	414.4033499601754
0.7329424523184421	1033.1560309853317	713.4095719584366	913.251108850246
0.4618045687631623	1356.0079049899452	1339.4126187956301	1349.784672667077
0.7393857905721183	140.2860604967873	114.4373597299659	130.59279770922927
0.6277705009500049	1445.7141516126044	1236.7140735771018	1367.3391223492908
0.7300741266747346	951.9615477732818	666.366014873933	844.863222936026
0.5709806776004623	459.82963805424964	443.3604310435291	453.65368542522947
0.9565867960142083	249.29724170198807	33.87406257547228	168.51354952954466
0.8817855372853207	28.24078981044569	19.007560471761344	24.77832880843906
0.7746136105762743	672.5825424221607	415.38380188219867	576.133014719675
0.6650264660222113	1904.0451331170166	1506.4483254840243	1754.9463302546444
0.531467347758221	1799.058732470127	1700.5498259686499	1762.1178925320733
0.9029182944214271	95.00472853417966	33.97459890744222	72.11842992415312
0.8206481589937231	55.09217883169594	40.47186135891641	49.60955977940361
0.5144777904722705	898.1212822587271	875.3692689251885	889.5892772586501
0.5649856540319556	866.0647802818812	815.2430993923765	847.006649948317
0.985380818023339	241.58325505247197	10.981689209066985	155.1076678611951
0.8564045322843902	56.996937824785604	33.593617615588656	48.22069274633675
0.9190998611805437	73.16552501252724	23.082367912710197	54.38434110009585
0.6993124464775444	150.332568975113	134.13305586167698	144.2577515575745
0.9698197133548816	19.07703749465358	3.8122336537632417	13.352736054319703
0.8463868756900309	379.3384881733584	173.61614511385017	302.1926095260428
0.6155824734294449	1970.4527367402331	1695.9794230054606	1867.5252440896934
0.7399593231289927	705.3949093668955	489.13836669595116	624.2987058652914
0.8745482320374726	368.87446270251496	139.07809140759335	282.70082346691936
0.7695966864757027	504.14995258085145	324.8377775225736	436.90788693399725
0.8284462016380749	719.5795391634305	344.6357181272441	578.9756062748605
0.7705070080181836	738.2312372834392	459.76289968536383	633.805610684161
0.707701549389295	189.33288873362912	160.8504562421136	178.6519765493108
0.972789778429204	48.30074992331301	5.667956961838094	32.31345256275992
0.6061998058276425	576.7038601213546	530.1079380328056	559.2303893381487
0.9692991111637382	1147.0170035501963	93.70094809173565	752.0234827532736
0.9216121927912336	350.7010258371224	83.07286108975839	250.3404640568609
0.5649250025140031	1307.596474636785	1212.9814224330376	1272.1158300603797
0.8665722221017652	399.53696118013727	158.6427039965573	309.2016147362948
0.5283835706748407	1627.2797625068056	1545.74879360562	1596.705649168861
0.7180553137946618	170.72660886177414	143.35907160610748	160.46378239089915
0.8841298776695679	419.2918272142064	144.1276800300646	316.1052720201532
0.8284328874966804	707.0477032151496	339.150561384909	569.0862750288094
0.9123206160296186	78.48482158519548	26.406553921114906	58.95547121116526
0.6703236731995198	678.6698285260958	560.3801841082594	634.3112118694071
0.6006377188249147	429.40518413235304	403.7945959995434	419.8012135825494
0.8366867554219696	300.44279110296816	149.50679673366676	243.84179321448013
0.7869054029128274	303.3400030178601	191.8690627874912	261.53840043147176
0.42392268456756393	1843.6818896391267	1832.5984297762209	1839.525592190537
0.5747603644976194	1728.8403858308477	1573.4789012411713	1670.579829109719
0.7597963327913354	79.41694006979598	68.30948518036799	75.25164448626049
0.6383351155845228	296.2026047940099	272.9147195100275	287.4696478125165
0.7789695583738755	241.33695237302572	161.45891621778634	211.38268881481096
0.4557717238855541	1909.5604095963852	1877.696455588237	1897.6114268433296
0.8146564291954418	532.8333161995401	281.58383735459165	438.61476163268446
0.9573579283904616	24.249813354361315	5.921228204255103	17.376593923071486
0.8436448334146243	119.54631040036537	64.93751097555096	99.06801061605996
0.9600998711550659	501.54814759132194	57.636068380842175	335.081117887392
0.6098093639465051	358.0192768391307	337.2288144884533	350.2228534576267
0.7846390951844863	165.35221450560655	113.49299864369392	145.90500855738932
0.7556953833691894	1375.3752508765429	866.6861727093155	1184.6168465638325
0.9025538383758293	114.05520543114748	39.537812794014755	86.11118319222271
0.9953213596890027	48.547605700008575	0.9689582069989946	30.70561289012998
0.8370426785892967	243.53541199525347	123.9944632501946	198.70755621585639
0.9169869143395233	432.808136739641	106.12264623651825	310.30107780096995
0.4865542877435808	921.8032617394342	911.3786377065703	917.8940277271103
0.599078879027368	1131.4874952315176	1017.1153804804981	1088.5979521998854
0.755504761530635	117.39818162973694	93.88715246663148	108.5815456935724
0.9908396507373305	140.28317774170927	4.331042034897848	89.30112685165498
0.6600529704802077	270.20887649367444	242.7614012635789	259.91607328238865
0.8063991838137471	143.9729434475368	92.05198002637002	124.50258216459926
0.9236072179093978	702.6064925326297	151.0238965327602	495.7630190326786
0.7634427412649991	153.14154682072498	114.62776618428043	138.69887908205828
0.8200348573211134	1027.2896578946647	500.62826532642805	829.791635681576
0.46177580896614856	1305.2530270842253	1290.4915686240447	1299.7174801616577
0.7521317672897179	89.25962868382629	76.2921435040833	84.39682174142267
0.7288768800092935	183.9236981198705	148.89427935061627	170.78766608140018
0.9293392615954682	52.538663834505385	15.761301875432313	38.74715309985298
0.6974076438343901	544.8852926325609	431.1391985391257	502.2305073475227
0.8911237472193431	172.9229567427144	62.46838162882425	131.5024910750056
0.8864571139604864	356.4220665118068	122.22169246500147	268.5969262442548
0.7823160037013659	113.79397702935836	83.42118514949468	102.40418007440948
0.9934720068221545	11.653996599733118	0.8840276267577156	7.615258234867342
0.6838975608296872	983.4014900368938	772.7632192327208	904.4121384853289
0.7907383192181457	355.51278638329984	217.75768181595905	303.85462217054703
0.6160477547969694	1535.2091949271862	1333.10154462933	1459.41882606549
0.978878465069752	60.83790089504272	5.183509833751483	39.96750424705851
0.7569810465454769	600.3947552919167	398.7756680853395	524.7875975894502
0.7136478406708563	985.9202708088874	720.9731311344658	886.5650934309792
0.8805018750704444	118.98088172583743	50.037843530348624	93.12724240252913
0.7029892089745693	247.976221742582	206.82777402493664	232.54555384846498
0.5508644683649431	1001.0446466951965	948.5705617674172	981.3668648472793
0.9674459008813567	26.670962200640385	4.708812082236168	18.435155906238805
0.7034480443429264	340.57674320104377	275.63928510145854	316.22519641369934
0.6450335217988711	320.96070944206116	291.0023301106086	309.72631719276643
0.5103373100664087	935.7168276514233	912.941707512457	927.176157599311
0.9847152599510578	48.007464350641655	3.1556356006888784	31.188028569409365
0.6600607130964232	314.70522769975673	279.11453397612945	301.3587175533965
0.5815284820460938	602.6319097933894	567.3966114647059	589.4186729201331
0.8298924289515156	53.698268824155214	37.826945363705896	47.74652252648672
0.9072781397140356	729.5776294198315	190.07869300364257	527.2655282637606
0.6892859138828483	1129.604736520801	870.2656865093492	1032.3525927665064
0.7971637881024775	243.89114794464308	151.43248536133837	209.2191494759038
0.651721778295098	2106.532914332748	1703.0984927613492	1955.2450062434737
0.9275166331653386	592.0445119760135	122.56996676007145	415.99155752003526
0.7258479462827921	336.0481575782681	257.5781296126774	306.6218970911716
0.9092173116129146	391.8456830076634	106.3071554811801	284.7687351852322
0.9087891315627208	199.48256493791757	59.16318817176831	146.86279865061158
0.6386957714602834	1026.4650109621782	876.4543251269224	970.2110037739573
0.7108040925233629	875.3027691629208	649.5864169237351	790.6591370732261
0.816691064786071	634.3624058151383	326.73983677085926	519.0039424235337
0.6842872249646507	167.1044917017112	151.5753966369059	161.2810810524092
0.5727825121813341	472.9093995457754	454.478633353179	465.99786222355175
0.6128627863026558	886.0741279557437	791.0449869003176	850.438200059959
0.9664508804693097	628.5510016168068	59.25854796431929	415.066331497124
0.8846894108985829	465.99799076774775	157.69033527709874	350.38261995875433
0.8531311548827607	185.48559034772134	88.73363966433394	149.20360884145106
0.5600391295640446	925.8373070748677	873.0943381457699	906.058693726456
0.7218991562424173	1607.1768011187594	1117.1509436026738	1423.4171045502274
0.8200075050222557	193.4013962555915	111.1576075908857	162.55997550632682
0.7478603660086871	107.83548104292917	89.65071820304267	101.01619497797174
0.7227355851795269	850.2420121324794	612.2386343092337	760.9907454487623
0.7230814272238936	181.80808027953165	149.60213576403416	169.7308510862201
0.8008596252010995	488.8960921397835	277.9986267367341	409.80954261363996
0.63642959883765	327.1837731654785	299.8990471485426	316.95200090912755
0.7213819937950505	714.7821826981476	522.6287345218432	642.7246396320335
0.975694773258214	26.13900663390024	3.4676443563800987	17.637245779830188
0.905863739550088	186.94524597924456	57.76697254300791	138.50339344065583
0.9240302568425872	58.72352031472392	18.372509799909203	43.5918913716684
0.884293302231982	1027.2495638751782	325.033691152508	763.9186116041769
0.8784951734466514	33.307895896862604	20.36547862059428	28.454489418261982
0.9089565747063444	236.49090924675033	68.40079764903017	173.45711739760526
0.6746190501163687	243.94096895977012	215.75235359924173	233.370238199572
0.7810548983092441	197.80300805859207	134.45044976386498	174.0457986980694
0.6481959100043956	349.07267777340263	312.97905980869	335.53757103663537
0.6505374149415887	223.6133260809711	207.81012149399527	217.68712436085517
0.8859912279734725	30.339982475802778	18.236468287017104	25.80116465500815
0.8945597770255709	66.82028158347252	28.023724721754718	52.27157276032835
0.9621057664577135	848.7707895161735	88.05537646853838	563.5025096233103
0.9056933957518745	405.18135603955494	113.77875770342945	295.9053816635079
0.8066498811971625	51.41608045938331	42.792829570527914	48.18236137606254
0.8073391800692096	172.41065622738114	106.94163525506337	147.85977336276198
0.9594925889166737	30.176025633039465	6.278219817976614	21.214348452390894
0.6865325582713759	316.5798043231491	267.36136447775993	298.1228893811282
0.6438732783045071	399.89607202052514	357.4127040099785	383.96480901657014
0.8159790786926028	65.73757918537974	46.89798839622735	58.672732639447595
0.8521165775179054	38.96557726046688	27.15369646977681	34.5361219639581
0.6882757599168811	818.6857836614134	643.9600737204834	753.1636424335646
0.9715484280761142	793.0717912416828	61.97224891596488	518.9094628695386
0.6248249758077662	1171.2727940301195	1015.5621040708445	1112.8812852953913
0.5523331672671346	1234.1172133050845	1159.9771324965977	1206.314683001902
0.9435614400925117	146.44188293925612	28.074806788519346	102.05422938272983
0.8593477717983841	74.27605827709895	40.14254229322678	61.475989783146886
0.7868507226834062	136.4594661133285	95.4773759718734	121.09118231028282
0.6424839596918924	485.6885971276755	429.4868008068271	464.6129235073573
0.5130142930130789	1202.8692347347205	1163.3633681547508	1188.0545347672319
0.8377049434728844	368.2675119008424	178.15427246308087	296.9750471116818
0.962566711045971	107.46631762456397	14.37365220463348	72.55656809209005
0.8614081629427663	118.27548193970046	57.45122960322675	95.46638731352282
0.9200624319915117	29.92632126224519	12.486863940310473	23.38652476651967
0.9804452513650657	118.86696319026785	8.099945864254607	77.32933169301289
0.6292290286003495	393.66267223175765	359.611405702519	380.89344728329314
0.8581680978070483	1263.1863745009896	481.692718937039	970.1262536645081
0.681568669199337	1417.41313312522	1097.999653933273	1297.63307842824
0.978649229529095	66.70870429128793	5.612741959390263	43.79771841682631
0.47554411771111443	2013.447283074988	1962.2494306881256	1994.2480884299146
0.4831767859599048	931.720150090944	922.7107252380525	928.3416157711097
0.771085666399332	162.53174612075392	117.5527688935081	145.66462966053675
0.7470692447829876	168.78953506479724	131.28209961029137	154.72424676935753
0.9222472222577766	76.88036798595014	23.046315577035315	56.69259833260708
0.9523914147873708	977.158646580456	126.29380835883762	658.084332247349
0.6360023829710839	964.6549726683508	829.7265286446246	914.0568061594535
0.8934751597219722	376.2455573359073	120.36539706194881	280.29049723317286
0.92486419075847	573.145393260027	123.46174345894696	404.514024584622
0.7703518725637511	205.13394175581848	144.3681593020278	182.346773335647
0.9582317815216289	63.28188249506704	10.622579930544873	43.53464403337122
0.6229445762529952	556.9031721476117	502.2735798706801	536.4170750437623
0.8530507767516697	1499.8882275533826	585.1493427308621	1156.8611457449374
0.6498056714669244	662.3373933293877	568.2499365524403	627.0545970380324
0.9269858162832831	178.35637616559455	42.99504878962445	127.59587839960577
0.9872435828139136	46.67980877751242	2.580067637199601	30.142405849895116
0.48496515867603174	1285.9826809762637	1259.7223118745267	1276.1350425631124
0.5052309153240454	1068.3703068270152	1041.1509795363554	1058.1630590930179
0.7413447808940075	2467.0200998199844	1580.7264921002607	2134.659996925088
0.9171991027466655	33.97529705098637	13.883476473790465	26.440864334537906
0.5205443568106982	1140.4064116362208	1099.5774545158267	1125.0955527160731
0.8076405664697986	1254.7248531580467	641.8171359557743	1024.8844592071946
0.5447524639700289	670.3383770872956	647.721055301319	661.8568814175544
0.555708608777699	1090.581063558232	1026.2953622788332	1066.4739255784575
0.6420175536223617	719.3375247642954	622.1634078094693	682.8972309062356
0.8897307308128192	314.49642803172736	106.26801670344072	236.41077378361987
0.6013437712114658	470.2317736551241	439.47770463891896	458.69899777404714
0.9582400445023193	49.80001511239709	8.925313924745634	34.472002167027796
0.5120278278349273	1107.6750903703116	1074.3302646796317	1095.1707807363066
0.8679813406334496	705.0432740363094	262.34600449166675	539.0317979570684
0.6596882954221397	2125.215941750396	1691.5131436807403	1962.5773924742748
0.5270183816485766	1966.6800201399615	1860.9215377853284	1927.020589256974
0.6246716357451707	523.5254045666253	472.7307616293809	504.4774134651587
0.7746486506363326	179.69517262764452	126.62760000550342	159.79483289434162
0.8892874476696683	100.28471248358764	40.39532960102454	77.82619390262647
0.570351726886953	637.0172239921594	604.4227293462557	624.7942884999455
0.6507470235259845	570.2606339835033	492.8379146931295	541.2271142496131
0.7265204150650454	196.03637908664203	158.4725616653312	181.94994755365047
0.8398862451899436	68.13665951974717	42.42610651607471	58.495202143369994
0.4677120322853299	1186.1305362029534	1172.9234911354934	1181.177894302656
0.8646856858529893	1932.6063920882966	683.4460817819078	1464.1712757234006
0.5895123978598662	409.37657607775026	390.6238074371292	402.34428783751736
0.4703489909880715	1218.1508011910578	1202.360905853448	1212.2295904394541
0.9275711978593874	123.06188063454928	31.269115505569594	88.6395937111819
0.8354863412182982	81.37157956121474	49.861706049960894	69.55537699449455
0.7536831732670669	482.90175737211223	330.09402041837586	425.5988560144611
0.7457767514062824	509.1711572644322	355.4618467572889	451.53016582425346
0.9254033117020711	176.83025199339556	43.6146584149849	126.87440440149156
0.969932207424247	396.1106347482653	35.05973262911067	260.7165464535823
0.9975242285202078	20.52643335410343	0.314649320464806	12.947014341488945
0.8806237537325783	205.0050142361662	79.12590961386158	157.80035000280196
0.9614848666208812	125.6106429596166	16.79932629593901	84.80639921073751
0.6664140475170058	875.0838856680496	717.3996040508653	815.9522800616054
0.7940267193568801	894.340345716168	499.0234638494655	746.0965150161546
0.9245167960749602	22.782985989781952	10.48973365787639	18.173016365317366
0.8693680138304646	532.7073454861944	201.26469262825836	408.4163506644684
0.989418654968725	70.97546246142066	2.902241600031388	45.44800463839968
0.9698899393182489	779.1178338212906	64.58691692365977	511.16873998467895
0.9834326980521382	983.4335076741354	43.75771445392206	631.0550852165554
0.48386955655662034	1040.1496309287136	1025.1435904292052	1034.5223657413978
0.7125521062542709	140.6252291846013	122.93179526055135	133.99019146308257
0.8357763995132137	467.5791124099544	223.29066135538562	375.9709432644911
0.9709535678695744	426.52559510317536	36.151914731977456	280.1354649639761
0.7629913204282	188.47203015608835	137.46637699917557	169.34491022224606
0.8826558634499888	38.64233373595172	21.30527736998004	32.14093759871234
0.9806046331210115	100.99868048527594	7.038590787361208	65.76364684855791
0.8850372688334903	944.3081411918781	298.73883878425954	702.2196527890212
0.9909346902531101	591.3786650417844	15.02176825704396	375.24482874750674
0.8827958620238382	53.038094028530125	26.237469010973754	42.98785964694649
0.9865719984009228	478.6925893523631	18.437214951564272	306.0968239520635
0.7261037738573959	718.4668630730902	518.3043003979752	643.405902069922
0.7185966881427891	738.0812215984275	542.5864246411614	664.7706727394527
0.8800183839741599	29.118806868646683	19.129967978660186	25.37299228490175
0.46128855567899457	1810.551581719862	1778.377418539585	1798.4862705272583
0.8729237582016282	1931.1357548990068	641.5043118684235	1447.523963762538
0.5712484223427798	867.0792047411843	811.5365707629429	846.2507169993438