0.5743954909897188	335.33916195478633	322.48747553381105	330.51977954692063
0.5973306712871385	458.52099241975446	426.3387970318026	446.4526691492725
0.8296262652137737	376.8634722351576	188.74539318348343	306.3191925907798
0.7895435626613012	897.7942701956146	511.6623099090947	752.9947850881696
0.6923333492543667	101.90499334825543	92.19598933823858	98.26411684449911
0.9314331355030313	11.021920958631696	4.986412791965012	8.75860539613169
0.6105653304880904	223.0522768626188	212.02081199846643	218.91547753856167
0.9406599917260278	12.52191245017584	4.528779946087241	9.524487761142616
0.8189648561928612	34.84303539688011	25.71099100495428	31.418518749907925
0.9607144981437133	22.09628457388969	4.190743259775985	15.38170658109705
0.7430210099936368	443.7235524861438	313.53558611364264	394.90306509645586
0.5400397341373236	423.240769492128	412.93915842724647	419.3776653427974
0.8192007778951161	125.28716050991866	74.25533144959218	106.15022461229623
0.7799837429788916	415.0398259093777	259.4487226027425	356.69316216938955
0.6885068952417982	145.39862372781357	127.8884076992698	138.83229271710965
0.9380287597323406	10.939460958181193	4.469797784902259	8.513337268201594
0.7646305542847046	599.4607035722256	386.390651467745	519.5594340330454
0.8735626381420735	696.0629390723001	248.62953224605363	528.2754115124576
0.9633432849119793	306.86864998054557	33.824301471499695	204.47701928965338
0.7240515293071317	267.96555633404535	207.26133079444583	245.20147175669553
0.6762009221752667	111.28457985924706	102.60854790698198	108.03106787714765
0.5505277572397378	495.33346814195636	477.5835536914875	488.67725022303057
0.6391951893262312	219.83237357691647	202.3461166431293	213.2750272267463
0.5518686105406152	416.1753587554134	403.3037886569906	411.3485199685049
0.7991848981608503	312.9410382439483	184.96835401410493	264.951281657757
0.8439021931955092	108.18518811924662	57.21162817054167	89.07010313848227
0.9235725901953863	24.360814089488827	8.74783100742949	18.505945433716576
0.825642613608309	223.0936303775673	119.92663968864228	184.40600886922044
0.577280261997396	227.4290477703159	222.92057663520808	225.73837109465046
0.7929847772450791	536.0420413004066	311.6826736949444	451.9072784483583
0.7335641595395875	483.6696514669967	349.3614164387874	433.3040633314182
0.6488483729162953	146.3492524747186	137.01794729053861	142.8500130306511
0.9144447185304089	318.54606103819236	82.46083027877906	230.01409950341235
0.9563701845546148	41.29320923434875	7.3655466908021445	28.570335780518775
0.8921998657024396	57.667071774629534	23.70206978719838	44.93019602934285
0.7841306820789339	41.45601718360379	34.00334724269425	38.66126595576271
0.8607071604588843	29.177389250144216	17.812614022115376	24.9155985396334
0.7960769438648251	48.36962309845937	36.67776051719538	43.985174630485375
0.9578160578896521	600.2128695265877	71.6588130837091	402.0050983605082
0.6171392811671932	171.13305249974792	164.50476568642	168.64744494474994
0.6523585046649681	313.76383258619876	277.40668525446665	300.1299023367992
0.7787868636658031	79.99103967339401	59.553392106420645	72.326921835779
0.8310401984220944	374.97781595742634	186.4235344984192	304.26996041029867
0.8640178707878181	55.326047959813835	28.62527361841167	45.31325758178802
0.6279362901695602	194.91768447507823	183.35172193873635	190.58044852395003
0.7870074149122751	396.82011122049545	242.08257599157258	338.79353550964936
0.867330549142571	87.21816797481615	40.838707844992385	69.82587042613224
0.5764472236112618	522.9492960576007	493.38439832938684	511.8624594095205
0.791928052577247	99.23679214907082	68.32305540964313	87.64414087178544
0.8474251860644523	425.53180012812754	189.98444596229078	337.20154231593875
0.8032389953947036	250.15312269692066	148.21834286334342	211.9275802593292
0.9277389582190435	225.1491026080007	51.013262557434686	159.84816258903845
0.6655545339213603	797.5608968911075	656.5369146747961	744.6769035599907
0.9745583992387119	18.695070065446426	2.4204121209204956	12.592073336249202
0.7201032804336455	79.60813034342145	70.11499056315212	76.04820292582045
0.9841304923243398	5.75421718193434	1.0292978719520316	3.9823724406909746
0.9269557303007189	66.10894723551243	18.023004173986767	48.076718587440304
0.6581392890908033	438.9088854706545	377.27109041173054	415.79471232355803
0.8547573592399714	21.92513105798586	15.25594697728147	19.42418702772171
0.9106239455696374	429.2327414223796	112.86347518202103	310.59426658224515
0.8210494389945553	380.0712933441425	199.0837200914935	312.2009533743991
0.5344731210391247	495.53287501927144	482.54395453959984	490.66202983939456
0.5805485722775425	272.18247665304244	263.021863048394	268.74724655129927
0.9134784152162159	31.272726519420097	11.845095174876851	23.98736476521638
0.7806344347275593	176.16780372870446	118.55824297517884	154.56421844613234
0.7773145103254949	42.60234290940251	35.607181420242895	39.979157350967654
0.9332508899195425	110.11859668113337	25.25141742519036	78.29340446015475
0.8869345538434723	40.03317156854142	18.560998876855713	31.98110680915928
0.9088205519485875	699.0143132544887	179.98829387284957	504.37955598637404
0.6327912682858026	550.8429545291724	486.7307573626063	526.8008805917101
0.6811600416765792	154.76514285672926	137.19385376609836	148.17590944774267
0.7608452236517078	135.9603328603342	100.69855369113954	122.7371656718862
0.8465522257413876	138.74807848455808	69.91679087904532	112.9363456324908
0.8707643825374735	16.90267998970329	11.755931902237204	14.972649456903508
0.691596105902928	262.12951649273367	218.7667650102442	245.86848468680012
0.8554869592973788	25.3675109062341	16.69940526578225	22.116971291064655
0.90329071148552	105.72594667147716	35.34678749187485	79.3337619791263
0.9943033484995751	4.489723507305176	0.22248027928778935	2.889507296798656
0.9196663181799953	574.0224360833838	132.1308963994344	408.31310870190276
0.9517976818646964	363.4190150771638	51.97498836049442	246.6275050584128
0.8930709201289178	681.0693300574376	206.21251427672337	502.9980241396697
0.7966361786782571	152.48352199780177	97.81151521487291	131.98151945420346
0.9434386246567862	323.69629021599786	55.06150468753606	222.9582456428247
0.6385846859298931	141.62918768744788	134.82565087947847	139.07786138445937
0.8897171209774702	302.4456215518035	101.4597470329947	227.07591860725023
0.813999052104806	307.78951542303594	170.1338921273707	256.1686566871615
0.7248469790461661	216.27621395192816	169.8421423165236	198.86343708865144
0.6763602018460634	213.97068948824946	186.48819357874154	203.664753522184
0.7695913402348957	735.5326482342109	459.37464046828376	631.9733953219883
0.878943579355184	57.33990771905928	26.39236671247046	45.73457984158848
0.6893332170374475	467.6368876249992	377.65565622617294	433.89392585043936
0.8557927341151471	34.21298425343752	20.69665920659243	29.14436236087061
0.7581822610056147	40.87401088262095	38.6808108449833	40.05156086850683
0.969412962198871	74.03654343392932	8.223693722010431	49.356724791959735
0.7158736111612616	163.245601993485	134.2626343328274	152.3769891207384
0.8133175348213071	143.85879104158016	86.26161689273066	122.2598507357616
0.9002775009857809	1110.8093548083089	302.90908061295454	807.846751985051
0.5841506168732896	648.9400694635693	603.2296989688597	631.7986805280532
0.9560266545641356	696.4434827304888	85.69667456620749	467.4134296688833
0.8841224314134318	252.15884183141054	90.516675118251	191.5430293139757
0.7962754474760244	46.226445263766074	35.340216092819325	42.144109324661045
0.6878068043658074	377.98934229679435	310.22541446236437	352.5778693588831
0.9018520292763085	14.708048522959563	8.21775530527882	12.274188566329284
0.884015629603451	38.41679424211801	18.42438742130684	30.91964168431382
0.6049352325822533	665.5807281447538	604.6219618055521	642.7211907675531
0.9065883560392003	20.270886492319086	9.428114448095139	16.204846975735105
0.9963632406951785	42.22116792350264	0.6161813588124829	26.619297961743833
0.6398192606877869	467.3787622314956	412.05350842027514	446.63179205228795
0.9224719048499463	415.2741864288379	94.88558575325035	295.1284611754926
0.9973809492465727	7.135935459325118	0.16163081864229545	4.520571219069059
0.9373768526109396	1051.079389746907	179.54163203828273	724.252730606173
0.681923992477245	646.288934167505	520.5562935263965	599.1391939270893
0.9560237495595022	89.96668838096113	13.962198764598249	61.465004774825054
0.7049360633245308	294.55406308904577	236.91537079576125	272.9395534790641
0.9958487222775548	240.1833632277751	3.03723884576317	151.25356658452063
0.9633962816090328	20.761668154331115	3.7418326386583587	14.379229835953831
0.5317276708705271	546.1894648746055	531.1471682888647	540.5486036549527
0.696457271714902	123.71681643152448	108.82093853371995	118.13086221984778
0.8034085745209912	380.8984083339585	217.2736768035702	319.53913401006287
0.7480334032228142	92.64648487344553	74.54414020515699	85.85810562283733
0.9910841940332934	27.87876952331719	1.108460768665804	17.83990374032292
0.7403167110659492	128.24661204418746	101.5573467635032	118.23813756393086
0.8109930076606068	957.2013923658757	492.63201697915326	782.9878765958548
0.8711168279313082	855.6629598944236	306.79423889563816	649.8371895198791
0.9680888755185135	177.29085676807063	18.07855887353226	117.58624505761875
0.894271395738957	37.05540934237081	16.38687312814277	29.304708262035298
0.8343351078653753	107.16491665139479	59.92230945713855	89.4489389535487
0.6348409110396414	455.8326623028019	405.24439581035045	436.8620623681326
0.6925771684642084	78.4435859208389	73.5886233190204	76.62297494515695
0.8565846770224125	43.443149237142066	24.772244745365743	36.44156005272594
0.6316993473885038	190.6825265736942	178.83744921954127	186.24062256588684
0.9752734526229554	66.2140577774129	6.053318723646974	43.65378063225069
0.8336240739935076	132.66141040305328	72.44086843001399	110.07870716316354
0.99478985117768	21.93509100016967	0.5464431598909343	13.914348060065144
0.9785139942193316	293.5667445790473	18.936827658564397	190.58052573386618
0.797839057982519	30.546951782121393	25.952022960556786	28.823853474034667
0.6253112669603645	208.30570367213565	195.68662214130674	203.5735480980748
0.9195004257194946	304.7209399373514	74.52325735245326	218.39680896801457
0.901686209998418	55.4073512998727	20.967250250424176	42.4923134063295
0.7540588628135343	258.16044614967427	183.77129220252917	230.26451341949485
0.9382405089275445	16.090438122282833	5.398411493119018	12.080928136346403
0.8222278004531567	119.6749351559756	70.27577843696115	101.15025138634518
0.8568997460596725	409.06580363861127	172.29240463590423	320.2757790125961
0.7876208553741745	219.03592489325294	140.42181981766308	189.55563548990673
0.9737691590117143	76.77226116275625	7.256422858851167	50.70382179879184
0.8367048683701549	251.46090207724512	125.69202948653616	204.29757485572927
0.6894103057755518	601.3930799806769	478.66877964667054	555.3714673554246
0.7890143653294812	124.68737857925198	84.41021192453455	109.58344108373295
0.7349353548356622	177.06491606480347	137.82156866336584	162.34866078926436
0.9547249933309851	16.74555242744563	4.041465371511104	11.981519781470183
0.786166536456404	87.20088631698347	62.447966555373156	77.9185414063796
0.8593144679027601	182.46528180164705	81.97311865117393	144.78072062021963
0.8948455279395799	53.573473776434554	21.79429679832343	41.656282409642884
0.8651239342432581	41.15249932565026	22.423824997347623	34.12924645253677
0.5839161383041903	534.5470488222261	500.54045441979133	521.794575921313
0.776198433436745	36.542708451536534	32.12006398955443	34.88421677829324
0.8641926971000021	599.4715678678073	232.3984570854859	461.81915132443675
0.7658304227254309	324.98714305206784	218.22501920802264	284.9513466105509
0.752266135606937	172.4222491151867	128.0207064540032	155.7716706172429
0.49634176919949435	584.4789124196855	577.1353386490596	581.7250722557008
0.9882941147293255	33.84009903324443	1.6807390870066108	21.78033905340525
0.5440047151714986	675.323627114466	647.7964389680631	665.000931559565
0.6503730027127493	274.3092635220706	245.20266858822032	263.39429042187675
0.899901963562861	137.94199949853308	45.994186070345016	103.46156946296256
0.6438640763680129	419.4214415479423	369.61681064950096	400.7447049610268
0.9285108971370273	63.743988886598636	17.11839213425197	46.259390104468636
0.6677811018393974	206.7686113806266	183.3023057650697	197.96874677479275
0.8886068718944983	814.9433457603881	253.63094894501353	604.4511969546227
0.8025644105912213	82.3250110874265	55.67418481942377	72.33095123692547
0.9432902645457466	35.35357381407164	8.515942677813046	25.289462137974663
0.6993535345052376	116.85642683989158	102.79397966900865	111.58300915081048
0.9374346419709381	899.8672825396045	155.22947164231329	620.6281034531203
0.7678067003029418	59.67762192744241	48.209156728012935	55.37694747765636
0.9097918615336061	84.80215855284666	27.36440180478997	63.2629997723254
0.6565309713542231	251.81784390911508	224.22649989425355	241.471089903542
0.6566091104729104	317.00575380101674	278.2595927177022	302.47594339477376
0.8086275865317122	342.2083447533362	192.27038022610589	285.9816080556248
0.7277277500846401	98.17886643716223	82.72173871077659	92.3824435397676
0.6979958402527198	265.228550705368	218.24520580346342	247.60979636715376
0.8963567769861752	74.70034531705349	28.227249828823673	57.27293450896731
0.9642608252129353	12.031445560437685	2.650682250554503	8.513659319231492
0.6007655412532202	449.46786299759725	416.78817076513684	437.2129784104246
0.5228252400877228	627.1402979431632	610.5167816199478	620.9064793219575
0.624149643295026	507.62992837426344	455.539994430269	488.0962031452655
0.6683357885373891	108.29224269672876	101.46999947407618	105.73390148823404
0.6201838911906188	410.98617751892414	374.3256482652348	397.2384790487906
0.890202609749113	686.4923567138931	213.30285558249	509.0462937896169
0.6337363794923982	377.519710936034	339.335519452569	363.2006391297346
0.9508426951149288	113.67900356762753	19.053893152628817	78.19458716200302
0.974490969547808	14.500553986848342	2.079812372567303	9.842775881492953
0.9090470869595451	101.76430985758371	32.19117873497122	75.67438568660403
0.8318394931866621	58.183216191218065	36.2150645310508	49.94515931865534
0.8034764743505891	54.094490385016684	38.97653421164446	48.4252568200021
0.9759466573825301	240.1298284542549	17.746563185386165	156.7361039784291
0.829637671774764	565.3770955207351	273.8911344641004	456.06986012449704
0.7766105479500157	86.37585928566959	64.11458473536267	78.02788132930449
0.9937102366438533	157.26281346925123	3.1780119432592784	99.48101289700423
0.9432511209368624	1081.85252440698	166.8829373070655	738.7389292445121
0.8460995257617998	751.9876294541025	323.70432399235574	591.3813899059475
0.9552533021927678	11.095557974519846	3.2115164072124123	8.139042386779558
0.7582974902747815	275.48193111433307	192.38086923730114	244.31903291044608
0.8131975001093589	29.468478514019754	23.454067387473142	27.213074341564774
0.865318605314204	24.231122534423754	15.145344529938845	20.823955782741915
0.8361785393207202	864.890489456237	391.49699547885984	687.3679292147206
0.8487353742529758	140.0808366806706	69.56478100377171	113.63731580183351
0.5687265564102935	319.3141146858749	309.0666636624762	315.4713205521004
0.93760219007003	341.394018232384	63.78826209780436	237.29185968191663
0.8163630900748009	30.619439189563913	23.703546612977945	28.025979473344176
0.8569837573359378	28.2071080085726	17.81513546509554	24.310118304768704
0.976925538212663	399.6775253426276	26.875556073694213	259.8767868667776
0.830601390198385	58.39425035212723	36.55934119638478	50.206159418723814
0.5531463170170169	463.5665231134448	447.1559652153123	457.4125639016451
0.9808850390947009	548.5850213819988	29.687318629972594	353.99838284998896
0.8805211822487887	176.9989876422079	68.1085728698427	136.16508210257095
0.7645065867904743	48.20856790226528	40.961701637417285	45.49099305294728
0.7623631373753245	450.2990767981602	298.48864255133833	393.370163955602
0.7321817274351513	833.5909256165606	584.7440517056879	740.2733478999834
0.9723813815328651	1077.0345381695624	79.97142537632988	703.1358708721003
0.9939025854155435	385.64469806667785	6.819999591127555	243.5854361383465
0.8115874752333734	26.423300328438554	22.191454294343043	24.83635806565274
0.77353498278438	868.2746200442967	528.8874531784855	741.0044324696175
0.8584823998954004	20.26854357989929	14.189846268970708	17.989032088301073
0.5547458664382844	604.7442796740585	577.646562472932	594.582635723636
0.9596095708447124	16.980788848789814	3.6322616816164377	11.975091161099797
0.6401280832918798	171.14855015059806	160.08038870006214	166.99798960664708
0.9297207671232647	275.4581348073449	59.3507808059413	194.41787705681853
0.7427472005791275	679.5030703728428	467.22913033041164	599.9003428569312
0.7717521688143308	72.21412966179132	55.891597186340775	66.09317998349736
0.9990448709949995	19.674709536359842	0.09298680967256168	12.33156351385211
0.8659909880808108	349.3588353907826	140.02077825518384	270.85706396493305
0.851277961931093	385.3449643021412	169.31037740818022	304.33199421690585
0.8703596664223783	39.601264369676045	20.968516032394206	32.613983743195355
0.6701299192221669	277.77128438893135	240.38491012829755	263.75139404119363
0.7061031497265774	122.78898539334298	106.00917866687746	116.49655787091841
0.998048924654937	10.63989922985888	0.134583308470126	6.700405759338098
0.9177040910993963	32.13810219737771	11.50328256198371	24.40004483410496
0.5640753773812401	539.8800507600412	513.9819863250508	530.1682765969198
0.4862085595405109	711.8750264780401	702.4067958802232	708.3244400038587
0.8271375792871942	43.97628115564913	29.577294340623812	38.57666110001463
0.7467460379160522	285.0613272685283	205.88338457904328	255.36959875997144
0.6645184679549425	782.7587674498296	646.1586722477679	731.5337317490564
0.8538841692668324	39.22887399507943	23.263900618427524	33.24200897883497
0.8406705218833036	152.9226532385336	78.86869306637881	125.15241817397556
0.6994363850973115	150.38073264245926	129.11774311192104	142.40711156850742
0.9723801543096801	549.7202065621522	43.121515269174296	359.7456973272855
0.797440171564322	122.16839609150074	80.1359548434204	106.4062306234706
0.9252788570429128	598.295423971792	127.55110920771028	421.76630593526136
0.5975162327160533	257.68894602308313	246.06397859858305	253.3295832388956
0.843935714378616	910.921772988743	392.2447048414853	716.4178724335214
0.8213437413813562	184.13445473633377	103.2663607330363	153.80891948509722
0.5625394049912442	639.2027570202197	605.8881150834757	626.7097662939407
0.9388630737645156	10.491190490043069	4.342396078878648	8.18539258585641
0.6741721389254719	276.439082223199	237.61447493338886	261.8798544895202
0.77606777848761	171.4863626868168	117.69316204182526	151.31391244494495
0.9513335481087521	22.125765006988605	5.205402221135614	15.780628962293733
0.8627891022566118	552.4445833682379	217.80221452997182	426.9536950538881
0.8328580172740518	219.4653121105177	113.66126483981276	179.78879438400332
0.7344585068658235	69.0960873590859	59.99970789955309	65.6849450617611
0.9716022320068483	262.53212838967966	22.74247609899301	172.61100878067217
0.6624068111101472	181.9684955460767	164.22558098500022	175.31490258567302
0.9823827975623616	13.899097439590626	1.3983779311488318	9.211327623924953
0.944325481846698	191.38835532771452	33.96025423388066	132.3528174175268
0.8714373049093846	346.81692952833885	133.57146610084823	266.84988074302987
0.8308310513601377	165.2068911348818	89.23402522847006	136.7170664199774
0.8299528160090027	33.27812592753183	23.51939151954025	29.61860052453499
0.7299057540305252	379.9256716235842	281.90266676293936	343.1670448008424
0.694200642856723	86.62526244688948	79.68883106511944	84.02410067872572
0.6660150699814874	182.53426949489008	163.77400141612176	175.49916896535197
0.788586143866729	37.654181985059864	31.095271562954554	35.19459057677037
0.5516284024379283	314.18746560684457	308.04400707379915	311.8836686569525
0.6347649473302217	144.84824466643585	138.29112093842474	142.38932326843167
0.7643839674504972	99.34910620511162	75.4438210979486	90.3846242899255
0.7110375314392119	354.08428498621777	277.18242618924626	325.2460879373535
0.726417752781816	109.63440877215834	91.50913046322131	102.83742940630695
0.5689997866000629	647.7540189808768	610.487839926781	633.7792018355909
0.8138430541237657	139.3935194770913	83.68927649714742	118.50442835961233
0.48868776464823965	715.609318222024	705.3410607205545	711.758721658973
0.788905883757451	393.76198137338037	238.5061321429609	335.54103791197304
0.7823399498147254	39.92959651551593	33.27895753926219	37.435606899420776
0.48200843916536784	594.8820931124898	593.2504466783665	594.2702256996936
0.836681637944051	93.54332813620319	52.61464310902754	78.19507125101232
0.5885693746921459	572.4724030779698	532.2886634458237	557.403500715915
0.7700691487354441	66.12141990835322	52.15269296968613	60.88314730635306
0.9298358884427098	18.314486753986873	6.6424132179991595	13.937459177991482
0.8529283143722834	391.3616916752268	169.88514969519792	308.30798843271594
0.6861633429684296	156.71968031164937	137.54034106855977	149.52742809549076
0.7506201429512398	44.34367194529963	40.129471062753	42.76334661434464
0.6833776603036549	254.01187028985655	215.9155940423078	239.72576669702576
0.8172242277763884	964.7777275278149	481.0648398321582	783.3853946419437
0.9696330830787394	64.00679692372097	7.243752693551073	42.72065533740726
0.9595288887249257	13.809656122113143	3.227626549430913	9.841395032357307
0.5607215578937886	639.1131874805282	606.6734885712384	626.9483003895444
0.8407944372447584	75.20441600492637	42.70545501582987	63.01730563401519
0.5363149736812414	683.5364426318309	658.7298834488839	674.2339829382258
0.6238222866607551	424.73716332516057	384.4968316571331	409.64703894965027
0.8697816476440073	95.91329557962223	43.49812223272601	76.25760557453616
0.787121102089966	445.03745042616816	268.939365887067	379.0006687240052
0.8250853460776648	348.1929475424239	179.92880058877026	285.0938924348038
0.6951389593357256	92.71283815520229	84.37579029566862	89.58644520787716
0.48185313807433616	593.8563393057556	590.0646534966892	592.4344571273557
0.6970504732474149	657.1862300159329	511.7487143675877	602.6471616478035
0.576936224387627	506.6659754635846	478.3726894088809	496.05599319307066
0.650522920025614	114.40047038149538	109.67236319634065	112.62743018706236
0.7345837095172443	67.41063085155349	58.742830722816194	64.16020580327701
0.9856144594394008	10.861986249162472	1.0076967545579638	7.166627688685781
0.869722280432924	476.41739287650137	180.68108286560633	365.5162766224157
0.8620049033510033	35.547866030185354	20.45701644523779	29.888797435830018
0.934342721593356	136.5435070718613	29.875767999392245	96.54310491968542
0.9763991135303277	6.467462081487218	1.5017858238932504	4.6053334848894805
0.7090088968535507	86.49356069340953	77.2102041321914	83.01230198295274
0.851930991007552	21.05858963387903	15.181677008336406	18.854747399300546
0.5138800074240891	587.3960794724294	575.4118876875623	582.9020075531042
0.8385522067003216	81.34994446620304	46.22098110576201	68.17658320603765
0.8889717772190181	20.000094297378425	11.080936449306662	16.655410104351514
0.9480440045359204	43.77237283801638	9.191796178409259	30.804656590663708
0.7357420292360067	79.04156245057442	67.09682084136585	74.5622843471212
0.9895259212952623	7.956282607541249	0.6595435077855729	5.220005445132871
0.8478160251974592	409.36755278371885	182.93428436456162	324.4550771265349
0.9844325042343545	218.8693345253018	10.550221453031469	140.74966712320042
0.8193276645382858	369.0367192662011	195.49255745742684	303.95765858791077
0.6509859775609126	537.4827074167177	462.58024900380985	509.3942855118773
0.9004128170509299	267.0907057590924	81.9941174464152	197.67948514183843
0.8708149320393973	972.1508058538332	346.3751386738573	737.4849306613422
0.7395594201688797	69.49468653827893	59.50032908881325	65.74680249472931
0.805559797820869	86.34349391033035	57.254421088680346	75.4350916022116
0.8007841007636316	47.73109790075408	35.60365242738389	43.18330584824026
0.8022751690793547	55.12287367966299	39.78314137558645	49.37047406563429
0.944165995675249	106.90726324516386	20.56002190489086	74.52704774256148
0.9524712638372056	12.637396203011965	3.627548144721734	9.258703181153129
0.9005503183749751	276.1594404128567	84.37429981424236	204.24001268837634
0.9177364932750925	14.87271801275141	6.8984212337542985	11.882356720627493
0.942767834059521	250.64602693908358	44.329848814658305	173.2774601424241
0.5497943111616367	452.0519739216315	437.3968395242371	446.5562985226086
0.8779337005678508	16.10347181933041	10.805266757051669	14.116644920975881
0.9351738414788764	78.17452671258006	18.362935602999887	55.74518004648749
0.9900419995512457	48.290172262564695	1.8788878188247615	30.88594059616222
0.9420409457862603	20.44920269738085	5.887105652657365	14.988416305609544
0.9581625440697507	19.223318407139992	4.0705578458966745	13.541033196673748
0.605285479618448	296.1009976630407	278.61950307292165	289.54543719174603
0.8465703886605405	58.277258854410746	33.39690279591764	48.947125332475835
0.6704658858067307	643.6058381303958	530.4034098650363	601.154927530886
0.6024280664624836	463.2805355544459	428.2884548971414	450.1585053079567
0.8137263057112887	174.06834271456384	101.96095225898105	147.0280712937203
0.9798971848138114	27.663190728802956	2.496621265533978	18.22572718007709
0.580662204349203	308.01660375318147	295.85289969205337	303.45521473025843
0.8746017895440754	244.95204623699772	95.31357216453239	188.8376184598232
0.9708714186791491	43.86832937083098	5.135052834761396	29.343350669804884
0.8527050919962522	80.06610593968597	41.91619501432433	65.75988934267535
0.8122635885112672	346.5348674285258	191.15045118191358	288.2657113360462
0.9805560866700823	70.58109686067124	5.005802266352056	45.99036138780155
0.9138718252253791	400.4004155099558	102.07321884680451	288.52771676127406
0.810862931298534	81.44462738185081	53.198336400506776	70.8522682638468
0.8943785243213258	81.99025009087417	31.087557250690068	62.90174027580513
0.7780684672761662	535.856339143665	331.1134982146741	459.0777737952934
0.7994839262924915	307.99404295081564	182.06358548289617	260.77012140034583
0.6508739728510236	157.06656692758435	145.78943619393772	152.83764290246685
0.6079082092208159	583.2526616844159	530.7859293345853	563.5776370532294
0.9269260019700953	316.41102435241714	69.9168812787477	223.9757206997911
0.8109970303270856	237.83498460079045	136.64845342531112	199.8900354099857
0.9855856394861131	92.70260764633213	4.644392152126095	59.68077683600486
0.7633972689684707	223.34366063950108	156.1794261533447	198.15707270719244
0.6350373180670019	320.78477677383336	290.3394330129767	309.36777286351213
0.9337096409964506	59.491019876061266	15.001515693162425	42.8074558074742
0.7631768993994865	195.04811296813185	138.2221021764486	173.73835892125064
0.9233908342926008	309.0617176412196	71.80122346650509	220.08903232570165
0.5090756375350393	588.9431225913698	578.1932415735133	584.9119172096737
0.8966569831968464	114.51392585963873	40.417083258047676	86.7276098840421
0.9573052771797972	99.17255858473487	14.710267577609045	67.49919945706269
0.7593487188013841	81.8271524354163	64.7282489203567	75.41506361726896
0.7617024906119554	460.95573603506773	305.7409573132245	402.7501940143765
0.7226494285373826	390.3687342938896	294.8039803190038	354.5319515533074
0.7988100520951299	40.75081884991306	31.676956771598828	37.34812057054522
0.8685209048365558	107.47390329029744	48.39167136826432	85.31806631953502
0.8815192073799556	166.1220033476487	63.89117486038989	127.78544266492665
0.7623081180538968	639.130219756138	413.57561160004286	554.5472416976023
0.8933470971444235	735.1588913759434	220.78403674303297	542.268320888602
0.6269020134518624	215.4855027069327	201.62578209158804	210.28810747617845
0.997264635352815	285.99415542566976	2.3329319604439718	179.62119662621012
0.8051854223937734	33.55788391422551	26.654253236004507	30.969022409892634
0.7109971121826193	65.21476660110598	60.77686849572815	63.55055481158929
0.5608685300880122	558.3476264023541	532.2718678857916	548.5692169586432
0.7049784991382126	643.778257392101	492.62219742407626	587.0947349040918
0.6113112520959378	198.68233043207215	190.09503654028845	195.46209522265326
0.9229748680559712	26.721906601343548	9.411784342550803	20.23061075429627
0.9300491255048993	177.23962628465455	39.9742563701528	125.7651125667164
0.9210464103972574	953.1155770418338	207.26564476210893	673.421852436937
0.7225986501889765	102.35219982181722	86.87696142643033	96.54898542354714
0.6752216777475232	473.50172649290533	393.1080410605895	443.3540944557869
0.9659884122063086	92.72078094248155	11.045670298740696	62.09261445107874
0.48907309041712727	642.3601148197163	634.6235409151602	639.4588996055078
0.9658105989912933	86.78283298124201	10.502882660640282	58.177851611016365
0.7051558328829002	283.3276227326616	228.4095644411568	262.7333508733473
0.9047423248664339	127.73306315506103	40.96386455879316	95.19461368146058
0.9198719531480345	84.22667541743692	24.1780334511238	61.7084346800695
0.9134818474731614	276.2891719661227	73.40679956934574	200.2082823173313
0.7703864676985306	43.87089174345686	37.325481848768966	41.4163630329489
0.7577629486472162	402.82724715682036	273.4490766407422	354.31043321329105
0.6841062159907605	387.34002152227674	319.8038652195037	362.01396290873686
0.7238280596913793	299.2848174622106	229.6645077276801	273.1772013117617
0.6722418166338955	113.5081440281575	105.12700192005495	110.36521573761905
0.6752157535623338	108.80649427973054	100.7365975657788	105.78028301199863
0.9620686356171603	1257.0171912814585	127.76737939824773	833.5485118252544
0.7118633871177723	73.8631170454868	67.01324705548711	71.29441579923692
0.9761048754167718	702.2014488921086	46.62163807366113	456.35901983519085
0.8240780780000708	67.17620637941334	42.46035631750705	57.90776260619848
0.8552015775510278	220.2069033315729	99.59554244846072	174.97764300040583
0.8486110149767727	32.831327434092444	20.977603846854276	28.38618108887813
0.5439417501727514	603.9261526239812	581.2159859471805	595.4098401201809
0.9792944421351378	52.874767155287124	4.219836914666082	34.62916831505423
0.7420989389834669	435.5432583054675	309.0162440566652	388.0956279621666
0.6833814795688189	274.55567842451336	232.12038549443668	258.6424435757346
0.8338965853409502	297.23683483132385	148.5366071569734	241.47424945344244
0.6293007640002865	214.8473636600797	200.4983865437404	209.46649724145246
0.7613065072520634	162.9642089991499	118.26762592303776	146.20299034560784
0.8794468311549256	41.09439423472293	20.144513767850412	33.238189059645734
0.986744787616011	17.437174272406843	1.2010530696374584	11.348628821368324
0.963272800107443	88.77406093642914	11.508091275169832	59.7993223134569
0.6569487191230371	134.14820687136952	125.12683548222923	130.7651926004419
0.9664824947408228	824.0944684841988	75.94922497870601	543.540002169639
0.803522324006897	582.8953588363772	321.45474253870617	484.85512772475056
0.9463776243387615	16.925290485604126	4.825636560647369	12.387920263745341
0.9262977590809165	246.02148839521396	56.30514608289042	174.87786002809264
0.7428956352575637	312.2197377786968	226.47892698270942	280.0669337302015
0.897666611483104	134.27713831231773	45.925413080737385	101.14524135047512
0.8159697254522449	339.4189718300371	184.19566996722654	281.2102336314831
0.9949432576123787	81.61000475651153	1.4598994850539597	51.553715279714936
0.9924788527826114	611.3320212485125	12.784594881906628	386.87673636103534
0.7670441332661645	62.694658355505894	50.36001395644405	58.069166705857704
0.9947131783349267	774.9703805349991	11.181649457293304	488.5496063808595
0.7831187012622619	149.45801856300793	101.3904366802492	131.4326753569734
0.8830225807411752	962.3138674752056	310.86085473987504	718.0189876994567
0.9452904163143804	67.41694467692778	13.69445301389667	47.27101030329111
0.5228525493546047	641.6124843322477	624.2231101251634	635.0914690045911
0.9525367663897006	134.7944924835965	21.283198697060016	92.22775731364533
0.9317650847773948	30.926482677902918	9.275558215683063	22.80738600457047
0.8030660861687524	252.02914798942436	149.3392651932461	213.5204419408575
0.9713916658019304	357.6240525359791	30.210683024438083	234.84403896915123
0.561135605475923	697.4871743739814	660.0628803048646	683.4530640980626
0.7137467385380795	141.10125828702553	118.20216786334657	132.51409937814591
0.9920646345210339	32.108204077738414	1.0934997504756208	20.477689955014867
0.8158459765263905	36.995240490571206	27.299821641324215	33.359458422103586
0.7312572913364705	97.01816792925555	81.15278325275793	91.06864867556894
0.9856016613591658	672.5650530002632	26.86582283710584	430.4278416890792
0.8742392933785903	84.71089643122582	37.85590343745612	67.14027405856218
0.9368142349263261	33.486659657923	9.11235174789546	24.346294191662672
0.8212331451127154	30.380000203032242	23.011158485434766	27.616684558933187
0.8434421084177417	100.06320416241857	53.63200628339018	82.65150495778293
0.8840112925197888	643.5469391647804	212.28909842777566	481.8252488884036
0.6248175101463921	403.94864873987854	366.10978144551643	389.75907350449273
0.8197488451054252	139.52545700314542	81.40252725095903	117.72935834607551
0.7386286483151566	127.96966267424492	101.82554234297433	118.16561755001844
0.7554770882001713	425.0030198599977	289.55552111752047	374.21020783156877
0.5823816203252986	376.8894820792596	358.30712401549323	369.92109780534724
0.9476807635525193	69.24548128048187	13.381809628443769	48.296604410967575
0.969831065003139	41.644210756607265	5.109568435905629	27.94371988634415
0.8942273318460526	13.968715870688264	8.70325114335883	11.994166597939726
0.9595112913286288	100.4511719476844	14.093031188698212	68.06686916306458
0.9873575759820835	19.811236590415096	1.243014262238031	12.848153217348695
0.6062918034179334	258.6734292865369	244.8718324478961	253.4978304720466
0.6159357212994065	468.4328698591293	426.25297658717267	452.61540988214557
0.8806521976965996	52.53224978153257	24.24977023466603	41.926319951457614
0.809953133513598	42.656960867955426	31.309480872765814	38.40165586975932
0.8689482897547107	40.43467664217992	21.529389749860584	33.34519405756017
0.6315961889526134	190.30081136430206	178.5261510502182	185.8853137465206
0.949026786520328	29.695819248669082	6.71702106918749	21.078769931363485
0.5559839382611919	331.6877972442889	323.41633539298635	328.5859990500505
0.6655591222743313	652.3010246001504	542.1555297607495	610.9964640353751
0.8335132204526702	36.858006335444784	24.935262679527593	32.386977464475834
0.6319236926704008	177.69421088012837	167.439698473011	173.84876872745934
0.8031776074399147	27.988272714342617	23.65124052114982	26.361885641895316
0.8998317563923289	74.29563566519454	27.173059619357723	56.62466964800573
0.7856444430750306	39.90632289921154	32.84510039501044	37.25836446013613
0.7226113966827137	163.7259656993984	132.48242682898132	152.009638622992
0.8238626636329347	38.39898090193427	27.03393212478533	34.13708761050342
0.6999063975552382	76.61397629058567	70.97248999614939	74.49841893017206
0.7160120938849656	201.51794153261	162.68661382578284	186.9561936425498
0.6015397977048419	226.91664767466645	217.40877769680102	223.35119643296693
0.8146671471596759	37.38215017659396	27.667834440278806	33.739281775475774
0.9410393088153572	563.7400028133391	94.97983261413242	387.95493898863657
0.662660198425398	147.02366166795136	134.89727738861868	142.4762675632016
0.8781646922934814	149.0822011185027	59.712906543553466	115.56871565289673
0.9181286336639068	14.10380905771848	6.677104884761009	11.318794992859429