0.9876263381795843	23.844750827369715	1.2875829242815477	15.385812863711653
0.4294921107819536	918.8093668270446	913.9290993895527	916.9792665379852
0.8564248616652286	1603.091309687135	604.6230973968346	1228.6657300782722
0.7833868100855655	389.5720535625494	237.04598964826926	332.37477959469436
0.9261205510810516	24.1100118289458	7.841072148690694	18.009159448850134
0.6972812266132269	698.8079842154496	535.0231889035417	637.3886859734841
0.826715464646971	99.0320974429346	56.49282745195125	83.07987119631585
0.6694868653508828	98.27408389426576	90.51900177400579	95.36592809916827
0.46956334285551826	693.0864939366626	684.8990189333055	690.0161908104036
0.7332230126870407	422.60663408367384	303.39148729194574	377.9009540367758
0.9766277858110982	6.485909250149633	1.1688418231927358	4.492008965040797
0.9987253797609189	166.79423279704065	0.6570820861947055	104.49280128047343
0.654490079538488	1011.8805670275248	832.0212337536581	944.4333170498247
0.9246358448951282	64.02631908945853	17.385852209947647	46.536144009641944
0.8400403692858387	20.817851948930038	14.833510498806223	18.57372390513361
0.5664471428048641	1143.9814782189599	1054.6050531027438	1110.4653188003788
0.705258671609167	349.6403330830231	273.35379836452097	321.0328825635848
0.9470070188149035	454.17829904270377	68.4924564215489	309.5461080597707
0.9150732583399187	13.442083927192623	6.045191708489625	10.668249345179
0.8204580767482945	271.50450257997187	143.82841470957678	223.62596962857373
0.6396826461909333	1036.7419095672617	873.6541996634764	975.5840183533422
0.802010548394976	40.71195387992803	29.740230868028164	36.59755775046558
0.8518480805838796	164.26638359793648	76.38430127071067	131.3106027252268
0.9037455584579337	635.0688451579124	170.66506194287922	460.917426452275
0.42114610485745424	1230.0504685947476	1221.3094016693244	1226.7725684977138
0.5373269892182653	264.376161352737	260.9084740228694	263.07577860403666
0.9920644077675485	10.387687210852107	0.47793295537842884	6.671529365049478
0.5732767198690758	279.3253756633355	268.18652712079296	275.148307459882
0.569816127989129	411.5127959388631	390.3947852493897	403.5935419303106
0.5424304570130747	623.3986755547523	595.8976437602787	613.0857886318247
0.7270111682884036	107.2385893720122	87.36654211007058	99.78657164878409
0.8996425707088185	255.55621742767175	77.47216247224185	188.77469681938555
0.7641779310802451	59.15149130103772	46.63484055521454	54.45774727135403
0.921118688100513	15.24380403543041	6.075388899755895	11.805648359552467
0.837762081943638	15.717125054844379	13.57189876536833	14.912665196290861
0.6865951421220122	622.0496640607483	490.82480350671847	572.8403413529871
0.4470935585756044	718.5653848149879	714.499236723416	717.0405792806483
0.8497994687194159	17.206852380406815	12.349615850992858	15.38538868187658
0.614166299985326	629.5055493325957	561.3060043989093	603.9307199824633
0.7793723592167993	129.2962437184607	88.07448993782415	113.83808605072198
0.9709762569348089	32.883031042844976	3.8764967584071233	22.00558068618078
0.7747216027504241	32.421026143288806	27.54122552215888	30.591100910365082
0.5214590143974466	649.9817457932988	628.807354714967	642.0413491389244
0.8292836404880418	193.68050003998528	101.12245882843169	158.97123458565267
0.8747225267432885	892.8706377528965	304.9176794505981	672.3882783895347
0.7848570064005402	71.22226715258336	50.99950778283071	63.638732388926115
0.8545743801624293	703.0837405397274	282.7153247540007	545.4455846200799
0.5020422918942611	1198.191665222203	1156.487280741017	1182.5525210417584
0.9199385875143108	76.08872857491787	21.361004824202247	55.56583216839951
0.8760145886624667	22.00913641921551	12.166480478075696	18.31814044128808
0.7379183310464188	174.8012169476262	132.2779364646982	158.85498676652819
0.48601536624819114	1090.530052227611	1062.5999728549161	1080.0562724628503
0.728031741384094	570.7558324367394	408.18722082195967	509.79260308119706
0.6983244145591568	358.85244260061637	284.60517467260087	331.00971712761054
0.8617224996101605	177.23016363907388	76.51519259484047	139.46204949748636
0.7746814108780843	436.41038982864046	272.43185391935646	374.91843886265895
0.43670519348851766	1154.5055029185403	1143.0102332087624	1150.1947767773736
0.7485829632681671	160.82688763612373	118.86158053723665	145.08989747404107
0.6646128128228618	219.70947768128866	191.8650126564612	209.26780329697837
0.9940958500323787	591.0218941627224	9.562101837324747	372.97447204069834
0.8785853425834419	839.2369177711688	279.05771253185287	629.1697158064253
0.875633432188412	11.28390150378362	8.294678323687966	10.16294281124775
0.6845923407328827	327.91328130663703	269.2609328276477	305.91865062701606
0.8843569864947386	572.2607997344442	186.2650904579935	427.51240875577514
0.5040020464196746	457.367571968891	450.1547666091172	454.66276995897584
0.8938703064526681	232.22021307043616	75.17661847654655	173.32886509772754
0.6195135648845757	355.3843259306184	322.50585543555815	343.0548994949708
0.9293252966350983	189.11298821079384	41.60520542814592	133.79756966730088
0.6601896945144147	745.6405296965306	614.7531849870181	696.5577754304635
0.9522433401509452	172.7039651972404	25.812036539163145	117.61949195046142
0.4403635940881513	890.6924324669852	884.0069525384491	888.1853774937841
0.6802673692770161	120.34644646610796	106.95199464222635	115.32352703215236
0.96424197144033	116.33092805259139	13.628657751908683	77.81757668983538
0.7736690308891515	1570.8020044459222	912.1771674352198	1323.8176905669088
0.8626354741742709	59.93890289927671	29.633455538486103	48.57436013898023
0.9535924700956495	943.7064744139817	117.61519639837013	633.9222451581273
0.715379894308766	129.72650522689293	106.73121485221618	121.10327133638916
0.8154651248085468	503.3611237569029	260.18695537025724	412.1708106119108
0.892892032289517	53.33926613407861	21.16632751652568	41.27441415249626
0.9044987164442495	75.4626780383343	25.288808684743508	56.64747703073775
0.47950038542387546	609.7009107258392	601.9319531296798	606.7875516272794
0.830650939669689	523.5470729997397	248.99362636155092	420.5895305104189
0.7106921219699055	76.30814930602672	66.91359169221188	72.78519020084616
0.8615508454405798	266.0567569361382	110.40810137816234	207.68851110189723
0.4982061492649985	1107.0543097784991	1072.220245618743	1093.9915357185905
0.9118729620801401	369.1178989103002	94.89165132856283	266.28305606714866
0.9533323925276554	41.99180799482393	7.594019303610597	29.092637235618927
0.5684545465910024	242.70005852517224	235.29510120032674	239.92319952835518
0.5494531284757723	583.860641720966	556.3770706682828	573.5543025762098
0.4747602733841407	1131.3089553425448	1106.8566681273096	1122.1393476368316
0.6614476748043258	550.4430816498285	459.2487529188305	516.2452083757042
0.8874653721610022	33.624991552257	15.293694539604878	26.750755172512456
0.9320089781611772	231.66679355922662	47.93619786924029	162.76782017548175
0.8271841635858443	1556.4649557412852	704.1210718008508	1236.8359992636224
0.8429010964768124	51.21026028431345	29.415773329098016	43.03732767610766
0.7989554341988719	859.7608656937131	463.8720560959988	711.3025620945702
0.919162791353045	626.1277100325858	141.16822993465826	444.267904995863
0.9976143528693875	6.46912729393566	0.11758351622148666	4.087298377292845
0.4900380152647371	576.9458763204642	568.0119165950488	573.5956414234334
0.8765445596021627	72.07055880344271	31.27360535656249	56.77170126086262
0.8537961621007402	45.48783277896676	24.974579455685618	37.79536278273633
0.6050616251753097	201.00861933744062	190.63084125392953	197.11695255612395
0.6595158041909366	192.59798823683226	171.02277725107504	184.5072841171733
0.8567772396635511	61.37980907945931	31.43940797630475	50.15215866577635
0.9563547798000822	72.67643066143967	11.15059601575684	49.604242669308604
0.6311630540827343	221.28912466861723	202.7616617767853	214.34132608418025
0.9001365791229795	10.348874700447537	6.247505293309059	8.810861172770608
0.8369589977250894	66.58335480090622	37.95054168171867	55.84604988121089
0.8674865143666405	261.4177962346727	104.12359997075362	202.43247263570305
0.49921405343343533	526.7498114714326	517.7094475178726	523.3596749888476
0.7470019376525265	43.6644849872006	38.01901751852147	41.54743468644593
0.6936006128725999	743.4177410868265	572.2576222302441	679.232696515608
0.7348604324704735	84.40630707406454	69.14791792956596	78.68441114487757
0.9226806746593263	43.128348723003874	12.889799010082525	31.78889258065837
0.8445376007814527	398.3023940634162	178.35299097530805	315.82136790537567
0.9956428415814235	407.6487645263969	5.0036715573972685	256.65685466302205
0.8990098096895723	169.9738653941438	54.152023414908015	126.54067465193036
0.9232944935362671	813.6349027040246	170.58320229347316	572.4905150500679
0.9327739568621528	27.13908299531474	7.796764714447949	19.885713639989696
0.8264747738421675	48.25610503543846	30.59377911256366	41.63273281436041
0.8423746270505549	72.02676898410425	39.35579260136801	59.77515284057816
0.5691391788566155	293.6930004048121	282.3016998435288	289.4212626943309
0.8111845400224145	1034.013342953865	520.6523778207317	841.50298102894
0.8279167837644547	381.5263547486714	188.77613027812737	309.24502057221736
0.8587201872680387	24.947370433593836	15.07631303814173	21.245723910299297
0.7905099170266455	574.8723144557766	330.36788504157096	483.1831534254495
0.9332781118754259	50.68937888163793	12.680165290149887	36.43592378482991
0.5765466291163752	499.7950361418701	468.2163896175972	487.95304369526775
0.5919437706572198	546.8639596244528	503.07262500049995	530.4422091404705
0.7811336613356857	191.04301069196697	124.41240569711688	166.05653381889817
0.7918214526374044	73.68230509937433	51.14397739773064	65.23043221125795
0.9545997258466971	964.8767648843138	117.43057428652986	647.0844434101449
0.8375478072493487	125.52629700679296	65.60247401353814	103.0548633843224
0.8080270230974023	96.04506981184821	60.19869364876246	82.60267875069106
0.9688913028594573	302.4634335816789	27.600518078321954	199.38984026792002
0.7221346586115721	47.535082176455305	43.616000438227985	46.06542652462006
0.48877928635787593	707.3196626710607	693.8345291508543	702.2627376009833
0.8873423008924063	31.496614940334197	14.546492081998949	25.14031886845848
0.7388523917193488	88.02911675981613	71.0309760208707	81.65481398271159
0.8998914562743433	165.01240647115463	52.28359243728493	122.7391012084535
0.9390893211646645	10.140928456892555	3.694117266363143	7.723374260444025
0.9088199077292332	219.12959001688012	61.316111811131535	159.9495356897244
0.8623574352468064	123.11924367887946	55.17333621345631	97.63952837934578
0.8383067464024234	47.04410782635168	28.13934239163764	39.95482078833391
0.5409168978444894	568.309962433677	545.1936015239206	559.6413270925184
0.8346043118388334	36.93478444454962	23.57278909556494	31.92403618868036
0.8238280634466214	32.59644220636506	22.552260009496877	28.82987388253949
0.8421700546172685	296.5493138985383	138.16279319597885	237.1543686350785
0.9050729022630419	26.85098023569198	10.893652268587896	20.86698224802795
0.996447363066564	20.33789622004916	0.32811134642825657	12.834226892441322
0.5223020237925695	429.8863948269626	420.1499404363876	426.235224430497
0.6107529577947005	290.0748693519208	268.48121161110646	281.9772476991154
0.7499047513009688	62.869251281145495	51.2870624072911	58.5259304534501
0.6500948718850867	1016.3643847705541	842.1366835657316	951.0289968187457
0.7277530685056904	60.93724039634107	52.89138932099017	57.920046243084485
0.8291890306204732	25.567516080558526	18.228025427605665	22.815207085701203
0.8043233564541235	378.0984176482122	210.72423973989663	315.3331009325939
0.9125341872953618	19.197401274104557	7.865163078302725	14.94781195067887
0.948537572260791	86.80381475530578	15.307796278156253	59.992807826374715
0.964977241207184	1961.2840138460022	175.54338699717687	1291.6312787776926
0.6760619615939372	254.10728830822586	215.50451091183527	239.6312467845794
0.9909649857973631	7.199334604475871	0.4612645679274947	4.672558340770229
0.6626520618709002	507.28684598983455	424.0299750931147	476.06551940356456
0.9922880895972965	11.516406592673754	0.492066439997914	7.382279035420314
0.7858505802569201	830.2460673709475	475.25542503214564	697.1245764938968
0.907818844790598	30.900841837801703	11.785968318040648	23.73276426789131
0.9367696419068148	68.64610002622618	15.451415202789065	48.69809321743726
0.8749101185040412	299.19430903199884	111.19198623253972	228.69343798220166
0.9312012591863202	197.88066630532452	42.15187675940686	139.4823702256054
0.9590342492204518	26.04683306343385	4.592771717219399	18.00156005860343
0.83503681556241	1678.64272458489	723.4279995337938	1320.4372026907288
0.9983113224495284	16.534871888031553	0.1349614977757394	10.384905491685624
0.9540021984152646	17.41829019009259	3.8643513622851007	12.33556312966478
0.6934411088225736	1435.7016227136269	1072.6978810321352	1299.5752195830676
0.6780021173858233	444.50787412345477	363.4399358616419	414.10739727527493
0.6350201608503802	249.53343712891038	225.99642354639482	240.70705703546705
0.8068269521869676	1113.089954651175	570.0522885156515	909.4508298503537
0.7804022291521026	76.23672122638277	54.99650655386267	68.27164072418773
0.5406271093331456	607.1455132641873	581.4939064630283	597.5261607137527
0.6221374474215039	584.0652231312575	516.9177208739981	558.8849097847852
0.6194717147421089	1135.1850710037697	983.3330723363378	1078.240571503483
0.7336564064262955	121.62944617483659	96.23079170441657	112.10495074842908
0.8584517903494923	113.6480484888336	52.82153817478071	90.83810712106377
0.9067241403740892	248.1821489768003	70.12783852141098	181.41178255602932
0.5783705489188965	352.37266473090347	333.81571662598105	345.41380919155756
0.757134899929959	223.3200399929039	156.17054712794203	198.1389801685432
0.8239299344979959	67.7291156707226	41.24608548317596	57.797979350392616
0.8460186419228595	18.175288749632987	13.086667319073657	16.26705571317324
0.8811279948133606	12.475797204230284	8.161419974965826	10.857905743256111
0.5616871275501164	222.48796390974712	217.69976653723734	220.69238989505595
0.983622561518392	19.41746633330522	1.471644356540768	12.68778309201855
0.625680606982544	138.5600614744797	131.58438069704846	135.944181182943
0.9732747762532361	33.33414439010571	3.6048653809202396	22.185664761661158
0.9448494035812987	27.270512346844818	6.414665727352075	19.44956986453504
0.7985024346989611	25.72156829274119	21.175667305115304	24.016855422381482
0.5054818229236164	464.57569133226644	456.76466991531396	461.64655830090925
0.9191009691124032	866.2889124130336	190.95400630278021	613.0383226216886
0.48714194857461324	1194.0591248781345	1161.1011582336307	1181.6998873864457
0.5476120911926813	296.73643847575374	289.3632492583803	293.9714925192387
0.743658877553282	203.1861635644244	149.32661925365792	182.98883444788697
0.8166812302023321	219.763717463886	120.96789966809045	182.71528579046267
0.6996496313444905	60.43114338721846	55.94161828965429	58.7475714756319
0.6224365930691298	161.72314406414685	152.53489977627495	158.27755245619488
0.6474055245095388	257.22530641473134	228.5746010979981	246.48129192095635
0.7109191010847804	63.40631360113924	56.87660153537963	60.957671576479385
0.8307990532603381	62.10582210790533	36.98081355919036	52.683943902137216
0.5197938205727604	853.5843108523101	821.3681910253905	841.5032659172152
0.8870219312323098	648.6362202880832	204.43090410618078	482.05922671986986
0.9106186803270672	399.6147453818887	103.47408130903239	288.5619963545676
0.5623422856702749	214.60692757540212	210.32182849019298	213.0000154184487
0.7217779099663967	166.34977801565162	131.91681709824627	153.43741767162462
0.5242604739638252	496.1980605794363	482.56511897724977	491.0857074786163
0.6722708741253357	308.1574819458582	260.0761889474177	290.126997071443
0.715972118647396	1185.479392502471	843.4864461012321	1057.2320376020064
0.6805195878841652	75.75283804165309	70.47552519999186	73.77384572603013
0.8051848888020435	33.1422862805384	24.879253157707268	30.043648859476725
0.9541156554846657	42.282502468852925	7.506772353989657	29.241603675779203
0.6682590964108819	73.49127092919825	71.35045387599605	72.68846453424743
0.6750205523448726	101.93427265038862	92.73842617009906	98.48583022028004
0.6899562673086371	136.01706097924622	117.56216436709926	129.0964747496911
0.7156479204503522	76.43780300643513	66.29900550038366	72.63575394166583
0.664351458809663	140.70736973644924	126.76554574846169	135.4791857409539
0.5538262832601755	334.36100804814487	323.33518999504656	330.226326278233
0.8549405833843124	25.779423111324046	15.831177778728158	22.048831111600588
0.9867625071314025	7.758056435352773	0.6961942480193963	5.109858115102757
0.8666559343417981	158.90636344563526	67.04241209454412	124.45738168897608
0.5105910390459197	477.73065943739874	468.2718804016467	474.1836172989917
0.6959358886021265	262.5010448399893	213.53139880626475	244.13742757734258
0.82775226724677	76.6160342416153	44.96483470608266	64.74683441579056
0.8760938050479788	1552.6334471001087	506.8147648007879	1160.4514412378635
0.5846345510567995	730.8066950974687	670.6421915579103	708.2450062701344
0.8119940311642437	29.94006149436502	22.31271775621842	27.079807592560044
0.9744423547479355	34.969426047578395	3.5772551706215	23.19736196871956
0.919650128503946	84.10007305590405	23.345742596474746	61.31719913361806
0.9259536057596249	15.949569223715084	5.8749695786493605	12.171594356815437
0.9968387791904486	4.272639257283238	0.1628529526877167	2.7314693930599176
0.7579559679718362	138.1569946699076	100.61610123845243	124.07915963311191
0.6397279859818483	365.6752474680226	322.51141411103345	349.48880995915164
0.9576557972571185	25.17465662532569	4.629032756827959	17.47004767463904
0.5201306430903893	435.7079824723902	426.150895793891	432.124074967953
0.9920501080938264	125.56593417844965	3.2034077782354515	79.67998677836933
0.6847626557955979	1345.6505223503502	1028.5592661123358	1226.7413012610948
0.7248756537440142	210.35317921257496	162.39691955023932	192.3695818391991
0.9414431541340894	44.39067242948592	9.983289067760797	31.487903668838996
0.6866461012932765	995.699953146776	767.8464801531003	910.2549007741476
0.924268852891773	21.521317929411328	7.395892590296732	16.224283427243353
0.8494324754286865	988.8628897129732	402.16008894729646	768.8493394258444
0.6631513625682468	534.0619712958566	444.8646578852818	500.61297876689105
0.8829634824089149	42.794199658587424	19.257559791534703	33.967959708442656
0.8995357716072303	29.241666025784717	12.28878743291336	22.884336553457956
0.8677578786557489	88.36323261272234	39.777283604628835	70.14350173468728
0.6749276120648554	1431.4718636152813	1115.1490127818022	1312.8507945527267
0.9761102927846527	29.054530612497736	2.895471033459044	19.244883270358226
0.8098868761459603	247.76225538071228	139.4027593396946	207.12744436533063
0.9185350920475019	168.06562877226258	43.23368277831706	121.25364902453302
0.8888506157542024	703.7646801230004	216.8070896606963	521.1555836996364
0.8316712274406348	85.65579513448145	48.501630232011884	71.72298329605536
0.7626910455769399	69.39085985182237	53.78340222404987	63.53806324140768
0.822702510352076	1208.9871138455158	568.4486466505298	968.785188647396
0.6064868298917244	147.12428411228407	142.04702509660868	145.22031198140579
0.8305713289270028	703.7144762774251	327.8518497752396	562.7659913391055
0.81137161688887	131.94032398994028	78.48283050043958	111.89376393137752
0.9687208139098675	151.62212616055558	14.998546908953415	100.38828394120478
0.9902343273635043	145.6103616106479	4.476145668020479	92.68503063216262
0.9383456896271708	202.90115789048994	38.57809288626575	141.28000851390587
0.6304920961112043	107.0579090585413	103.51775597775637	105.73035165324696
0.848212996913114	17.78899788187133	12.733898689739991	15.893335684822079
0.5409747282489705	313.8420703407523	306.64722612892143	311.14400376131573
0.8013054504256785	84.59384388049855	55.48139089504346	73.6766740109529
0.6499201138071946	744.2968515924805	624.9438222946427	699.5394656057913
0.7429813264689141	213.47236559502042	156.56546992739138	192.13227971965952
0.5269504379303525	508.42851556022987	493.4086101129621	502.79605101750445
0.7108248461192305	572.539893880925	428.6983976782789	518.5993328049327
0.8025368225284598	423.3799677917035	235.8608729507906	353.0603072263612
0.6437150766386192	970.155885414583	814.1801520157335	911.6649853900144
0.759051608236829	65.36955229718095	51.644238212144884	60.222559515292424
0.9941464281149526	12.841651488947516	0.3981662245134743	8.17534451478475
0.9765546817136157	153.46912523113267	11.325198774460944	100.16515280988077
0.8826783114439114	578.4394137824572	190.85044830754566	433.0935517293654
0.9554400539817455	526.8009521642176	65.83459109071725	353.938566761655
0.8850068357965964	135.45073522549995	50.386832703142886	103.55177177961605
0.8316069650100106	375.58087135449375	182.32171041031663	303.1086860004273
0.6998507644695089	59.58190257262816	55.26649728630034	57.963625590255226
0.7939069781533071	24.583273720853192	21.053019100627616	23.2594282382686
0.9445320727857137	262.50067856678317	43.644394124014354	180.42957190074486
0.8895396849746248	15.608470782637541	8.606930198104221	12.982893063437546
0.7844224128066815	251.73795527878588	157.94162261999725	216.56433053174015
0.8423137337315867	22.912959514879866	15.662238081307324	20.193938977290163
0.7367557234868439	136.51307054505813	105.94917690921534	125.05161043161708
0.5991557751365951	153.50755813612395	148.86090603899984	151.76506359970242
0.5939873437690265	1029.7141844372309	924.9422086295956	990.4246935093677
0.9897394624931047	23.59001584352835	1.0583742260672562	15.14065023698044
0.969638204591831	73.25256865587929	7.778517947839816	48.69979964036449
0.7706541938359054	1064.5279193267643	638.2017000735576	904.6555871068118
0.6673284259055344	191.49634294686797	167.9823342373482	182.67858968079807
0.6789912429611545	147.71939468326042	129.4162805853569	140.8557268965466
0.5140914016719421	617.1674501618913	600.1707184755878	610.7936757795276
0.6180639522742915	281.9784177332344	259.1811553304038	273.4294443321729
0.7498883958973641	867.5417129682279	566.3988686190745	754.6131463372953
0.680663001806284	250.3662815552988	210.70720988263182	235.4941296780487
0.9495226526758552	520.8977889497216	73.95099422463363	353.2927409278136
0.7451833169111838	144.77420560490677	109.12554798031262	131.40595899568396
0.8057165426691413	144.4762299162797	87.34214290494464	123.05094728702905
0.782393484497774	284.47500067730374	178.09049871372503	244.58081244096172
0.6832091796533737	437.8588295531116	354.54943030707227	406.61780483584687
0.9134413454783641	43.24494289043638	14.454378539190913	32.448481258719326
0.4839607850147572	1274.2016918615786	1239.4905836360276	1261.185026276997
0.7045176075847026	98.40030472510917	85.07302889281722	93.4025762879997
0.9869963897451173	879.1896142178583	30.38322539420085	560.8872184089868
0.9837467626477184	37.702334099501115	2.405403029116023	24.465984948106705
0.9408136577111376	155.66549641627327	29.274596573351026	108.26890897517744
0.5061132751990842	815.4091155614923	791.3225797768447	806.3766646422495
0.738491237168255	264.98876610342467	193.59862480353644	238.21746311596658
0.4632605054785705	1237.8513023709015	1214.684848846753	1229.163882299346
0.8162037055485134	28.36399060241689	21.000798069383514	25.602793402529375
0.8407337891439739	562.3450802823701	250.9410478619266	445.56856812470375
0.7665848104715828	700.992987131234	437.18230405417967	602.0639809773387
0.8002519253974811	894.0442089473958	478.43209577038044	738.189666506015
0.7271000713423157	58.89522559451623	51.44424553029209	56.10110807043218
0.9567076161569047	358.7153998020617	45.01770092679939	241.07876272383837
0.6022170698304632	288.3344846538673	269.37861271297174	281.2260326760315
0.8269007954780341	384.64291991575794	191.2456792215365	312.11895465542494
0.8439083686368326	666.1401864182876	287.95676272538014	524.3214025334473
0.7694308497720092	70.38136384378345	53.28168895511786	63.968985760533855
0.9214395544674888	16.989540113318196	6.5005887004147285	13.056183333479394
0.4628383326303351	649.6933575239591	644.1777193657717	647.6249932146388
0.9065581455004937	199.57566121799672	57.788621993944304	146.40552150897707
0.9052243161012178	33.968224402406875	13.040616631609609	26.1203714883579
0.6989686399160195	113.4940846264198	97.9030803932902	107.6474580389962
0.733041126658874	140.985241111046	110.18976586929844	129.43693789539068
0.5516687271315841	231.2951702953847	227.59627511699944	229.90808460349024
0.7510694778067186	46.63354129490873	39.66113159496296	44.01888765742907
0.5370148780499799	667.4958002531821	639.2136588609008	656.8899972310766
0.7324190484103656	1123.5865257623059	764.7343520994807	989.0169606387465
0.5280577598748312	398.85771194256057	389.4846970676952	395.3428313644861
0.6258616892044087	813.8972220164361	707.1492227605069	773.8667222954626
0.9096533289535539	332.02548231331707	88.35497817586345	240.64904326177196
0.5663118300978662	695.8478313619917	650.8159461978582	678.9608744254416
0.5645798996342183	730.5691730569872	683.331318823544	712.8549777194461
0.9361110523391127	22.1024435430137	6.361945634435929	16.199756827297037
0.9964644360385374	384.18867026293714	3.8469014513022444	241.56050695857405
0.6547028403083356	447.2980627830492	381.49940600747493	422.62356649220885
0.45350159180965555	884.3553285103749	874.7196620358395	880.7419535824241
0.9753940212632319	94.86298703982857	7.834290977853165	62.22722601658779
0.5703491833846694	1008.6976064864983	929.7179554784353	979.0802373584747
0.6093154626324226	193.28582407584506	182.92003027426162	189.39865140025128
0.8194946609567426	1059.0990675819548	510.51834974719935	853.3812983939216
0.7960268489491773	247.14676826537237	148.05415117651228	209.98703685704984
0.5383893592128559	467.19674605935336	451.41497788673166	461.27858299462025
0.5082955494771355	559.0132288293823	546.4414946953252	554.2988285291109
0.9940289432271824	272.20960809689205	4.77325237896531	171.92097470266953
0.7031678293942212	203.23043763705093	165.7001173711984	189.1565675373562
0.8670535390676897	1292.0480248910576	457.1704655904236	978.9689401533199
0.6442112016682232	483.66655038033196	417.97994730548123	459.0340742272629
0.9856622912926374	291.3780095244333	12.227597255068929	186.69660492342166
0.7642454156182523	102.65036642600643	75.55139651743377	92.48825271029168
0.9821235097069271	155.88880220213193	8.737849290923435	100.70719486042874
0.8649091471187472	21.324131740844134	12.895820937772154	18.16351518969214
0.9999820299514255	20.657586622543633	0.0016743885229981714	12.911619534785894
0.7869949113129489	42.02230860582662	32.36886559006629	38.4022674749165
0.6349798260721297	491.2340871717814	430.1733413650161	468.3363074942444
0.5560451734884634	352.5548095167802	339.7772456668605	347.7632230730603
0.6875036471722695	1233.055901522408	940.0900313367121	1123.1937002027719
0.7721895237474308	406.44786962948206	257.437283118451	350.5688996878454
0.949273607886592	122.03864596693373	20.2419212422437	83.86487419517498
0.47779938996048704	1088.7386838526857	1064.5681503854241	1079.6747338024625
0.8494672796890139	65.92337184972666	34.978418673952845	54.31901440881148
0.7180367885275342	292.1424382375986	224.03777436757258	266.6031892863388
0.5651690373706586	726.8190278242809	679.577785349304	709.1035618961646
0.7097804429732302	345.5285812656612	267.4373509781089	316.2443699078291
0.9207730284387526	28.328649872090907	9.4900784987476	21.264185607087168
0.6929341128979014	156.262305677159	132.79827507244025	147.46329420038947
0.5115808206665222	956.0079234120736	922.0348485324215	943.2680203322041
0.8047538497175682	1351.5912200009152	691.5139869495812	1104.0622576066648
0.6723933815249129	240.9470382080499	206.39995691770787	227.99188272417163
0.7341282501446518	419.362405534979	300.42702196214765	374.7616366951672
0.7403115592801169	618.6038426562021	424.62198900463756	545.8606475368655
0.7451180721748604	135.25349341497497	102.62744738485266	123.01872615367911
0.5490200072020013	696.0546292328322	660.2038599408133	682.6105907483251
0.7675577308587853	182.40832984667657	125.34570682096353	161.00984621203418
0.5735015366188942	382.5130994893487	362.7345276461978	375.0961350481671
0.9864954965230798	58.42719113830687	2.8457587315275354	37.58415398576462
0.8585346344207676	469.0252221678976	189.2352729899288	364.10399122615934
0.6269551134637458	1227.768337672009	1048.9819223651464	1160.7234319319355
0.5382416532558254	501.5159551134269	483.63386614212925	494.81017174919026
0.895810837243444	1720.1897702808799	469.1067318079365	1251.0336308535261
0.9347590520692244	20.612088118589227	6.177778224031623	15.199221908130125
0.8228754631633162	47.48870128968882	30.73402801535825	41.205698811814855
0.8900707204011669	57.95298583272867	23.258579783673174	44.94258356433286
0.8848606266656369	51.62901761611494	22.104741754526522	40.557414168019285
0.8386197206898274	22.741822755392253	15.908964639345005	20.179500961874535
0.9617516486070758	321.6711521767281	35.96555088855163	214.53155169366192
0.6548025220056533	206.1587933310439	183.59532831470187	197.69749394991564
0.9883104797076149	133.75563122561394	4.989841665287145	85.46846014049139
0.5946190032776683	175.91290666029244	169.75730524526574	173.60455612965742
0.6382719426407543	295.3897052288847	263.93694224429004	283.5949191096617
0.4931067403908877	834.2904987505751	814.2954300662434	826.7923479939507
0.7155669562676695	104.99030928848644	88.06716119498246	98.64412875342245
0.8871274599375631	44.755006011124564	19.284928378388624	35.203726898848586
0.9067049743908512	69.36504172198816	23.00930597979379	51.98164081866528
0.9975579453277864	28.52427605125663	0.28936504981247424	17.936184425715073
0.9880613949535304	11.160335953124495	0.7495764429751794	7.256301136818502
0.7646084945910359	99.32860518405613	73.28554169866175	89.56245637703324
0.9800841502028075	100.63553862619486	6.6620620825238674	65.39548492231825
0.5667181028618484	386.0976587390156	368.01720770755765	379.31748960221887
0.671426403341775	303.63116866188307	256.8753675533138	286.0977432461696
0.9637342212882097	9.55268674875516	2.115988410960053	6.763924872081995
0.8361528293642638	28.065201830957207	18.846213141033914	24.608081072235972
0.8408766514992999	35.783565811233906	22.206094525671617	30.69201407914805
0.8089326030083482	255.29014547905078	143.89165017674995	213.51570974068795
0.8602289158914893	63.754895824695	31.728427293670382	51.74497012556076
0.8735414338522856	415.1817402160747	151.53981655944037	316.31601884483683
0.896238944493488	60.737743812991546	22.858783100968672	46.53313354598297
0.7050299145295646	204.91633633123922	166.28417977190975	190.42927762149066
0.7254668101984337	162.90935996441925	128.2211623279279	149.901285850735
0.5666638122432756	1194.9110856686011	1100.0367158270392	1159.3331969780154
0.7714367336410078	457.6588645287982	288.232107514011	394.123830648253
0.7400938221610249	56.041066713306414	47.71641169982423	52.919321083250594
0.6574757760350162	126.40572697992731	116.01496154944975	122.50918994349823
0.9397302438840328	938.5397890572384	152.67010896013096	643.8386590208231
0.9253365595608007	511.9777036434615	108.26248377741186	360.58449619369287
0.9180226611575052	9.25958548213126	4.8316743106647095	7.5991187928313035
0.9844721834773199	46.09633950796401	2.6983420498097956	29.82209046115618
0.7654238418755472	34.47727842492869	29.814305894090243	32.72866372586427
0.8796942268193979	136.85826589184586	53.14794558877472	105.46689577819419
0.7443114478888148	777.2150125783168	519.8884523870162	680.7175525065791
0.6162067389160871	150.94017204724662	143.98700241390617	148.33273343474394
0.7732075563166684	686.4753963464007	418.2137969424189	585.8772965699075
0.6312424811545205	732.249827249293	633.8508399159261	695.3502069992804
0.8320240429743568	103.49506837894228	57.08365302648838	86.09078762177207
0.8324428500569543	1276.858992878077	567.1535366738382	1010.7194468014875
0.5471916858382428	434.15732130699035	418.06206839680743	428.12160146567174
0.905512908025335	63.275248371406356	21.569805108337867	47.635707147755674
0.5232030385896849	452.50530046672293	441.41763912845306	448.3474274648717
0.9479370039191605	453.13315845340605	67.13418858811966	308.3835447539236
0.9143254676619829	13.180174907888162	6.027062971236727	10.497757931643875
0.9224316744294744	20.085880774340826	7.208887853257305	15.257008428934506
0.45665050457540707	653.7527189844848	649.4032296499361	652.121660484029
0.5737505742791992	289.9099499934967	277.82055318715953	285.3764261911203
0.8846847816961014	23.82520629219243	12.031580099060438	19.402596469767932
0.5729241802272241	301.5197871520368	288.67743849927996	296.703906407253
0.7840415553369475	42.543287126647414	33.05336200837935	38.98456520729689
0.6927982577889631	78.07213381811032	70.76342220838372	75.33136696446284
0.6515775939341523	261.7817465016592	230.9394917164459	250.2159009572042
0.9845257614507614	323.7721128305372	14.501543052922955	207.79564916393184
0.9493628976663914	317.2445501173284	47.214253316457814	215.98318881700192
0.9458410105298192	86.74560649423773	16.109236013460453	60.25696756394626
0.5842918743165322	321.08032605168984	303.72877450834693	314.57349422293623
0.41495043583747016	1220.112900997977	1213.0869777083938	1217.4781797643834
0.46919277673374726	1246.6727254839195	1220.5571184901366	1236.8793728612509
0.6505181596795444	651.9566816209542	550.0475279440166	613.7407489921026
0.5812984440724961	433.12095959723564	406.0879299490967	422.9835734791835
0.964292325996945	668.2572239779279	65.46017772858022	442.2083316344225
0.7507348261492656	313.0984201384284	217.65170882556404	277.30590339610427
0.5404402299019132	871.6319863891031	827.0474135089537	854.9127715590471
0.7247492137965029	155.3009951793149	122.95465154418508	143.17111631614122
0.5335532912300528	779.6006388480522	745.33857307964	766.7523641848976
0.8556764823723743	27.599332250252075	16.592395503810017	23.471730970336303
0.8343969255194683	343.243466077521	165.26102882236876	276.50005210683895
0.8786713917604032	65.37066162041786	28.315079983794032	51.47481850668393
0.8000973102632016	69.16858823310696	46.83136060359223	60.79212787203893
0.953024939404875	45.734476106371	8.18871839844833	31.654816965899997
0.9192452140213828	244.71064269639237	59.910510452267715	175.41059310484562
0.5490573389827273	329.5511448659024	319.84363176925876	325.91082745466105
0.4943031814853224	1189.8704388892802	1153.1695043515624	1176.107588437636
0.6189374646223731	295.97293482207715	271.1188711951319	286.6526609619727
0.7218787727184934	72.8940171931299	62.69214796637326	69.06831623309617
0.9247098487334408	972.1240840346228	197.66195132889982	681.7007842699767
0.8537158324781513	100.91152491660372	49.12139378653301	81.4902257428272
0.6591440159972036	689.7971704876843	571.7921194149126	645.5452763353949
0.9066691707355277	22.036960064127804	9.252208903013834	17.242678378710064
0.8619785652616456	114.42420605108151	51.8742661394437	90.96797858421733
0.7091313854517484	107.47477073298295	91.23463793331256	101.38472093310655
0.9362993142970516	166.5780755061699	33.46585799517213	116.66099393954575
0.8410672109634706	65.28773665163558	36.466147446702664	54.47964069978574
0.8427613349538775	1051.7043476206857	444.4159726180023	823.9712069946794
0.9781263364037678	273.12960986643634	17.660672840173177	177.32875848158764
0.6943183614656421	423.63385275343705	335.61591658535895	390.62712669040775
0.9309614441263294	7.885053651858806	3.8224454234532472	6.361575566206722
0.6336946895623518	114.14434000650627	109.07159449651246	112.24206044025858
0.8653734247981193	19.22228580194627	11.953961593584493	16.496664223810605
0.6352431959108881	731.3283614327386	629.2719640336893	693.0572124080951
0.8313229123300555	1732.8189423979006	761.8064962228946	1368.6892750822733
0.6208196237898616	415.62956239105534	373.8887052990015	399.97674098153516
0.5252299789536163	522.6300695397708	507.3092209697688	516.8847513260201
0.6639152689047686	756.2831809006617	618.8290191999484	704.7378702628943
0.9131589207947213	91.7212263925054	27.175931823998503	67.51674092931532
0.6561898983775662	154.60780542456928	140.0558997185027	149.1508407847943
0.647318580663335	144.20171968652957	132.92829094287768	139.97418390766012
0.7071267609812317	51.42887917424043	48.391353668776965	50.28980710969163
0.997831162671685	5.9567372741297975	0.10502091409827852	3.7623436391179776
0.8477618606973906	713.1639993589038	299.54098392461907	558.055368571047
0.7641810424375126	400.32597649621556	261.3081958896967	348.194308768771
0.9493080539203634	35.63358219740273	7.245137596857649	24.987915472198324
0.880922934383756	21.690962811775698	11.58471021150222	17.901118086673144
0.7761807996425495	814.8648162261952	485.5846839548919	691.3847666244565
0.6210183847769458	508.4374978717981	453.25776030717964	487.74509628506615
0.8339493958063594	267.3692692653089	131.91306764886133	216.57319365914105
0.8723816651644617	529.1192041399668	191.10818571631916	402.36507223109896
0.629079163506933	463.3503982822988	410.2638918839467	443.44295838291674
0.4899048562817486	1247.551293844161	1210.6576388521842	1233.7161732221696
0.9560734361972069	7.128516041693752	2.2937289023178393	5.315470864427785
0.8653758207219068	304.03338164686636	121.23472668817683	235.48388603735776
0.9405176277694265	207.16356183155293	37.89403081246326	143.6874876993943
0.977150593193079	37.03654774367494	3.3428226966538404	24.401400851042027
0.49897907209834336	1137.1189691109287	1100.3612262734976	1123.334815546892
0.6723077402941126	423.7139507746385	351.18912501039955	396.51714111304887
0.5296859180723584	301.65559504270124	297.1514079352632	299.966524877412
0.5194586486642163	335.77039967536916	331.23119470425604	334.06819781120174
0.8237954071191586	85.50741331189163	50.45688432713503	72.3634649426079
0.8045264702432036	43.328575943587936	30.97132672561787	38.69460748684916
0.955341731370521	27.795799809059496	5.261902145814242	19.345588185342525
0.8129789306077819	63.04252134034908	40.88416763081251	54.73313869927287
0.7030785811597002	86.92156238495335	76.32519577318209	82.94792490553913
0.9994722447719581	33.20072962374607	0.07019903051925169	20.77678065128601
0.7534969245527736	109.4318584756907	82.73531565941566	99.42065491958756
0.9758866640648445	496.2771741434943	33.48198189988278	322.72897705213995
0.8708419459323538	190.00412297533714	76.2078797075965	147.3305317499344