0.87347020571466	149.28355005563157	59.84528695384911	115.74420139246314
0.5998632670460481	418.9749970471365	385.1228294400954	406.28043419449614
0.6634817712918306	275.88004663797494	237.27489959900288	261.4031164983604
0.5277875679449517	432.59037176881054	421.8364784525719	428.55766177522105
0.7826378351223983	1513.876421580369	835.1685424544885	1259.3609669081638
0.6976244293883991	963.6748220958581	717.494706600355	871.3572787850444
0.9506060030376638	64.62468913279264	11.494338493867822	44.70080764319584
0.8558504051536407	145.95068277090547	66.56612711134862	116.18147439857167
0.42216203948613784	1111.396574990012	1105.2874903851873	1109.1056682632027
0.6399539744840168	164.96858077203137	152.7562686421079	160.38896372331007
0.8825556729076712	22.6913003614709	12.474632188218697	18.860049796501325
0.7414233547786292	102.35635220323923	81.02243135273	94.35613188429826
0.6916736539701467	82.3154217953923	75.69656096794995	79.83334898510141
0.7300504735275002	127.0244911132323	101.15613385649402	117.32385714195544
0.7319378074124863	272.9532470151278	201.36752250505884	246.10860032385193
0.5509184502337849	1112.0914998056064	1035.7993970557854	1083.4819612744236
0.8930793756836964	55.07334965568519	21.89306995217585	42.630744766869185
0.7001017213505542	204.4583957229383	167.3056844529753	190.52612899670217
0.9619589907895774	78.38518551785617	10.342752201364497	52.86927302417179
0.9851145560870496	1454.8196474541187	54.748777305100134	929.7930711482368
0.8682568392590648	224.73190653400312	89.35896943715736	173.96705512268596
0.54579901366541	797.4448657591092	753.1293042570758	780.8265301958467
0.6191866598015509	347.0039949084881	314.6038509302089	334.8539409166334
0.9153473947234606	215.2257364156781	55.34192935317738	155.26930876724032
0.9170590966634214	249.6154355271435	61.85624837778758	179.20574034613503
0.942863602208337	25.188523504214075	6.5062289151982	18.18266303333312
0.980557046945332	9.043746031677369	1.3228559698841882	6.1484122585049255
0.9805949683489373	25.9495313046259	2.2330262208867975	17.055841898223736
0.6241230611581706	249.5250092782864	229.0891317240709	241.8615551954556
0.6340220406093159	1109.060162235047	932.8687751752699	1042.9883920876305
0.6987618299170651	148.02021245446232	124.99651834297923	139.38632716265616
0.7129425192110063	82.58667527215766	72.31660048151227	78.73539722566564
0.6187199704481318	146.9815864882305	141.8691539684554	145.06442429331486
0.9376031084670532	450.34873700156106	78.9334361827637	311.067999194512
0.873114696267654	242.54281275595866	92.18422650092549	186.1583429103212
0.8300506857097043	156.31162784897668	82.57785724212444	128.6614638714071
0.867375868616099	145.87379183013462	61.399796031623524	114.19604340569296
0.908268554018826	22.376942931819165	9.671311167619038	17.612331020244117
0.8572783971047213	246.2346264032634	104.80978249326101	193.20030993701252
0.645358036008527	1058.3761913092358	874.9549755453457	989.5932353977771
0.842124578124857	52.77343123894542	30.685758326373293	44.49055389673087
0.7519313698103579	210.10343609030065	149.31293665604812	187.30699880245595
0.9451599352506288	45.200107238990924	9.60525767394319	31.85203865209802
0.7023339113141813	302.9334918417727	239.25847039822816	279.0553588004435
0.7945597521457674	547.590600174591	306.0582431045831	457.01596627333805
0.9078304088387664	25.742375717638446	10.667326896818649	20.089232409831023
0.7794164985357128	58.929059510686294	44.84373483638793	53.64706275782441
0.8430611583299461	65.87700003090502	36.572388483238555	54.8877707005301
0.7305274557494119	308.82025738804214	226.53025512561274	277.9615065396311
0.8635697848931733	349.1449969643178	137.4280312889905	269.75113483607004
0.6390075001555553	597.4053390774257	512.222872441904	565.461914089105
0.9698890271548468	1638.584505870895	124.41893144665607	1070.7724154618054
0.5273884996064804	452.52143849965455	440.66060198052287	448.07362480498017
0.9273845575100292	31.527653364694153	9.706036958599592	23.344547212408692
0.7688360271420743	62.105087887849656	48.59767016856501	57.039806243117916
0.5849132654154473	220.11481360995157	212.66720686540344	217.32196108074604
0.7355264368188507	124.25723870212946	97.74249672966002	114.31421046245342
0.986885284965162	56.56123859528829	2.7089465311455605	36.36662907123476
0.6931321007309114	1362.0914674033884	1008.3120804182009	1229.424197283943
0.9384173475738588	1073.7683763215716	173.32044572698328	736.1004023486009
0.6033751090187943	169.52361094604996	164.35588809720608	167.5857148777335
0.9648382092804617	12.938309078543302	2.6973452067476513	9.097947626619934
0.5458162793298078	999.7043789928268	937.9475189859909	976.5455564902634
0.7019570295406482	982.3965297551811	722.8950514155322	885.0834753778128
0.7412265619182472	114.66727484903845	89.59194841288729	105.26402743548176
0.9969362633838068	204.44960943436428	1.8661843151393072	128.48082501465493
0.5948123426796503	1328.6254814983895	1174.7015797236445	1270.9040183328602
0.6420771508192159	238.82285712973794	214.5840068736087	229.7332882836895
0.9977871256486974	127.25281396885796	0.8921658666773382	79.86757093054024
0.44233165391053314	1053.9560456865038	1043.016865759002	1049.8538532136906
0.5376309170224437	574.2316805034359	551.1330401895402	565.569690385725
0.9019352393844117	214.4305851545805	63.940809012121406	157.99691910115834
0.8190874217666269	109.98480455051697	64.28252319758877	92.8464490431689
0.8820157574703461	36.09960719288458	17.337377960277983	29.063771230657103
0.7587241650915127	960.7872704412098	596.5723433229987	824.2066727718807
0.8604714002867135	872.2920824690398	325.9905306874273	667.4290005509351
0.8419888266434127	23.413273654164918	17.149486882185002	21.06435361467245
0.9547479901225603	145.9127089212889	20.889783583602885	99.02911191965664
0.7182496858665752	118.55147475619415	97.99474661990058	110.84270170508407
0.6557392211264522	623.5626245955398	518.6106884630763	584.205648545866
0.6727067504412089	95.89164056665047	89.5066861001724	93.49728264172118
0.8244010149529905	716.2613271437322	339.32126709818937	574.9088046266536
0.828231915446603	35.120270018986474	24.173785076647043	31.015338165609187
0.7851579378372561	1195.9418756026616	661.3925924914336	995.4858944359511
0.9820441278202847	28.196579476339075	2.1888057054057004	18.44366431223906
0.6786103237106199	84.24490159498399	80.01214331376971	82.65761723952863
0.5610826287604671	534.4345313059404	505.1010295762557	523.4344681573086
0.4215955157193269	1384.5933895403327	1372.474130065485	1380.048667237265
0.7338275805966435	547.7760274473611	382.0866499947601	485.6425109026357
0.6450338628625215	354.64495688329106	309.5958226696179	337.75153155316366
0.6097564767191307	789.059231247677	697.3819976934433	754.6802686648393
0.8121966335152438	229.70378257133405	127.53928430399914	191.39209572108345
0.8449848885376072	925.4610938791109	381.8936345139366	721.6232966171706
0.8829928010406801	29.30919256441389	14.768046171849186	23.856262667202127
0.5846682422249645	221.4393811323409	213.90435261670106	218.61374543897597
0.6903312241326816	506.83330057429316	397.71697274739245	465.9146776392054
0.7699194482858127	593.2949466467437	364.5841609868122	507.5284020242694
0.9614839483752047	47.45178539951226	6.981755449892969	32.27552416840503
0.9871383085343971	529.7260580895826	18.565111144173983	338.0407029850544
0.8941181535027674	44.99817151467967	18.474020110302448	35.05161473803821
0.7572059823821073	69.25580299890471	55.26678573314171	64.0099215242436
0.44237646128644864	914.722093671871	907.6211698728742	912.0592472472472
0.5595298658214921	325.20086872483625	313.98882232423	320.9963513246089
0.936287853912825	28.86813107672711	7.9870176829324055	21.037713554054093
0.4666893816048777	833.5728964832127	821.8171254337077	829.1644823396483
0.8040441593954157	456.29554510947975	247.76860922782402	378.09794415385886
0.6470660454470298	293.5470342309023	258.35692903765886	280.350744783436
0.8459120487510076	968.2263628068605	396.0283351914949	753.6521024510984
0.7666898439561093	150.95461371279362	105.58902677819226	133.9425186123181
0.7980837925420798	44.39667197518845	33.2542845700093	40.218276698246264
0.5815815388883534	318.1551119740535	301.83493462088325	312.03504546661463
0.912995619973121	18.099154346198567	8.060525478917295	14.33466852096809
0.8969454559424879	1505.0122979118912	400.64546670096183	1090.8747362077927
0.9997078129741516	11.869775943388635	0.021232526770156745	7.426572162156706
0.9894646169777839	130.88377999186332	4.370499779608409	83.44129991226772
0.9476227225381733	386.85364007454825	57.538266163644266	263.36037485795924
0.8571785768071136	46.68938502058204	25.36142656972889	38.69140060151211
0.6202217972109728	334.60458505032136	303.54993659829086	322.9590918808099
0.8844376128435756	18.15476239730319	10.803002912635973	15.397852590552983
0.9033757413387715	81.15975582388202	27.226634012696955	60.934835144687625
0.6505136272109479	176.903991905096	160.4225801419804	170.72346249392766
0.6265961697608721	148.92987774291174	141.75657791076526	146.23989030585682
0.689572710630872	276.3455963973362	226.01213811770037	257.4705495424728
0.7742708398747762	674.971305217554	404.3242630358408	573.4786643994115
0.998868604633456	480.1390462431433	1.4832092382490885	300.64310736630796
0.6669892894976548	804.2978774349793	646.5857415446629	745.1558264761107
0.8466810438887873	570.5670072666425	241.2908680079228	447.08845504462255
0.7139962014816311	78.31400471798722	68.95553720505825	74.80457940063886
0.6523703013711669	147.33003097977587	135.30192162064088	142.81948997010025
0.4698182736993208	1317.7252011115324	1286.6268481106717	1306.0633187362098
0.5664526947253247	477.8013271579265	451.41812373552307	467.9076258745252
0.8979482064040715	26.82285135342023	12.138253252482247	21.316127065568487
0.788324125399081	152.25966249145574	98.1424014696114	131.9656896082641
0.7080402480843575	477.74907191174515	360.78018490053313	433.8857392825406
0.4760190174997885	604.7931709998286	599.1104170138594	602.6621382550901
0.7932737412245087	68.8721375976845	48.39571738727521	61.19348001878102
0.988154400198446	268.38492599717586	9.224738536480004	171.1998556994149
0.9663490718356794	18.240865569076487	3.0940816220823066	12.560821588953669
0.5502799815155563	388.59166761963485	374.86702530022734	383.444926749857
0.6243902268508904	486.3549242146722	430.4767120797111	465.4005946640618
0.9188897077719653	13.228025142925496	6.476526820893568	10.696213272163524
0.8196771680219274	1499.359077640558	695.2105418263245	1197.8033767102204
0.9032791053616284	1147.7621858333316	291.55192610826253	826.6833384364306
0.7410613361848062	124.10087862019218	96.13542255833381	113.6138325969953
0.8963228132766893	584.4037482532808	167.3360762319892	428.0033712452964
0.9498164987074107	1396.2011875752692	179.7782455627489	940.0425843205741
0.9430936412093226	106.2143832452798	20.061670636185703	73.90711601686951
0.9886065392585821	68.99881769132112	2.761960928630671	44.1599964053122
0.6405458620578779	325.4914002594601	287.52850845350065	311.2553158322253
0.7191920024749471	384.60740144493184	286.33900351041234	347.75675221948705
0.8704131288997137	29.46630115106683	16.361943402229528	24.55216699525284
0.8260861922731826	153.93588320262137	83.22159699838545	127.4180258760329
0.8536741695220318	93.66782959339429	46.0319554207642	75.80437677865801
0.9134825528218633	309.6449083385431	78.28446788233066	222.88474316746343
0.47769659676152604	653.2434454875778	644.9490339953965	650.1330411780098
0.5942203245579207	502.86702854034655	461.40251903157565	487.31783747455745
0.7248577916454414	734.598410116992	516.5161868710513	652.8175763997642
0.7694597573508191	44.679545809708266	37.389843490248204	41.94590743991074
0.7011751981078272	226.17405955416578	183.1303808511631	210.0326800405398
0.6768874098826803	994.5616546094585	775.3872157420777	912.3712400341907
0.5639085949609608	1084.6094444792934	998.9071643664047	1052.4710894369603
0.7094572082765476	630.7018873293322	466.5458040190373	569.1433560879716
0.6429972919662933	130.9049712860214	123.37921524380195	128.08281277018912
0.5897383899327397	227.33423346231757	218.08865577788197	223.86714183065422
0.9084396622010033	631.8896106622557	158.64495326928912	454.4228641398932
0.5696733233449006	1064.395423372357	975.2607579202311	1030.96992382781
0.8484899690865112	453.9144716808737	193.33879424804275	356.1985926435621
0.4246956909148777	1176.5085264954141	1168.0013747958633	1173.3183446080825
0.4934087633212154	550.0401077081895	541.9662183478251	547.0123991980528
0.6334563760355377	129.07135348014256	123.87505101534121	127.12274005584204
0.8161774380128626	394.15716323617755	204.17417639418807	322.9135431704315
0.44352547476100024	1343.3532009287458	1323.948452399846	1336.0764202304083
0.7610713495956702	772.5262526949285	482.00497286745224	663.5807727596249
0.8137658306305656	146.1289549613672	84.58496523423565	123.04995881369288
0.6587615975812847	127.49054161223067	117.56680904673102	123.76914190016831
0.7907988920594501	322.33366994275957	191.040614580573	273.09877418193963
0.5786715481463632	487.5213542980655	455.13996786479345	475.37833438558846
0.6269662511272825	206.10253795761759	190.91655662796296	200.4077949589971
0.5287583154268297	455.23905810308145	442.843665468787	450.59078586522105
0.48167110970141574	1115.3215656420014	1086.6449711336825	1104.5678427013818
0.625306286302951	135.78933123177686	131.49918909410346	134.18052793014934
0.7155924842021535	1316.333500621373	920.7523081078068	1167.9905534287857
0.9929227964090278	33.69095955945697	0.9768465014791339	21.423167162715284
0.5339299290089916	409.76054086545173	398.86437600717875	405.6744790435994
0.5423364622991993	482.3281117277905	464.1286908246115	475.5033288890984
0.9628198346421348	376.92372286854186	39.73929595816438	250.4795627771503
0.8391370114865172	45.88902365264451	27.930554145912453	39.15459758761999
0.8965156443392814	503.09941564716877	145.62781085648663	369.047563850663
0.5993173090735329	246.4786459911943	233.00212167374917	241.42494937215238
0.7217017478910983	91.86703714427007	77.6347230568664	86.5299193614937
0.8494446858963561	1425.748028979816	556.312082076649	1099.7095488911282
0.46529976607515333	999.2510027880326	982.1982756624013	992.8562301159209
0.5143235443878367	808.1655336858801	779.640228990972	797.4685444252896
0.6027919222895877	171.02259566613657	165.76993153885934	169.0528466184076
0.5694934600740098	674.4765946381024	627.4877802103395	656.8557892276913
0.4948156233235666	575.9878495986013	566.3512786324056	572.374135486278
0.8821465839420526	33.036088499901915	16.21549154319421	26.728364641136526
0.9865601262016257	50.19366637372116	2.524275642016164	32.317644849331785
0.8457913220408254	745.9133347176672	310.90324478185914	582.7845509917393
0.9124895011936037	54.4250346079547	17.7853212750061	40.68514210809897
0.7985737026720122	685.2109732414873	370.1428602425043	567.0604308668686
0.57379690606933	1286.1051836302906	1166.5130464137435	1241.2581321740854
0.638206404928217	165.09532294469076	153.2338002988744	160.64725195250963
0.8865039064110697	201.0794640018242	69.8828987256245	151.8807520232493
0.6959748002067928	98.53234006278436	87.43714745294679	94.37164283409527
0.5424829263507536	880.3843018018262	831.214004158236	861.9454401854798
0.8322906248183757	50.37119081109751	31.230507686893837	43.193434639521136
0.8580731191527442	586.9515683516121	229.71160051782434	452.9865804139417
0.8440222875196661	22.345283467938163	16.526648465225644	20.163295341920968
0.46167126507036443	1366.2738017771778	1337.635270152354	1355.5343524178688
0.8576968266035919	1001.7721241354496	378.1188053277732	767.902129582571
0.955251125730496	276.03535601567893	36.223503099223606	186.10591117200818
0.8141860259262798	67.87845068668102	43.646966853440404	58.79164424921579
0.8552971533345133	61.87014334956916	32.20328411947162	50.74507113828258
0.9366578629665582	739.6246639871601	126.24866400525445	509.6086639939455
0.6961270523478131	303.9734976786118	243.4386203930761	281.27291869653595
0.5015436931629317	632.8003334124161	618.5863098637107	627.4700745816515
0.9461121242617296	63.98165707174098	12.449268530176543	44.65701136865432
0.7891151469108831	140.56193427136097	91.13098433760891	122.02532804620394
0.9317396746983921	21.713702486273547	7.050837705946087	16.21512819365075
0.7897985931488549	1453.359424441573	779.4209911721209	1200.6325119655285
0.7217058073119808	87.26947310189091	74.25475306309913	82.38895308734399
0.8247475691337639	93.61241560453772	54.37394307894311	78.89798840743974
0.9889354089172764	96.4967135449048	3.542946133372901	61.63905076558033
0.8775537907679779	1524.685812878807	482.5564801629582	1133.8873131103637
0.9330994385881098	35.21567976375261	9.698958455742899	25.64690927324897
0.4291413816232243	1192.3396516993766	1182.0713694666028	1188.4890458620864
0.6230649421150958	306.94923352230586	278.7685863509285	296.3814908330393
0.9421466490792458	55.890553595695195	11.989971313095378	39.42783523972027
0.7681913388694737	500.58588069260355	313.3052847941346	430.3556572306777
0.7017254505954654	1007.3005775853555	740.6972199627867	907.3243184768922
0.4588174329886569	1007.1167624100975	992.1181281852702	1001.4922745757873
0.5031148211091895	539.7807057132492	529.633928110445	535.9756641121976
0.6999083115730326	87.23020486871465	78.0353783232446	83.78214491416338
0.9994329852457049	2490.7216399595727	3.4320926813372807	1557.9880597302342
0.5995105376228832	984.3513989213851	874.1935804045326	943.0422169775654
0.915832922182819	20.695770591618142	8.443393556623473	16.10112920349514
0.9459855306240317	513.8658117479115	76.84663080165075	349.98361889306375
0.742209849186189	67.20760141964352	56.359566726478455	63.13958840970662
0.8502609277685111	55.02025202567912	30.22056140595968	45.72036804328433
0.6687280758918749	111.16052933393992	102.36929143580927	107.86381512214092
0.8225867704938836	440.81763169378706	218.87094098228494	357.58762267697375
0.7365534426754782	1394.6303061502206	914.1251289813506	1214.4408647118944
0.8598001661219337	182.83907437810325	79.03073938654597	143.91094875626928
0.9643296281641447	268.9258756753894	28.11690158190507	178.62251039033276
0.44412796039669517	1017.218944694281	1006.7197926847076	1013.281762690691
0.99247533502468	1068.3077651135945	20.65667047495583	675.438604624105
0.6243290469470776	380.59397885059775	341.0801793095553	365.7763040227068
0.767812953601171	258.87662815622866	171.08196804689567	225.9536306152288
0.5931161603601791	231.35699977976296	220.94986412684025	227.45432390991695
0.8641318246993797	148.08077851309227	63.68393103492922	116.43196070878113
0.9277329632323377	39.69445560331409	11.47195291606831	29.111017095596925
0.7078142922142441	178.913154377635	145.53586194753836	166.39666971634878
0.880035115154468	567.475528331539	188.5614358009853	425.38274363258137
0.8503879683239077	111.2279758417145	54.465863104102155	89.94218356510987
0.5915823410695523	294.37312845270776	277.7086248181256	288.12393958973945
0.6018694360234613	547.2198577243323	495.9153600985935	527.9806711146803
0.8181257621905783	60.12278674706782	38.74514405388021	52.10617073712247
0.9221284064414961	257.7852084297924	59.73196123699637	183.5152407324939
0.8296886402234094	29.264564199007207	21.111696086642137	26.207238656870306
0.759902400482615	123.67639218972391	90.49298981908092	111.23261630073279
0.6069970004125722	256.2159810685401	239.6734195102226	250.012520484171
0.718932321511197	112.70298326643031	93.5359976591187	105.51536366368846
0.9671384515821223	596.3327899086287	53.159071154302126	392.6426453757563
0.4087301787465372	1243.320880815566	1238.9994197881115	1241.7003329302704
0.5883758973678573	294.0842336194392	278.32181127749783	288.1733252412112
0.5529911205713637	322.85548672254276	313.3907197687595	319.306199114874
0.47595963478652803	640.3646889918482	633.0666957533367	637.6279415274064
0.7977077768137124	336.08202527806964	192.6306625516687	282.2877642556693
0.9176162635391255	20.823156913154556	8.29536591147398	16.12523528752434
0.6556518759073838	921.6069627766061	752.425387229969	858.1638719466172
0.9768578577133291	913.916999496809	55.36672115773797	591.9606451196573
0.7112724890325816	70.86381783444523	63.9159905781878	68.2583826133487
0.8126561346341622	145.3976365089039	84.66177429854307	122.6216881800186
0.7846930308727712	439.4842588484869	260.495157050883	372.3633456743854
0.7085070331330798	109.23288621454493	93.21000160751531	103.22430448690882
0.7908495349470067	50.64504765055021	37.98411890519128	45.897199371040614
0.6139185452847081	870.0292902390605	761.6894624934615	829.4018548344609
0.7740848977233814	78.96584623528301	58.396809550199656	71.25245747837675
0.8555833894044601	101.0048144616134	48.48778650498947	81.31092897787943
0.6983430070045331	86.43114370974155	77.68924102335686	83.15293020234729
0.8233872253348925	188.85667166973343	101.17999163061324	155.97791665506335
0.6922320242649145	1345.4347941184096	998.7148389121307	1215.414810916055
0.8489626180953203	121.05958758669854	59.12991677150356	97.83596103100042
0.9659260161701742	34.554996161861354	4.841931030698108	23.412596737675134
0.9824146800833744	49.93704170779465	3.2953120252816426	32.446393076852274
0.8074104420205788	61.50749201705714	41.490581096991924	54.00115042203268
0.9652411244729066	7.745811089047576	2.475022128211283	5.769265228733966
0.5263753504566793	935.6681189157198	892.3836846832103	919.4364560785287
0.7747278891709004	68.67770866926514	51.77994773246398	62.341048317964706
0.4877172222560778	808.9001618928609	791.169686387091	802.2512335781971
0.8893181296674786	71.57202272974354	28.047883177031302	55.25047039747645
0.6618412575058534	165.63478788784414	148.35782063759422	159.15592516900043
0.5546813713983675	285.15947950111615	278.3314557225108	282.5989705841391
0.788074038432889	107.76553185144289	72.47067185574119	94.52995935305475
0.6322066125201711	800.2583134754173	684.3291492524136	756.7848768917909
0.7751904430834125	604.5447727813153	363.57745323859723	514.1820279527959
0.5799090293702105	325.63111803828343	309.05297878365405	319.4143158177974
0.6464975870183481	531.267175878475	452.6397687161282	501.78189819259495
0.9083160330467657	89.61964173280765	28.081215614148554	66.5427319383105
0.9635715571589087	272.5092624735139	29.063549014200333	181.2171199262713
0.5608726223621702	333.03221827277014	320.85743035373946	328.46667280313363
0.6286653600756205	730.42854817168	630.5319962971673	692.9673412187377
0.45332911565504147	1009.2646156488064	996.0597728489203	1004.3127995988491
0.8993946183920055	1828.822734071104	469.7679117175983	1319.1771756885394
0.9356992786891036	1001.8010963587161	169.80678504148125	689.803229614753
0.4968397280684314	978.2634207930921	948.6252738754929	967.1491156989924
0.5684905742659475	259.23411572372794	251.5402154386586	256.34890311682693
0.7577146138037436	154.3941269581211	111.02651375817044	138.1312720081396
0.7873292594538587	82.31054493016016	57.60638630892728	73.04648544719782
0.8618640473302251	106.01294204641574	48.44123624158634	84.42355236960472
0.5406597321442133	430.4086347514325	416.3446286272068	425.13463245484786
0.9075738596125212	74.22723659388281	24.185378654497697	55.46153986661339
0.719218360270691	525.0563683883051	382.82335836665146	471.71898963018504
0.7610372274565146	1695.9887911598794	1012.4988453598904	1439.6800614848835
0.5469626516553472	306.6341929190154	299.8451991187385	304.08832024391154
0.8359246513971783	611.0676957434835	274.5041224054184	484.8563557417091
0.9536724318174815	33.98503250871511	6.522276405138021	23.6864989698737
0.9151253017758397	39.9015191319378	13.526331161990047	30.01082364320739
0.6336896420904091	612.8451160873337	529.2115900938861	581.4825438397909
0.9664747218403649	27.60203278468697	4.047253259653994	18.768990462799604
0.5295683970960147	1148.235761896013	1086.9825642124663	1125.265812764683
0.9466495206941009	482.43086646127915	71.65578733465975	328.3902117887969
0.7221232307562234	123.738575323265	100.84471181944727	115.15337650933336
0.9477885176783386	109.91338382992731	18.92951187394962	75.79443184643569
0.9216217096268343	77.3272207373566	21.218249536951078	56.286356537204526
0.7971691085549839	734.9966528960668	397.68611382435427	608.5052007441747
0.8184450487591177	699.0714649463589	342.39975550890114	565.3195739073122
0.7828457697942294	38.36868732664966	31.838196123363844	35.91975312541748
0.925929137228918	82.81640924461645	21.22098770622038	59.71812616771793
0.9844413616401215	949.4444234254128	38.35591321351694	607.7862320959518
0.8463739454319701	1138.0639557900563	459.365365977966	883.5519846105225
0.5499748792650979	417.86527936998937	402.03547577366567	411.929103021368
0.9396959856840394	30.655862933111926	7.890263567875429	22.118763171148238
0.6858406358149817	203.12703318253622	171.3606084640514	191.21462391310442
0.8354169274143947	1568.7441781017405	664.1690701681105	1229.5285126266292
0.9424986871632123	114.78313595231054	21.654997839675417	79.86008416007238
0.6362654376478066	134.13402746459565	127.37877103416743	131.60080630318507
0.9438783778300437	2336.6715816023034	326.99658702403815	1583.0434586354538
0.7339065950766367	120.86358072216461	95.78763668789509	111.46010170931353
0.4707183237593215	971.8239610533482	953.7465415419762	965.0449287365836
0.7879711923873931	219.59219768423753	136.4103233384982	188.39899480458527
0.8048204860575888	228.03875024464404	131.1875891901869	191.71956484922262
0.8478270847571779	28.228580079355837	18.514570299354872	24.585826411855475
0.8066248168985914	799.693195296906	411.74698730586215	654.2133673002645
0.6766948140975265	777.4789465671571	613.7639752141885	716.0858323097939
0.9758521012128756	99.02793379881348	7.945285745572754	64.8719407788482
0.7677168449582856	202.61110125851428	137.02364719935508	178.01580598632958
0.6110193054291768	1134.4274492168338	987.1232870110276	1079.1883883896564
0.729565143498862	143.37609677056938	112.87698960312669	131.93893158277837
0.9297861672154994	186.97380410075294	40.46791382439967	132.03409524712046
0.6465660556265594	134.58705331234017	125.77908143275448	131.28406385749554
0.8665409606500222	99.11136358566633	44.23901056380633	78.53423120246883
0.9948143589408485	110.1170188009126	1.8528262215175388	69.51794658363946
0.48724165684247445	623.3886385953289	613.7222314365237	619.7637359107769
0.6672571780613725	193.9039843904395	169.9371118667896	184.91640719407079
0.7036724231775728	1227.0574130460855	889.1514622320387	1100.342681490818
0.7019182904505777	80.5569797691802	72.62978647324377	77.58428228320403
0.8414156597623147	85.88135167717138	46.10767940967414	70.96622457685991
0.6548652684159967	195.90273128181832	175.08642032078035	188.09661467142908
0.6983285646636207	775.3897792045497	582.8937478663291	703.203767452717
0.7609752244360977	42.56093923280151	37.47677794311324	40.65437874916841
0.7157513479371359	1192.725176005262	837.9960732266943	1059.701762463299
0.9603907581544163	8.13615145523035	2.826686198671114	6.145101984020636
0.6814382793899632	109.67451568104156	98.85707524770939	105.617975518542
0.6007107132038929	258.2459347936026	243.10648926508247	252.56864272040755
0.991323057512901	43.84915985695113	1.4631155355535483	27.954393236427038
0.826468578736898	1073.3381860138475	489.3685022398817	854.3495545986103
0.5061725150372928	436.0820244651888	430.78786527150163	434.0967147675561
0.93271209988509	1153.8673781266411	202.64726472403493	797.1598356006638
0.8469443334456789	1122.9626229048981	451.9962183516819	871.350221197442
0.9863254292023699	270.4028635327353	10.73095515811221	173.02589789225163
0.9368526809608141	1955.7681233337153	311.57498815447025	1339.1956976414983
0.6288692940638241	707.8274071570604	611.684604779337	671.7738562654141
0.46189705315290586	807.2160220829418	797.767679057681	803.6728934484689
0.9299882482259937	21.45833130125781	7.1782579006393945	16.103303776025903
0.9029951814710637	130.20811793034554	40.86094766386998	96.7029290804172
0.6454651068914591	588.3117861899768	499.5212709944906	555.0153429916695
0.8470602439866888	71.18188362272889	38.076451170704125	58.7673464532196
0.8881500603611503	19.05259332709545	10.710337012275241	15.92424720903787
0.7960617494073178	39.118796997107054	30.48985163522181	35.88294248640009
0.5726252406090047	1036.703378953214	947.8023476364234	1003.3654922094175
0.9816346824116144	11.771498659834219	1.3423298809524606	7.86056036775356
0.9177057384656956	28.110649363020215	10.130676457033879	21.368159523275338
0.6209226843784243	860.2408826569315	746.0061617369172	817.4028623119261
0.543306090815699	330.6741842925234	322.8976108914423	327.757969267118
0.9228041936455552	76.8776529967544	20.796427183467614	55.84719331677186
0.8649722885433845	232.7082003160868	94.42992532007042	180.85384719258064
0.9363855605594639	1866.986056617319	300.75639560477134	1279.6499337376135
0.8180689095292851	1389.2855008701001	652.3470752546816	1112.9335912643182
0.8436013088605833	67.52572586804135	37.20930600058804	56.15706841774636
0.5961441972772821	896.0932969096051	801.892624808149	860.768044871559
0.7346658860036432	138.02518554262943	107.60536412048651	126.61775250932584
0.47819909221589846	1280.3830664948896	1246.2106772591483	1267.5684205314867
0.9189320316472016	188.52011887459793	47.135932775551055	135.50104908745536
0.8473385323841076	238.6753356560174	108.7525262661395	189.9542821348132
0.6109503896012134	217.9026980177228	204.9880447334166	213.05970303610798
0.5159234304680314	799.9934327577639	771.2217959681886	789.2040689616732
0.8648178978460019	247.41512176002857	99.84433503026673	192.0760767363679
0.7209306722748717	482.21832594045213	351.8717432221945	433.3383574211055
0.913951589077261	17.082641103572627	7.720457946917316	13.571822419826884
0.8358166277299279	82.19599150038152	45.87303176947106	68.5748816012901
0.9371018718816908	48.415278612006226	11.639314036879334	34.624291896333645
0.9584937935028507	118.83282015960552	16.040022698976287	80.28552111186956
0.6096904804945797	385.9483508537958	352.1269028686572	373.2653078593688
0.4871353725479959	607.8601843352179	598.8831711612432	604.4938043949775
0.7906818452681088	721.290624286203	402.1102667458544	601.5979902085722
0.8614006189701167	875.0075648902247	324.7934020870158	668.6772538390213
0.9532288130319299	539.4539915032756	69.42640966347011	363.19364831334855
0.5506689298437875	1014.7050180885702	947.7464723114637	989.5955634221552
0.996935992775941	61.33725155022369	0.6726712073648358	38.58803392165162
0.932062046103144	935.4658868094609	168.43080951203405	647.8277328229259
0.6899325797810032	161.99886160458018	138.16641316349168	153.061693439172
0.668452316091407	327.90632339336236	276.3742247195775	308.581786390693
0.6035134061570026	1374.8395133519368	1200.494469450973	1309.4601218890755
0.811480048761005	39.625391391752714	28.732169290682947	35.540433103851555
0.8646750848449555	46.93822733252756	24.204466254901394	38.41306692841775
0.4888271657832599	1267.5634343775603	1227.665814322421	1252.601826856883
0.8418975203463624	37.7894598480066	23.667798991514445	32.49383702682204
0.589594265283165	771.1094038532457	699.2220825242906	744.1516583548876
0.91276244109854	74.63478950149181	22.93597019325247	55.24773226090206
0.961356968365179	107.09743546243183	13.658061592885339	72.05767026135189
0.7160832170525481	243.3343558733016	189.03607002908882	222.97249868172182
0.8004839820263	130.06643191460472	81.14072524561591	111.71929191373393
0.8319493137264986	339.1781531883603	163.67545533037455	273.3646414916156
0.9943133994713556	24.41987073305465	0.6239165441352252	15.496387912209867
0.8092230332881244	862.435020389683	436.20823694517196	702.5999765979914
0.9579946704037491	124.51495211660836	16.900044812830288	84.15936187769158
0.8714815479791421	46.48188289386664	22.86639089279221	37.62607339346373
0.9722892654402022	174.67366825825474	14.881751597391414	114.751699510431
0.985633097020152	314.1220052080647	12.922002101661263	201.17200404316344
0.8796404865708106	26.202278847699283	14.042899066628914	21.642511429797892
0.4547565707407104	1105.3696900889431	1088.6968077839806	1099.1173592245823
0.6909949114695787	92.92946807835449	83.95742415448944	89.5649516069051
0.6552503340888829	250.4534566361709	219.82753398432888	238.96873564173015
0.6509998286794045	425.33624292770105	363.96578008111806	402.3223193602324
0.8752966338945636	94.56202335457044	39.802926396429115	74.02736199526744
0.7968111201659277	165.69729211479887	102.12993845373438	141.8595344918997
0.6843277806153026	151.21708873091	131.20620438380246	143.71300710074468
0.9658597940989249	867.9528073542717	78.24881713950344	571.8138110237336
0.771411748794559	601.5571464526869	367.21647114249095	513.6793932113634
0.7439425864353052	535.4270242305877	362.5460851465889	470.59667207408813
0.9426894074592352	122.23216612523635	22.77876877829445	84.93714212013313
0.7676026776370923	140.4136819418215	98.68423919300909	124.76514091101684
0.7180475295021745	74.40656697509135	65.40755478074024	71.03193740220968
0.6835741363147579	253.9778675408532	211.58864710781046	238.08190987846217
0.8023197088006505	536.5961526956783	290.0030247991849	444.1237297344932
0.6421915858449122	235.8779966299939	212.07817337469862	226.95306290925816
0.5022687448633819	1297.3000612757867	1246.7268108589753	1278.3350923694825
0.82874856428312	1093.9673852644898	491.92480581302107	868.201417970189
0.9776911593567347	8.32162196575587	1.5157671879248555	5.7694264240692394
0.7477442238296117	107.12020225819143	82.79786862470766	97.99932714563502
0.5143771000242799	1081.589495005575	1036.0135021128626	1064.4984976708079
0.8220768746576288	96.14655834556933	56.39722620507215	81.24055879288288
0.9730840842178574	784.6535883745003	55.920770822948214	511.3787817926682
0.8101842338385964	921.976278139056	462.1072514571175	749.5253931333291
0.9339833730426591	37.10545015450904	9.952810601051635	26.923210321962518
0.6030629600613608	340.5813901192182	315.0845312186417	331.02006803150203
0.9656097100243393	1323.4300631074007	116.41267106456564	870.7985410913375
0.7124975303997577	98.06210662891496	83.99747734849117	92.78787064875604
0.6606916821532494	678.6641324908918	556.9618935583536	633.02579289119
0.6893960719759015	105.17946648222919	93.8302397364446	100.92350645255996
0.5254236716794871	1379.6070791348782	1304.1418210982968	1351.3076073711602
0.5917694876136527	531.3544027694633	487.71423867047923	514.9893412323443
0.7221709001955436	885.772404154591	620.883261629305	786.4389757076087
0.7749685016279255	94.25772366552228	67.77443754794548	84.32649137143098
0.6396148725576539	364.3887127575421	320.27068615636273	347.84445278209984
0.4608788699937929	1085.0544790709696	1066.7202694814878	1078.179150474914
0.5316747795317718	470.5456954449389	456.3820659367057	465.2343343793514
0.8844934196081096	38.83222668627164	17.94790896188809	31.000607539627808
0.6095509427236993	218.99519640500503	206.27193338994127	214.22397277435613
0.845464657782932	128.9796393331958	63.84846308477222	104.55544824003695
0.9819458159095704	8.076917039808604	1.2209751692001127	5.50593883833042
0.9280056938453645	14.522032971389589	5.9263374355717175	11.298647145457887
0.7116919229228545	79.87463581188052	70.49905680924579	76.3587936858925
0.728135221361744	106.97110802103805	87.29642495267416	99.5931018704016
0.6141972361487168	525.0510745207005	469.44585767604417	504.19911820395436
0.49702150645747234	944.3653767936448	916.3745857115721	933.8688301378676
0.9496283535484699	268.35176873928407	39.82812257225248	182.65540142664722
0.6813022317365202	93.0964524132562	85.76525193311409	90.34725223320291
0.7663327199366704	123.2670400166011	88.31555869214736	110.16023451993095
0.8872302770607488	20.283752529826593	11.189359286617563	16.873355063623208
0.7266549021478655	304.51922171252824	226.039999006978	275.08951319794687
0.46912496935265857	823.8476815790624	811.6883281432712	819.2879240406406
0.5921526753080331	343.7211927814578	321.5620680639584	335.4115210123955
0.7519834717562242	72.66811193045383	58.47921368470922	67.34727508829961
0.7422228328447247	50.73488465174998	45.32247158662233	48.705229752327114
0.9282805243352009	1513.8824839008303	278.6804199408148	1050.6817099158245
0.5183848207694499	1041.6788810957603	996.1168678318724	1024.5931261218022
0.9828301873694071	34.357755190280386	2.4151176634550957	22.3792661177209
0.7444176906768376	123.30083001152576	94.66499627339977	112.5623923597285
0.8109682164044737	420.5204770622257	222.3366356393526	346.2015365286483
0.9402063359473466	29.106597522264657	7.536652143487352	21.017868005223168
0.6945361108155937	688.7905649200683	525.9596419502549	627.7289688063883
0.8247505591052742	864.7535303864344	403.6634486746251	691.8447497445059
0.9963219772788652	697.2938684378844	6.808738386452774	438.3619446685975