0.8846221564320487	142.4080677799331	67.73220400224362	114.40461886329956
0.9377973014590284	293.9005217191435	67.48841098355483	208.99598019329775
0.9994203947201272	12.839693174018576	0.09270228417434545	8.059571590326989
0.8167105274900548	119.34030739711193	88.54241808346563	107.79109890449456
0.5993410673880409	627.0921103605897	611.9982052922048	621.4318959599453
0.7972886191061554	988.8909026684051	614.4976783981928	848.4934435670755
0.7765752873968448	169.70693266708605	137.9302327348525	157.79067019249848
0.6458044115888771	418.0327205655756	400.35758633596265	411.4045452294707
0.8611484946025408	2289.2155343300074	940.0792302749013	1783.2894203093426
0.8422503891752234	768.3962021976846	390.6154355965085	626.7284147222435
0.8312075968928917	205.39162255579737	129.89305466478487	177.07965959666768
0.6886609937310265	529.5822048225808	469.5876682948209	507.08425362467085
0.7478156354262313	361.7181703804077	291.57278740946646	335.4136517663047
0.9154637837864841	449.35870319067214	132.45739257883966	330.5207117112349
0.8676791129917146	133.57119914589816	73.08028459334167	110.88710618868947
0.8734562683163938	534.0753399663436	229.1106687001464	419.7135882415197
0.9990646382255723	2800.070481154976	7.465094089314562	1752.8434610053528
0.8617865621918844	933.7317693408531	411.39741378395803	737.8563860070175
0.9895181192865786	377.16647456762047	13.894783276901023	240.93959033360068
0.5435916020593161	1303.8945532942118	1280.0227561255658	1294.9426293559695
0.8691076479447101	455.0790267685428	205.4130394980392	361.45428154210396
0.6934857077835489	608.2490799602587	529.5177967674459	578.7248487629539
0.6932071703014626	1134.9018843936299	949.6755757258749	1065.442018643222
0.6537250349239496	530.457906411181	495.0745664252445	517.1891539164549
0.8065041980126806	129.4155905013117	98.7493622037346	117.91575488972028
0.9980171967838143	409.41489064473916	2.8132282044197723	256.9392672296194
0.7255719134379576	1189.3337012747402	923.0579611835656	1089.4802987405496
0.6489380435449338	657.9021527964593	609.6572207680941	639.8103032858223
0.8088177836961579	240.04430016377933	164.85147265238072	211.84698984700483
0.5825269628739325	662.307845519755	653.602439184013	659.0433181438517
0.8019246514679172	78.44947961916357	69.02541922090414	74.91545696981629
0.9550820761555251	238.73017410608287	40.773969813315034	164.49659749629492
0.7598176558012177	738.4393416803503	538.9392838990589	663.626820012366
0.7914552166512493	226.6742525042814	168.05986375066516	204.69385672167533
0.926156857600624	1720.176164638422	385.61315193255234	1219.715034873721
0.9101959865421487	284.0766606210095	94.57410106850676	213.013200788821
0.6636154674029798	568.7387759670532	521.6078743963301	551.064687878032
0.949205602678657	583.4617708120271	99.85770509206802	402.1102461670425
0.7787733104683224	260.1964595651684	198.19487661421115	236.94586595855944
0.8294136664604356	1099.7134906536144	581.3783985241026	905.3378311050474
0.8053387055933109	72.88404196648223	65.34507434381892	70.05692910798349
0.7213128841860107	346.0277659558506	298.5542262665993	328.22518857238134
0.9287612744581122	138.1230117376627	41.26845046657196	101.80255126100369
0.7241980368201524	1680.713936691642	1281.0258199474317	1530.830892912563
0.9182546589000281	141.1413005011292	48.13188704733644	106.26277045595691
0.7830869954524131	174.9511114704191	138.54616936951624	161.29925818258053
0.8519107396876481	833.4603186859231	396.3224134803431	669.5336042338306
0.6435778074515378	1498.338697052477	1341.0981808042548	1439.3735034593938
0.7478387574578634	694.8072465226935	528.2157632034709	632.3354402779851
0.5805128059403901	1306.5974580046309	1254.2835210187754	1286.9797316349352
0.970743980959843	1061.5449608251156	97.50843844718372	700.0312649333911
0.921685250251177	1636.9164279634197	391.0385611413168	1169.7122279051312
0.6985764856748475	1028.542053864847	856.5720547254083	964.0533041875576
0.6102315058390743	1211.1665724038198	1136.9973509625593	1183.353114363347
0.9793970500083078	322.3408055338981	23.970550119900537	210.451959753649
0.9047925996383306	98.95798738225751	42.17160440839045	77.66309376705736
0.9959360930943514	650.2455513444781	8.66138715909051	409.6514897749578
0.9208201188474731	89.09470178895673	32.48780922061913	67.86711707583012
0.9141157512169471	2446.404183838424	620.7596429778476	1761.787481015708
0.8423893600423698	60.67222247920386	47.07090889446612	55.57172988492721
0.9197268321173402	491.63404761637514	136.1073508256687	358.31153631986024
0.8779231400861054	163.29794303604976	79.92542735876688	132.03324965706867
0.6262552409255097	1129.4913723552304	1045.9129133934389	1098.1494502445585
0.9147567455888355	61.181476950966186	26.497154398911803	48.17485599394579
0.5455707733848393	1258.3471164435632	1235.3663321569425	1249.7293223360805
0.9216624497962274	66.76905529942503	25.955694507334943	51.464045002391245
0.8844358907865496	1133.7499668708656	412.44086971243405	863.2590554364538
0.6139118761801947	629.4559562863844	606.6392377636857	620.8996868403724
0.8713263151902169	98.12461216860538	55.727384516661374	82.22565179912638
0.779549662547499	105.03387053633173	92.50416500755875	100.33523096304187
0.6385957450120467	631.4569347978601	593.6916725460104	617.2949614534165
0.8266757110985394	104.30245697861294	75.95093053083728	93.67063456069707
0.8631009472542469	71.50357420550357	46.420881306019965	62.09756436819722
0.7463207663145693	459.8244591309935	363.73016110863347	423.78909737260847
0.8072747375360895	78.25326168173817	66.99202656674908	74.03029851361725
0.773529147527202	378.77478994526865	281.3945841242091	342.2572127623713
0.7785085574930551	168.8785945930143	136.50436614565578	156.73825892525485
0.5856161119038291	692.7777086027791	679.6899849533297	687.8698122342355
0.7043211367277649	545.1371977511603	468.6880267481252	516.4687586250222
0.9425282319720739	400.55525309894836	81.3653468174044	280.8590382433694
0.6174034823087742	1429.907685812108	1323.7244875825713	1390.0889864760318
0.855073702274664	891.5951398712773	412.7834981977576	712.0407742437075
0.7131662479521723	663.4824970590543	551.9771575209703	621.6679947322727
0.8477070069100668	162.83913382501126	97.65145391308377	138.39375385803845
0.7684621517518537	242.4224233702567	192.53669150202683	223.7152739196705
0.9971387686213233	82.73033351994412	1.0976405893190275	52.11807367095972
0.7950405036388143	84.07162172898363	74.517709655161	80.48890470130014
0.9980300798375149	867.7493485289046	5.412342740715246	544.3729713583336
0.7974983305735781	90.04390840639957	77.05779942103337	85.17411753688724
0.6958701042162657	508.1639412369688	446.2693157287054	484.95345667137
0.9479948716734796	285.6260564515228	55.00430755989444	199.14290061716216
0.8117246545968224	509.06892725050733	315.8861364684614	436.6253807072401
0.6454113691843167	904.1681726946276	827.1523661500153	875.287245240398
0.7571741188404574	763.7519404316062	560.4660958418023	687.5197487104297
0.8705551319674708	1639.4431626197716	645.3470670114825	1266.6571267666632
0.8814396586641254	650.9648556219112	256.5480903080612	503.05856862921746
0.8474269331496159	333.35787117382625	180.33591321755642	275.9746369402251
0.5533748002270358	964.7786750716506	951.8871509360212	959.9443535207895
0.995734075234591	146.61733353408428	2.557747755321543	92.59498886704826
0.7534667060809073	261.2146126018747	214.72764914964674	243.7820013072892
0.8087844489708738	117.45113275870611	90.41891143848787	107.31404976362427
0.8595628423879387	267.12130600841283	137.9516422171422	218.68268208668633
0.9113448172033108	190.1483310392507	66.56569897481722	143.80484401508815
0.7610443491140755	126.70192924470273	113.607124467704	121.79137745332821
0.7843171923461932	193.69080721253545	150.51105417451157	177.4983998232765
0.7483235001111658	682.8145223652978	519.1094895916949	621.4251350751966
0.6943925324315299	431.2724677383568	384.5899905905236	413.76653880791935
0.7341510959892685	352.48662419198706	294.89490053065424	330.88972781898724
0.7419383468783659	347.7926852776345	285.8032590602759	324.54665044612506
0.8697050454191	605.5415271403522	263.44682702752135	477.2560145980407
0.633996936082628	550.3393614568934	524.1602367318833	540.5221896850146
0.6290215445542802	580.8114606652922	554.2624816390841	570.8555935304641
0.8969573936871361	1537.0692763288844	485.96684896275383	1142.9058660665855
0.8184652696325634	1514.4801692701021	825.4079716699748	1256.0780951700544
0.9508798545051216	2185.474479559602	318.0564119768263	1485.1927042160612
0.7483091626467356	1737.0006706478168	1234.9032332797613	1548.7141316347959
0.9878606032633357	388.2497419353251	16.517107301315292	248.85000394757142
0.6917716077324708	840.9290383422743	718.697934263079	795.0923743125761
0.8831981369851827	398.1874951437241	163.7735391017199	310.2822616279725
0.6744991494448431	1204.873679882503	1039.8482330034176	1142.989137302846
0.7260394502250869	589.0815963599803	480.334213761228	548.3013278854482
0.8694330228030633	52.848896648030625	36.08590031119454	46.56277302171709
0.9841993195696137	1399.6602085090462	67.26013183668374	900.0101797569102
0.528506505004429	1403.5894423917568	1384.7257516648262	1396.5155583691578
0.5125622298207414	1410.6964292597554	1401.4973116329584	1407.2467601497065
0.51681920701645	1616.9504776567917	1597.2119352615766	1609.548524258586
0.7189616904600051	744.8838193525111	606.5989398305938	693.0269895317921
0.9874374690700898	31.3016717594721	2.541988886898066	20.51679068225684
0.7812668785137207	1623.3086974924927	1035.6678736669387	1402.9433885579099
0.9143500136478641	99.66006859582306	38.248284099718106	76.6306494097837
0.8871720016530377	253.81302832946486	107.369902917173	198.89685629985541
0.9840246907401099	35.762979171032846	3.489103440051487	23.660275771914836
0.8845055650542492	53.33791230092145	32.31660008662332	45.45492022055965
0.8102097461381922	258.39108063030284	174.68069687416016	226.99968672174933
0.8350706183028709	415.19992723636864	234.62086836469786	347.4827801594921
0.920324855378342	91.76148474924594	33.43221169164428	69.8880073526453
0.7177543551391675	355.4602554658553	308.2318890566885	337.74961806241777
0.9078383422370505	360.404369256647	119.08833999540447	269.910858283681
0.6890178507947132	1226.1548474454908	1029.7642657820852	1152.5083793217136
0.8151340127882362	148.13255599485734	106.44467273882033	132.49959977384347
0.9442266333017074	319.20754755700057	64.9014668063071	223.84276727549053
0.7470163537479624	347.49547688699414	281.8362004014695	322.8732482049224
0.9338339758570331	77.7353066782248	24.5450429151188	57.788957767060054
0.9336205306098848	62.56946620122318	21.032422497671515	46.993074812391306
0.6713352620697706	376.03580959962164	351.47879581655764	366.82692943097265
0.8564768004187042	118.66591790827368	71.51297606369437	100.98356471655644
0.7502075341652158	611.1648568634356	466.40554764870797	556.8801159079127
0.9101188855799506	48.57937040467408	23.857864049617806	39.30880552152797
0.9494825702281201	45.707642904803144	12.93622532460541	33.418361312228996
0.7468684552312218	477.9422326641348	376.1675628324804	439.77673147726443
0.7693337369664318	123.84144606268968	108.70751080661985	118.16622034166349
0.6527306733175422	1708.3152441721522	1500.2964956581873	1630.3082134794154
0.8652009738430586	120.86515734536262	68.57439851386464	101.25612278355088
0.5103332806782958	1586.8967167342396	1572.174090480438	1581.375731889064
0.793467316577651	702.0620296260872	456.5121131680741	609.9808109543324
0.8031630910701989	1437.21496371375	845.1731044211175	1215.1992664790127
0.6511668959855401	785.1995525282755	718.3762970948692	760.1408317407481
0.7507631003961456	721.4119251562973	542.1853611310261	654.2019636468207
0.7303319868681999	431.62509500533827	357.60654125152814	403.86813734765946
0.7511733586676337	952.5204567946414	699.7432720910733	857.7290125308034
0.7881910561483163	1747.6064655356051	1079.4027870193906	1497.0300860920247
0.8602103941790022	1097.37225835038	481.5845098352987	866.4518526572244
0.957816506305663	226.9362497144922	36.6720262822746	155.58716592741058
0.7926464385969864	652.1497743341122	428.3369933610513	568.2199814692144
0.9064506070155688	90.36780478317344	38.66038457999569	70.97752220698179
0.785420452823159	553.9755595733731	379.91919531378596	488.7044229760279
0.7471623522244827	324.6296657124132	265.0268500319698	302.27860983224696
0.9222188063004885	157.08776012408148	49.978520570080434	116.9217952913311
0.8786462590797975	2146.4490784120135	776.4860095680187	1632.7129275955153
0.6787587850915088	646.0834586434075	574.5013280985779	619.2401596890965
0.6133870836977682	654.0433580108614	629.3630189635547	644.7882308681214
0.8121948597861633	300.96957152509987	197.8117252850904	262.2853791850963
0.9872940323604155	54.19621441381458	3.6127392292244096	35.227411219593264
0.6809819856023427	492.54187431315285	444.61129746471187	474.5679079949875
0.807300885781443	182.74925872820103	131.29994530318402	163.45576619381964
0.9926906992019304	193.61614925908464	5.5024713309659745	123.07352003604015
0.7811991661582189	94.79100688884793	85.6849693772846	91.37624282201169
0.6014164678942925	930.7188932751964	890.2066660255394	915.5268080565751
0.5913534770941209	615.2798746960897	605.5416730402957	611.6280490751669
0.9881752224623388	477.7940390339897	19.26629669589113	305.84613565720275
0.7197589478972233	410.5414468540647	349.91466882262387	387.80640509227436
0.666699365153078	292.3840809380286	282.0345494502438	288.50300663010927
0.9966793997287844	120.08815232275683	1.697143456169755	75.69152399778667
0.7198979665502289	1426.0462825519867	1109.7314864481373	1307.4282340130433
0.6381570809522024	610.9122233774236	575.7332547409823	597.7201101387581
0.8586044009215049	113.48274260570734	68.08524828713972	96.45868223624448
0.845287964105204	123.11220868759351	78.71791058284602	106.4643468983132
0.6676783056815357	543.7470974068027	497.3156521719333	526.3353054437266
0.9615046457207563	153.1077730247355	24.17502717066074	104.75799332945746
0.9407383627467554	291.5255603792385	63.83874034492737	206.14300286637183
0.95392421937746	1550.2815450712578	217.58279183951083	1050.5195126093527
0.9631009028514279	1027.955856073984	119.7834582806326	687.3912069014773
0.7223094768186105	732.3269413972864	592.4873471951578	679.8870935714882
0.9864274064301151	662.8130092775577	29.51208916830501	425.32516423658797
0.7691588715503707	587.848237399289	424.5561715341915	526.6137126998774
0.8619294468887818	342.18973659551233	168.2528094127876	276.9633889019906
0.9539005372848095	99.72264147873713	20.643510504065432	70.06796736323524
0.7938342950408666	1112.9547715819763	694.8337640408168	956.1593937540415
0.9757754390219229	30.247816265658937	4.835276897424389	20.71811400257098
0.9517253207872599	74.27558629922828	17.31544448238734	52.91553311791292
0.6312140482406832	903.1095035553935	840.3196229546925	879.5632983301306
0.9250171887118432	43.25962462015714	18.532337506060774	33.986891952371
0.8241078058934178	1905.573511707808	991.8385447496613	1562.922899098503
0.7744851038638162	678.6214517976695	475.21320199695595	602.3433581224019
0.8888089250341543	36.09468234956793	24.92783849086724	31.90711590255517
0.9715736452029584	81.73646938766888	10.908033439919443	55.17580590726284
0.9402732125986362	1521.9661776097928	278.2233603122397	1055.5626211232104
0.8268485812119065	1204.853022947992	640.7253569134849	993.305148185052
0.5227600921787788	1347.005544807551	1333.804739937224	1342.0552429811783
0.8168101010721776	310.2482836891995	198.94216346642773	268.5084886056601
0.5872060525527261	1113.9675956562348	1070.0365310429245	1097.4934464262435
0.7674113306717278	476.664697389034	353.03241241735486	430.3025905246543
0.9234612480687404	272.65647513857886	77.92716921561703	199.63298541746818
0.965577506456661	871.8932050999731	96.31018471096058	581.0495724540934
0.8361564717208471	2019.1457000842483	979.8046314534621	1629.3927993477037
0.5370086718513499	1363.1548066264015	1340.7605828821213	1354.7569727222965
0.8806534653916894	113.22631634118203	58.15573739937737	92.57484923800529
0.975188370809652	213.960202262837	20.442205142013535	141.39095334252818
0.861535621002458	75.78763350179933	48.94608980484804	65.7220546154426
0.792886877722953	233.96874286727436	171.82740424859801	210.66574088527074
0.8848992536050132	638.3584826341327	244.94970990444116	490.83019286049836
0.8283853694534274	86.87193132469895	65.38464000231372	78.81419707880448
0.6214440309413717	1071.0890271062688	999.3448645730267	1044.1849661563028
0.7661100623831641	1413.6117574654952	961.9938899050933	1244.2550571303445
0.9689459873798699	595.625667175554	61.849403888539086	395.4595684429234
0.9683626503935658	24.168671649246903	5.699095619437946	17.242580638068542
0.8534760220183134	156.29010001948626	91.18648878299432	131.87624580580177
0.7490573804151803	241.56991452781787	202.77672031480884	227.02246669793948
0.8036720125799115	810.2084420517746	498.34358499300504	693.259120654736
0.9424420005770959	371.4221500076095	76.32957356870637	260.7624338430208
0.8756355276849938	1745.6684132376563	657.5071410832228	1337.6079361797438
0.6261580834282877	622.1699417449288	593.1420788102866	611.284493144438
0.54586097420243	1048.858380606559	1035.7548593304546	1043.9445601280197
0.8019143647591562	850.4876249178528	524.8548645303345	728.3753397725335
0.7556923348930299	1044.0011930738099	751.2640013843804	934.2247461902739
0.8232246112006367	154.64411494970295	106.34589853588028	136.53228379451946
0.8642591367028294	1577.060529792002	652.1615972845658	1230.2234301017133
0.9152717699532438	437.8851492147886	129.78942374337603	322.3492521630089
0.7496146648339126	297.1545042816808	243.2944312544974	276.956976896487
0.9560881538723358	104.20967456603458	20.339436700084832	72.75833536630343
0.8412995970234574	86.66664373832522	61.057251102395455	77.06312149985156
0.9571712553518645	303.14975088886536	47.58534134291338	207.31309730913338
0.9380142291521814	22.821848661827854	11.230204600059484	18.474982138664714
0.9580660330519607	92.89119781868378	17.772962823969024	64.72185969566574
0.830085135905179	300.67813869137603	181.43769764457198	255.96297329882452
0.9451679845561822	62.929479850065924	17.451825769020765	45.87535956967399
0.6347817318568804	759.2531901388377	709.7858016739137	740.7029194644912
0.5158510349841773	1489.0795874235564	1474.517542529592	1483.6188205883197
0.5380556108387179	1386.3807834535107	1362.302970376016	1377.3516035494501
0.9813899102491762	24.616100986995647	3.356708190120189	16.64382868816735
0.6102539644855614	855.2583758171303	814.7576640497583	840.0706089043658
0.9387862105126792	59.7500427376464	18.781772306580855	44.38694132599682
0.8419010228293438	266.8661072110204	153.51620727597702	224.35989473537913
0.5781323305360786	834.2589806781693	815.5205893647997	827.2320839356557
0.593177674952933	935.5407571191746	900.5718340227321	922.4274109580086
0.92925284562361	124.48907018119426	37.713724414282055	91.94831551860219
0.9512831166092208	33.803422073261544	10.396195690354073	25.025712179671245
0.8326722441241425	649.6782741000768	354.39066027088757	538.9454189141309
0.6990552051478374	498.0375419566289	435.49521983209644	474.5841711599292
0.8023218596657652	212.36021440126098	152.35010744960334	189.85642429438937
0.9332919579665501	308.01076520369116	75.35486196276139	220.7648014883425
0.9155845848908579	330.879981757696	101.39477292401355	244.82302844506506
0.7900643787538346	1290.7690492711938	808.9737780444653	1110.0958225611707
0.7178295670697278	216.50698673506434	197.8705786033596	209.51833368567506
0.9682289034888547	64.38879768883852	10.250003499015836	44.086749867655016
0.8330116247194387	157.704836522269	103.02870635287414	137.20128770874592
0.8771537988030984	148.2434259215296	74.25431783462736	120.49751038894125
0.9667452135361342	1824.743216308274	181.58798042601745	1208.560002852428
0.7309337940566852	471.0618586753934	386.74013514487854	439.4412123514503
0.9922084836939801	476.9480371766218	12.652394866041192	302.8371713101541
0.9212594866261101	599.1788431615371	158.95030968273517	434.0931431069864
0.7941220076961186	127.79464502241369	102.52437783254028	118.31829482621116
0.8723034491833795	413.9358011709801	184.57256245870397	327.92458665387653
0.6698884818278743	497.7820606677862	456.5654125613001	482.3258176278539
0.6791324530261944	327.42859223835615	306.23356627263263	319.48045750120986
0.8786790533804526	163.21310056056927	79.42524504193746	131.79265474108234
0.9038931688564531	445.35126883943076	149.2619625049501	334.3177789640005
0.7392249431226284	161.32276304066306	146.71941648889026	155.84650808374826
0.8665452129895964	394.71660878648237	184.6112063844103	315.9270828857053
0.7191968907939394	355.1988912311935	307.09671526404367	337.1605752435123
0.8620313751420584	2228.3181983198238	911.1816494716518	1734.3919925017592
0.7512862331478845	285.2516641844692	233.54507566434575	265.8616934894229
0.8566119084991591	205.66526947973333	112.50961931873124	170.73190066935754
0.8738069443724071	489.7905061439553	211.64091076087252	385.48440787529927
0.998081902944241	977.598963933209	5.874880602801966	613.2024326843064
0.9134576760432727	216.3607131052462	72.40570432963808	162.37758481439315
0.9405098466488009	145.7975043988314	36.00534439008236	104.62544439555052
0.5653142314951651	982.3796149390394	961.8762666385794	974.6908593263669
0.7914202245604882	476.2626143389309	324.051339503382	419.18338627560007
0.6663128595508625	1105.4882607147724	971.4680139520725	1055.23066817876
0.958391627962736	96.90006096968614	18.213774524629407	67.39270355278987
0.8773714348809424	47.94682912588047	31.975536146969546	41.95759425878887
0.8134515524799373	110.8285209716386	84.62808033249607	101.00335573196016
0.6698786757690283	1044.4602006343964	915.4510434998831	996.0817667089539
0.8544994767432036	514.8376162633097	253.1222845974431	416.6943668886097
0.6467955689992976	582.5106007818556	545.0790702324489	568.473776825828
0.6776747631790273	327.27756653352816	306.77150091484424	319.5877919265217
0.9275969844895019	787.9493561806833	186.4555415470166	562.3891756930582
0.9135131316661158	257.6476377032031	83.8539975934221	192.4750226620352
0.8081310430946006	178.2620559419982	128.11730094033618	159.45777281637496
0.852017536947683	777.9636902141569	372.157208262716	625.7862594823666
0.7020778856864	202.04999291566176	193.06808065766987	198.6817758189148
0.929546404953407	599.784305473732	142.29568958460027	428.22607451530763
0.7578693120958304	140.9711022670231	124.8943253593998	134.94231092666436
0.780270494751186	179.66726843888722	143.06577704690892	165.94170916689535
0.8633031302280382	342.41632895737234	166.78181121067053	276.5533848023592
0.9532390117033163	410.7798656038535	67.53431499709708	282.06278412631985
0.7379827698759248	208.1358441549802	182.90011484442095	198.67244566352048
0.859920977369492	595.4149993780511	278.0220410004426	476.39263998644793
0.8690582423179142	954.6904265886217	398.5369932798282	746.1328890978242
0.6882752816784862	311.9690383991409	288.9574004315093	303.33967416127905
0.5902554307185217	1033.7853046247146	993.4975847356158	1018.6774096663025
0.9558220992448011	276.6573911412854	45.40831409625943	189.93898724940067
0.9161116043497253	49.98307666098814	22.71826331236968	39.75877165525622
0.6631770929039915	298.8643327774781	289.2804041665298	295.27035954837254
0.6620373029457086	416.91140315389197	391.4652017257118	407.3690776183244
0.9181437928939973	186.142713749204	60.44551674068343	139.0062648710088
0.9198057978197887	582.895728859432	157.98168877742978	423.5529638286812
0.7001357442669168	245.67883087642045	228.71171547459798	239.31616260073702
0.7522586322909576	178.89035264723748	154.85368396706622	169.87660189217326
0.6949151737037196	524.9793211765509	460.7148826637374	500.8801567342458
0.8443702451680235	212.01367174288595	124.29016437279076	179.11735647910024
0.9138276633546498	2417.6729894845867	616.0845862483745	1742.0773382710072
0.7797495428713525	1452.3784642875848	939.3367230086338	1259.987811307978
0.8726238134763944	422.0143610843936	187.28388102188669	333.99043106095354
0.8820331374472679	234.0460601969994	104.59138477769586	185.50055691476058
0.8943727734623803	156.51142050163577	67.24123512593175	123.03510098574677
0.7674412917595217	603.0621044282681	437.01366488463134	540.7939395994043
0.6543370042835714	668.7103819206209	614.8525106849036	648.5136802072269
0.6458391659791651	450.270777072232	428.8674163808972	442.2445168129815
0.9929019598398677	341.1805253639414	8.624525293905322	216.47202533767788
0.6438983400491999	755.6915656570068	699.185041048022	734.5016189286374
0.9965314805507266	1855.7590002412346	19.008352760694834	1166.9775074360323
0.9988794699351834	85.55807690158053	0.4405232265764596	53.638994273454
0.9243927350800782	464.24436762662253	121.89828979171207	335.8645884385311
0.5321279837461609	1470.6009279971397	1446.742317492449	1461.6539490578807
0.9045049285506285	2191.789245975112	623.8233605380096	1603.8020389361986
0.5837728680562788	1379.8344297545373	1318.9229815301233	1356.992636670382
0.9328520802416645	32.00658785113178	13.963021953294739	25.240250639442895
0.9492029094454791	40.674828958141184	12.085502798403146	29.953831648239422
0.7072470573189324	198.46078953896114	187.8776524718674	194.492113138801
0.8091617483366152	162.06503679707438	117.71919157134157	145.43534483742457
0.9931044037399691	443.74512152257336	10.500898443748895	281.27853786801415
0.7001084630999945	253.13302489277035	234.84394271885927	246.2746190775537
0.9606225969838577	33.4119494450744	8.332283613840794	24.007074758361796
0.8288898483170432	217.00882789521228	137.7407511678564	187.28329912245383
0.792292321560495	85.29848297688359	76.16976755365643	81.8752146931734
0.6247880995305045	770.8224720739507	727.741229490544	754.6670061051732
0.6165392362864718	1690.0264689678631	1555.7812724038347	1639.6845202563525
0.7990175377943088	995.7824744868997	613.922340691058	852.584924313459
0.8085075808634657	175.38281522103324	126.16503290463255	156.92614685238297
0.680207487859099	1667.0710360623202	1400.0722766351169	1566.946501277119
0.9738389757328934	164.19711323211368	17.33573520204989	109.12409647083975
0.7970998589051826	281.21321029315135	198.51167516840724	250.2001346213723
0.5737280991057132	1044.2539246941053	1014.9239120641603	1033.255169957876
0.8768034535315125	284.35418756922223	128.7263282590044	225.99374032789055
0.9189457306996117	1291.310332073648	326.1157378626556	929.3623592445258
0.7554124447182111	120.66899507049153	111.7899563402162	117.33935554663829
0.6799950901424074	431.81882616067924	394.2292475151495	417.7227341686056
0.7223733186167653	970.8518604428014	769.8161031050674	895.4634514411512
0.9105456871427428	80.38285798302508	33.87543124232218	62.94257295526149
0.7920020348250849	120.85822445109062	98.7435764177689	112.56523143859498
0.8761722372960382	372.04806225451364	163.2735751881273	293.7576296046188
0.866191527378417	1453.568111166533	596.8848245692416	1132.3118786925488
0.9028204315044687	197.58678798216135	75.20451292884349	151.69343483716716
0.7000208409555742	642.5451989545242	550.4232785935143	607.9994788191455
0.6182409621542418	876.1628355591088	827.5431655876241	857.930459319802
0.9481723780993495	32.31637515684157	10.798501840099046	24.24717266306313
0.7111884437001994	409.416275962989	355.3168535449723	389.12899255623273
0.9714721520219312	202.1238664114758	22.44440514599043	134.74406843691878
0.7632120697465525	119.59105711440907	107.93825757805288	115.2212572882755
0.5865704374471685	669.2040486827207	657.4085208572658	664.7807257481751
0.8429492111424947	65.90934044930447	49.56647336079639	59.78076529111394
0.7932315906922082	476.3740051179431	321.8360227121828	418.422261715783
0.785540985939885	334.9734145881516	241.9256649410099	300.0805084704735
0.7751052688153458	908.4290197776177	619.3842916471424	800.0372467286894
0.6194860087124989	462.24827281374695	452.52092313359486	458.60051668368993
0.9785675522420587	76.17524194608373	7.78949778350578	50.530587885117
0.6617015951648432	773.1654648421444	697.8510183158545	744.9225473947857
0.7524475336921648	617.6720372945686	467.8965967249748	561.506247080971
0.6930964945329237	1492.7106930198947	1229.952926671193	1394.1765306391314
0.9549267454461365	1169.8423839119584	164.79827418804234	792.9508427654899
0.9846222996432865	193.9687526686708	11.637270557026241	125.59444687680407
0.7997189589653732	199.02342447034542	145.59394754591213	178.98737062368292
0.8021689481814529	2071.5993300855835	1191.7843993939564	1741.6687310762234
0.6900127538904877	1305.1550386679507	1090.1476094729694	1224.5272527198329
0.5953468187631009	910.0500111005663	875.5393210867524	897.1085023453861
0.7325379727961793	580.3738340738844	466.38243279079774	537.6270585927269
0.8164492528352709	252.25513108634962	166.395725213629	220.05785388407938
0.8856078927240951	337.90378835386224	139.13870927924677	263.36688370088143
0.8195422152238033	135.25026070136403	96.81815510319696	120.83822110205136
0.6356241441414265	1143.9325649500759	1047.218522832405	1107.6647991559494
0.8026516911150422	1622.1139041190295	947.521572526328	1369.1417797717663
0.9989509670842895	39.28647715911814	0.240788813365171	24.64434402946078
0.9901514477226575	37.78276002035325	2.216650272859056	24.445468865042926
0.9926325693546553	34.05811258173652	1.5588136585803944	21.870875485552972
0.7447526337900228	316.40742330657463	260.6394067286302	295.49441708984546
0.9297826523433749	79.02998297059956	26.359773501466055	59.278654419674496
0.8594289559238598	2110.401962026584	882.2486297620912	1649.8444624273993
0.5528015483479776	936.3097714503807	925.4256348226473	932.2282202149806
0.9952483445981534	2723.893952534254	37.01512595945837	1716.3143925687057
0.6186485157680697	584.3654883990571	563.0669325735905	576.3785299645072
0.6929145699958854	898.116555084264	762.7445880268168	847.3520674377213
0.9625618275154524	159.01498688992547	24.241770951279022	108.47503091293305
0.6620466237010455	305.51465695790495	295.2438567724128	301.6631068883454
0.9980432919972396	40.02313168070144	0.4544963496541108	25.18489343155869
0.5116884777464017	1592.7619033318826	1577.015959934122	1586.8571745577224
0.8575212110433282	333.2390778735994	169.29236170718914	271.7590593111956
0.8911848634381139	167.37129035786126	73.11622679009513	132.02564151994895
0.6549317897755105	475.20230337833357	446.06230697323724	464.2748047264224
0.7663772443095979	789.6021531317467	561.1078167824708	703.9167770007682
0.8536589592524301	1353.776541586863	609.4118509797675	1074.6397826092023
0.8757171237821991	68.3645333287891	41.122723102017765	58.14885449374985
0.6543168999832749	322.3922511079426	313.38034027711893	319.0127845463837
0.6223149130169006	1398.895242109111	1289.2367907235487	1357.7733228395252
0.5837318765352689	895.2088409876171	869.2616242069396	885.4786346948631
0.5099093406487143	1570.449002898629	1556.5557186416988	1565.2390213022802
0.7572962153379438	843.3603140763428	613.7602667693827	757.2602963362327
0.7732221928010661	510.70957175867227	368.62201182870024	457.42673678493276
0.8769631139396971	828.2742798782533	330.0599725345944	641.4439146243813
0.8245520768451559	587.890072808719	337.97439770240925	494.1716946438528
0.8046228866504409	110.69022696801373	87.70036422148398	102.06902843806508
0.7702059714488667	948.5766672108078	655.7016625542273	838.7485404645902
0.689196333024351	285.771234130734	266.58925473834836	278.57799185858937
0.8976944961238327	760.1876983770132	255.04396966105435	570.7588001085287
0.8028218638174076	1011.9138554650067	612.8809507454005	862.2765161951544
0.8436862083185931	1110.9832582827596	541.315247580899	897.357754269562
0.7652084478005249	107.27886918796824	99.90722085704391	104.51450106387162
0.9094315313947484	2338.0521262978223	627.916990063048	1696.751450209782
0.7217780530137675	445.41209557852517	375.3079243567885	419.1230313703739
0.7372180897629136	1305.9082259758554	976.7499355293041	1182.4738670583986
0.9096446331064856	63.94417404804118	28.93648775298753	50.81629168739606
0.9679474860785339	778.4604522703503	80.981110954337	516.9056992768453
0.9084537193030067	131.0512202862346	50.67428364490765	100.90986904573701
0.7858215142178163	102.1902005571146	88.54612686084897	97.07367292101499
0.6757184232411132	625.7259999140525	560.2631153407459	601.1774181990626
0.8544710816649609	99.9688885924472	63.20012779919083	86.18060329497605
0.6487345386091937	615.2676599557911	572.5205613523507	599.237497979501
0.7499223032966698	805.3522088718331	601.4732719803407	728.8976075375234
0.8820553338462725	113.7977463616274	57.74447552496052	92.77776979787733
0.7704932681094803	1713.6148431883937	1133.3482775846007	1496.0148810869714
0.6124329167804482	1034.4277803494074	975.3641574332778	1012.2789217558587
0.6776972423010963	481.9595028549173	437.9711968045942	465.4638880860461
0.8366704379758945	68.68451464054213	52.81774590679243	62.734476365386
0.6549594710245686	317.72773418594807	309.22652323123884	314.5397800779321
0.6894378320720155	421.81547950674303	380.0132643219405	406.1396488124421
0.7428045440487674	485.22273781390874	385.5815209905929	447.8572815051653
0.9160148920874178	1051.0853556275347	280.4177972664829	762.0850212421403
0.7213939792514987	1170.8975558117666	919.1684002891668	1076.4991224907917
0.8402743134948232	94.9157595815979	65.83922285104701	84.01205830764131
0.9147786424233817	1294.2147392811403	343.6454141256729	937.75124234784
0.8281749105462607	663.9246917964043	370.1197309924895	553.7478314949362
0.8627741075760487	895.7805055688407	393.56475120800405	707.4495976835269
0.9991722594191478	364.5656225463804	1.060362209658905	228.2511499201098
0.8482984304692923	148.8381363098004	90.33484558868115	126.89940228938067
0.8391293094046354	1143.1071924440537	570.6458832348073	928.4342014905864
0.9855728158215922	168.0681375753359	9.702036803299876	108.68084978582239
0.9528376511440272	66.78935637968874	15.656827321136252	47.61465798273156
0.5954025660064913	578.2918563070157	569.8094154523471	575.110940986515
0.961987128984131	843.9037871431104	103.40946323350624	566.2184156770088
0.9690372183765513	74.04651142965986	11.050180954076897	50.42288750131625
0.9813524266898228	46.535301704236105	4.799466413497793	30.884363470209237
0.9162392898336565	42.868297322265185	20.563945590785657	34.50416542296036
0.9702649949664552	93.26836804592679	12.611514749593738	63.0220480598019
0.5979037062533694	956.2534420256296	916.2633423291917	941.2571546394654
0.8255278379226552	499.9036819532997	290.87576264449706	421.5182122124987
0.7059984205248214	670.1170390365455	565.5647412639087	630.9099273718067
0.9697047818017505	234.34766946068342	26.97846347449851	156.58421721586407
0.8291489703160027	181.48363180887668	118.17967467242947	157.744647882709
0.7595900997202261	405.518513410504	312.58160663294285	370.66717336891855
0.8771507047839673	1991.9640399146863	733.5331967450418	1520.0524737260696
0.5454326115195611	1398.211337727069	1368.6428646125792	1387.1231603091353
0.7588420444632514	249.36378612498697	203.0505428232069	231.99631988681944
0.954587666671687	1620.0587899391176	223.23195389499756	1096.2487264225726
0.9437242669503452	1097.3482998490795	194.76806505784407	758.8807118023662
0.7305660613952667	192.07674858238312	173.56087822037267	185.1332971966292
0.6833926864983906	1280.4740126680965	1084.1838727007569	1206.865210180344
0.9034939038402435	64.0056171012845	30.864034448685203	51.577523606559765
0.8962619327305877	382.4950092891778	140.90264892281436	291.8978741517915
0.833882767423275	518.1220198098341	287.4615573674538	431.6243463939415
0.9040306259691436	436.47986640762997	146.445507064535	327.71698165396936
0.8977272931898409	54.13895101348619	29.05664958453389	44.733087977629076
0.7730317308021348	335.2139081185851	252.72167185102285	304.2793195182492
0.9505523263648855	495.32890025636516	84.13328360497152	341.13054401209257
0.8674875357453019	42.75247443276414	32.54335810477571	38.92405580976848
0.8735522936084148	129.0462849385222	68.15104720592913	106.2105707887998
0.6101748386079127	812.4532638825887	775.8322198215591	798.7203723597025
0.6938825613893176	795.3518926465449	679.4713588647351	751.8966924783663