0.8114315264774671	274.29449552009515	160.73175588292955	231.70846815615806
0.8501358762493199	97.95681568857574	57.321112513064485	82.71842699775902
0.864058833179853	153.1019523121711	72.92509717539176	123.03563163587884
0.6716341397548381	1517.72111437697	1196.0157096835173	1397.0815876169254
0.7987509012872704	1057.8014596008122	570.0748261173333	874.9039720445076
0.9059667323937519	334.4105698836546	96.96828208882971	245.36971196059528
0.9940184242604889	48.70114695703893	1.4587572704708762	30.98525082457591
0.6514353348976608	1985.781771385158	1607.309812024402	1843.8547866248744
0.9207881971901163	338.69706633055455	82.46831226900682	242.61128355747414
0.935723349950556	51.19159525891954	16.52238552643626	38.19064160923831
0.6739017261095122	823.3535108543414	670.3562499761346	765.9795380250139
0.8257940849659439	106.31046481432435	70.16517669799393	92.75598177070044
0.9054184061784011	58.39221181800183	26.290672098168407	46.354134423064295
0.7284850480341655	806.9583366228264	575.4507253562376	720.1429823978556
0.7385985179918886	1438.4601866820526	954.7563201345582	1257.0712367267422
0.9173836593066731	758.8959705610546	175.3586072398777	540.0694593156132
0.7646495604089472	994.4883845250199	619.6305772196843	853.9167067855191
0.5415985356341475	841.8397357953064	817.8671781961415	832.8500266956196
0.9683525173807959	554.9539848989888	50.091237796952356	365.6304547357251
0.4821388333982663	1955.052492994607	1906.2716312299551	1936.7596698328625
0.8314636398870213	333.1697779217107	171.35044119873908	272.48752665059635
0.9068707786388676	286.846699969731	84.20419304945177	210.85575987462627
0.7631725394738472	1541.4062441169995	936.0889066384743	1314.4122425625526
0.7863749639638358	208.2535237909823	142.18650220223307	183.47839069520134
0.5786006081895663	1298.2661630353268	1191.8315362751027	1258.3531780002427
0.47195658168500604	1851.4493730337836	1817.2497147988151	1838.6245011956703
0.5858360687247713	1672.1173226326227	1506.5005072541521	1610.0110168656963
0.9475390512748756	789.0855551746674	114.52861340542876	536.126702011203
0.8271649856168344	373.0770960308011	193.62246672941677	305.78161004278195
0.8759896124928163	141.4842387641699	62.67149627078328	111.92946032914992
0.9123097436109125	1697.651835766209	388.6208145271494	1206.7652028015616
0.8195157117017896	1283.5301285841365	615.355185768095	1032.964525028121
0.7273393036355825	337.5899138110685	262.35420025482324	309.37652122747653
0.8468866616172017	242.59403859042845	119.23563377164521	196.33463678338472
0.5888997107288979	1497.6136427058473	1350.4682169398584	1442.4341080436016
0.595660229865842	1695.487720512043	1508.4015735948235	1625.3304154180857
0.9264907726972236	1934.0324716305513	366.67959381613855	1346.2751424501466
0.9155661942972855	2076.573815580902	451.03793148222917	1466.9978590438996
0.7245833009916761	1148.1570120632343	807.0895835687373	1020.2567263777979
0.970160400191793	35.46661879311903	6.6417762898820385	24.65730285440516
0.88369857815119	115.5365867240898	50.394275540993156	91.10822003042857
0.8653742911948631	115.71638261243424	58.233387488203675	94.16025944084778
0.9334093568296222	96.78974907621267	25.31112254558346	69.98526412722671
0.7930881150302759	115.81761606762774	87.76843734489302	105.29917404660222
0.8160107391519812	104.31957843870312	73.01463609847032	92.58022506111583
0.7205124665130791	266.47271327504023	217.4531336417561	248.09037091255868
0.9077139593860079	76.21126495504465	29.900377293156343	58.84468208183654
0.9505499004615581	392.15623239377584	58.07490676318122	266.87573528230286
0.6976634504718985	1233.1391888838186	926.9736873094582	1118.3271257934334
0.8496628839424984	100.58915478788447	58.56702493175794	84.83085609183702
0.8813747106414401	160.8806942138442	66.4027150466996	125.45145202616499
0.8961018546124987	2056.920537969687	551.5285346908753	1492.3985367401326
0.489282152657397	1869.9413220255035	1818.6061423357398	1850.6906296418422
0.6146390754047732	1856.81889646827	1603.2801679638146	1761.7418732790993
0.9718537222397946	213.03666166247672	19.565187771416177	140.484858953329
0.836707026583669	103.67006628765827	64.79434759684639	89.09167177860381
0.5508134740892642	1269.993292525235	1198.949442379461	1243.3518487205697
0.7126896142262839	660.6436585583997	499.94621842429257	600.3821185081094
0.9696805970281762	37.81652320630115	6.831495027053171	26.19713763908316
0.861715296889586	789.9218273253175	304.85017013467854	608.0199558788279
0.5233405010783073	1000.4070700065729	976.273644476604	991.3570354328346
0.7955491416706126	886.8215956913186	491.9881474810504	738.759052612468
0.9126192097663348	565.6785488101561	142.692802074328	407.05889378422063
0.959955487070386	29.865734964997706	9.347088048702645	22.17124237138706
0.8844649544202031	125.30210315301464	53.223961915452534	98.27280018892885
0.7895004290257767	629.9127764695589	369.93188398761333	532.4199417888293
0.9108467580676054	811.3160011007042	201.17297496057284	582.5123662981549
0.9588296554411809	197.47637460037288	27.00857572937693	133.5509500237494
0.7682880338468906	395.5257623905942	265.0122940410805	346.5832117595266
0.6933826534622691	1505.6404149617983	1130.106452984242	1364.8151792202148
0.905886729273439	495.7237517166299	136.84762742127117	361.1452051058704
0.6219876798053645	1640.580820458621	1408.775712504345	1553.6539049757675
0.6250444130019017	741.4473311954333	661.5351731566644	711.480271930895
0.6447232229400243	1173.4818749693354	987.5594356748661	1103.7609602339094
0.5850617332320136	1917.8127455674594	1720.1079088394508	1843.673431794456
0.9580596142861842	2380.249976028895	251.40760755130987	1581.9340878498006
0.8942035971751685	446.48699036982214	140.3424776189429	331.6827980882424
0.6956938984913517	504.53541524911356	407.271957429898	468.0616185669077
0.5755072165179776	1380.684817948033	1268.3554215085496	1338.5612942832267
0.6106259482498265	948.9354429385786	851.1460067523834	912.2644043687554
0.9424120295652751	411.12917478093027	70.63521468540446	283.4439397451081
0.7352981150620889	208.80536617510361	169.9546886707337	194.2363621109649
0.9743633513112046	38.25671747319197	5.771052775108551	26.074593211410686
0.947531909658527	646.1095120778324	95.76028073059183	439.7285503226172
0.9853558464042121	459.0296684517145	19.491336635385153	294.202794020591
0.9171942176977192	63.451694114417656	23.96132772335357	48.64280671776862
0.8002449207725696	1032.9613053660817	553.9335922855046	853.3259129608653
0.9459281663826142	110.37216461396784	22.563308393652704	77.44384353134967
0.8634694190356353	1571.211294930223	565.0141031025375	1193.8873479948409
0.7185349780265884	623.1185272373044	466.6166878084997	564.4303374515026
0.8524923612813002	1044.2364357094098	418.7518859114891	809.6797295351895
0.7155761864013755	647.5369182885479	487.14680151548214	587.3906244986482
0.896329828138038	201.33425411289124	69.69540720459001	151.9696865222783
0.7679159037627804	223.03525997792477	161.52150390376303	199.96760145011413
0.829309159027691	1759.5116310375784	781.5348376727046	1392.7703335257509
0.992218021934578	125.656364269931	3.524292686701564	79.85683742621995
0.7578781540767031	1112.853481673501	704.6329548638781	959.7707841198924
0.6792367217537113	919.2087439075366	734.5921264006312	849.9775123424471
0.8758061719502708	368.76911634602044	139.3074807645462	282.7210030029676
0.9514985686731462	54.035862500961905	12.70494478250459	38.53676835654041
0.7660629706384945	215.08877271008598	157.71709608139835	193.57439397432813
0.7798251932850739	1520.423771466695	866.0600106236827	1275.0373611505654
0.6027798654005639	771.2100291236331	707.1048675757711	747.1705935431849
0.9763235911465874	29.19212458986338	5.307732419782045	20.235477526082878
0.8311565960582472	707.2245610677683	334.8255770158828	567.5749420483112
0.9945517796204535	53.98879605187132	1.3989232262967946	34.26759374228087
0.9796872661468805	67.15653316753098	5.957690840270615	44.206967294808344
0.7942497298961547	519.9647414238858	304.9677698813776	439.34087709544525
0.786367984085921	1793.1999111924213	982.8441107571814	1489.3164860292063
0.6812891000419287	1887.1312197593882	1439.3844812582622	1719.226192821466
0.8916473992772236	571.7948384876591	178.88683636954764	424.45433769336734
0.590577487598827	1103.885960282659	1007.2660975169049	1067.6535117455012
0.641154303177274	354.1544446486641	329.9079434418838	345.06200669612144
0.9110938911685402	3062.65777308048	682.7987608313636	2170.210643487061
0.8164432800696773	1904.0734731223606	901.8906007889946	1528.2548959973483
0.6308584265509345	592.0818152136043	532.0406458726533	569.5663767107476
0.9435345066688434	285.1240413652308	50.5319915808727	197.15202269609654
0.9833279063180047	250.7556227142136	13.21398760291055	161.67750954747495
0.9857226851542906	39.809406866686786	3.226015764666979	26.090635203429358
0.602451707338639	1236.8001348956159	1106.1771607276232	1187.8165195826186
0.8290719619359843	1106.7929760072284	509.5974176821311	882.8446416353169
0.9007147713779055	129.65460852279472	47.00086612672676	98.65945512426924
0.566216503295935	1702.2362627725329	1566.0256342733678	1651.1572770853459
0.9595049720386504	216.53779305752983	28.656165472831205	146.08218271326783
0.9193754452778858	68.34543107049605	24.357606346834704	51.84999679912304
0.9068247884296988	404.38398870130686	113.30262150725957	295.22847600353913
0.9642564051149425	396.3701120772573	42.192561990951646	263.5535307948927
0.9252197070454073	110.3860215062775	31.316909120258423	80.73510436152036
0.7528416493093436	1384.1962479946994	878.4379208539478	1194.5368753169175
0.9989263142067617	104.34181181366884	0.42175354595470793	65.37178996327603
0.9447012241877781	245.7445483364774	43.6390433535431	169.95498396787704
0.9264942397741281	642.5499173274319	134.1500198824285	451.8999557855556
0.5995186219126729	582.391026016634	546.555341607479	568.9526443632009
0.9628184208469946	1594.713127595016	153.35454954071076	1054.2036608246517
0.9153024661640657	879.2084238535863	205.43236909842818	626.542403320402
0.8448034575383855	2422.074685287848	959.7938021352039	1873.7193541056063
0.867132079549839	386.75973708362676	155.17326587404554	299.9148103800338
0.7020434609352847	560.2450625401041	441.4742889440538	515.7060224415852
0.9968575085521555	408.36262268922144	3.7486192229127084	256.6323713893557
0.718404243159261	181.10131282305895	160.719014123173	173.45795081060172
0.7854666385520557	259.13840140128605	171.63805403689437	226.32577113963916
0.6028213578191863	682.2306278790427	630.372126025314	662.7836896838944
0.8869438424161189	147.96512254968013	59.26265624144592	114.7016976840923
0.8762695334303136	452.2159111597325	165.90713901120253	344.85012160403375
0.7792237518625954	152.84178914864995	113.949137328114	138.25704471594898
0.9007361349564941	166.2153280659287	57.115665680712354	125.30295467147258
0.7292208887020881	1007.5891576324898	705.1224171726165	894.1641299600373
0.6965238629755305	287.74311866759143	246.4684746937448	272.26512717739894
0.8517653293076366	138.6472147753594	73.32861698209942	114.15274060288691
0.47390767784062965	1801.4713317678682	1767.953972256564	1788.9023219511291
0.927407808049971	910.1397767384276	181.32724133895704	636.8350759636262
0.643641244755539	652.8591973223215	571.0067810654507	622.164541225995
0.9808571362516987	1557.9536951864234	76.67077793550789	1002.4726012173301
0.6368426369894494	504.7889286071259	455.27860739282886	486.22255815176453
0.9781592158841134	1122.154569370034	64.83922465245098	725.6613151009403
0.6417806178295551	341.73682397518587	320.497133384308	333.7719400036067
0.8246353244604699	174.5862574531586	103.12127937334841	147.78689067322978
0.6589178503675759	1942.5309293782946	1551.3468557900762	1795.8369017827126
0.870036352980569	137.57521962920504	64.19297994668881	110.05687974826145
0.4865578145204718	1516.1381219495604	1486.6528751217995	1505.08115438915
0.6649126685409816	495.3437642033714	426.73825036946766	469.6166965156575
0.9716091633830841	54.10533925806126	7.377039691706649	36.58222692067828
0.7996443739317983	117.83159826102747	86.10865817965652	105.93549573051335
0.7848089273417709	550.1901734568703	333.89992072820326	469.08132868362014
0.9682583757177076	258.1539774690468	25.926721499540847	171.06875648048208
0.7263041685382876	2334.343283475743	1564.112177972055	2045.5066189118602
0.9176757053779044	169.97634708216947	48.20551917625121	124.31228661745013
0.8119184995885553	1900.8975945335708	921.617926950699	1533.667719189994
0.5757322138090248	625.7797818399384	600.7472147858558	616.3925691946574
0.8856101680880771	109.02062250103766	47.487158432226224	85.94557347523337
0.8000520445705525	2608.6353005768683	1313.9087203016848	2123.1128329736744
0.95484756379761	1109.7913925605435	133.99040375375648	743.8660217579984
0.5643155979916401	1940.1731168212345	1779.8673961387767	1880.0584715653129
0.536346359243288	1128.1841615017784	1083.0778957596463	1111.2693118484788
0.8193867332585071	112.55398113413025	75.59258331748285	98.69345695288747
0.9465048175153844	388.22118812186227	62.34153514470299	266.0163182554275
0.7439340674141102	219.82411555050066	172.785374651709	202.1845877134538
0.9342753739380177	53.90569339619978	17.32710821496215	40.18872395323567
0.7346111157698669	546.5016991203775	395.6325785885841	489.92577892095494
0.9514086610961421	3393.580805964437	406.6482152696501	2273.481084453892
0.7680338403824352	333.81344461582563	228.3947171261214	294.2814218071865
0.7159043313242613	969.610308348807	706.561179158689	870.9668849025128
0.960030201967354	30.390452779299416	9.43085494895283	22.530603592919444
0.7518441756691489	919.6708637145991	603.1765605697547	800.9855000352825
0.9869484851472674	70.7382760868647	3.9430435098043546	45.69006387046707
0.9749466802977388	762.7702765206334	52.59373515210194	496.45407350743415
0.91379633020165	106.03293508926609	35.080855088075964	79.42590508881979
0.8816468785567211	345.22914561085236	125.42085137795499	262.8010352735158
0.8396857971481044	91.55913303663696	58.53257942713988	79.17417543307556
0.8941415574114878	46.95148994946259	28.089129453937396	39.87810476364064
0.6373870612748805	1068.8407109375978	915.430333457688	1011.3118193826316
0.8674434679702802	146.7737521594964	68.83128508738506	117.54532700745466
0.6147920150249665	1216.484132571117	1070.8926813837754	1161.887338375864
0.73347476768606	421.93343889303713	314.37553075723685	381.59922334211205
0.8739972085335682	988.9570466535167	340.8851709604842	745.9300932686295
0.7179115003454328	550.7355075708596	417.546241613698	500.789532836924
0.9516988908464267	33.825087918713365	11.055834728051316	25.286617972215097
0.5906420135175288	676.0970653812832	634.1574125263706	660.369695560691
0.9939039571844139	241.39841923018318	4.661191119651306	152.62195868873374
0.8570974908811302	315.79474696921005	139.72138519021587	249.76723630208724
0.6419828383104649	1618.052505625372	1345.5476804713596	1515.8631961926174
0.6600490142394316	1132.643609173851	928.8042821633903	1056.2038615449283
0.4614069348515357	1863.5037373622679	1838.426645930773	1854.0998280754573
0.6418429266987062	598.8297666577654	528.6289574451163	572.5044632030219
0.9986000567395801	33.692584854688974	0.3027041499334615	21.171379590405657
0.8464420242191213	169.80658543260378	89.04990770171017	139.52283128351868
0.9165326735320032	303.3532032484828	79.10948985672788	219.2618107265747
0.8654290616479186	861.0480071566544	320.82751518549526	658.4653226674698
0.942115439989063	230.81414791651378	43.38261640170661	160.5273235984611
0.7032621383521677	478.80825419282667	381.5703846968979	442.3440531318534
0.9808808615575134	1657.4199592427806	81.22874360710966	1066.348253379404
0.8088373780907947	255.62691425761102	153.23004193757646	217.22808713759807
0.4903044685133627	1378.128868867873	1353.9316441817612	1369.054909610581
0.8808317318021797	880.9791778067327	290.2762384241567	659.4655755382666
0.8061223521754224	131.14620007688387	90.28604519515946	115.82364199623721
0.9526224861312396	698.9102509918949	92.63677015722271	471.55769567889286
0.8845049024280575	822.0982830139645	264.2937268775878	612.9215744628233
0.6949144107156404	301.6421797939179	257.68418496439597	285.15793173284715
0.7553916753367899	1562.5271738561555	975.0817767456446	1342.235149939714
0.7564741692733601	1311.1359426918407	824.5896748933645	1128.6810922674122
0.871908321342736	746.2424973142139	268.4122643964855	567.0561599700658
0.762141070350095	1609.8001181481159	978.4552258967005	1373.045783553835
0.671267060815477	634.70677355375	529.3922794850491	595.2138382779872
0.828844890550079	2141.9385358681056	941.4288072468751	1691.7473876351442
0.9218059817217782	120.18568511838711	34.91220267467091	88.20812920199353
0.7465030832560904	567.8722839091587	394.89280254322125	503.00497839693213
0.779429689433685	1276.7280880819462	737.3626812169755	1074.4660605075821
0.7300849928506413	318.97603340151886	247.68698320851215	292.2426395791414
0.9604372770665357	279.4228474985633	34.644399274711105	187.63092941461878
0.8509362676042503	158.91605913711297	82.0825501496505	130.10349326681455
0.6392575382830722	402.3664323567264	369.5975177606761	390.07808938320755
0.5637303515920602	804.3077398096208	767.3771925302955	790.4587845798738
0.6831119237115878	477.35915059438264	398.07920987889077	447.62917282607316
0.617275832183175	928.5105875349182	826.3062476624766	890.1839600827526
0.7823424145875241	236.95842724095945	161.0471240804141	208.49168855575493
0.7730492035047484	1401.8977509231856	825.1042506776828	1185.6001883311221
0.5636130558988799	1374.2157254354909	1278.0566466842326	1338.156070903769
0.8792423220285472	131.25483904700144	57.603740535064155	103.63567710502497
0.7129266650836411	405.93897595085184	321.0802381683342	374.11694928240775
0.6212690596961954	1051.0370970746903	923.6917284365538	1003.2825838353891
0.648479212461642	1128.1485374615643	945.2689274795963	1059.5686837183264
0.5370443055785535	1430.8967219599474	1360.0380968699471	1404.3247375511974
0.7675878818248365	148.72006024931272	116.73837166369043	136.72692702970437
0.8937789264795266	116.58040334272869	46.37633731764601	90.25387858332267
0.8902542979529029	1192.366731183188	352.13230670816023	877.2788220050526
0.6910229321278616	291.48746536074003	252.35552279478688	276.8129868985076
0.9034623785187516	252.69526166128776	78.4235238234427	187.34335997209584
0.9968390198391818	76.05962377931657	0.9961102513684494	47.91080620633602
0.982554007213472	577.8089485872979	28.471912384253017	371.80756001115606
0.5127513839635506	1778.1853231548778	1707.6543720163575	1751.7362164779327
0.7706669159324417	248.44778087401053	175.22291313142725	220.9884554705418
0.9957358041900027	76.06742270380836	1.34464473364514	48.046380964997155
0.7931178446493825	174.66417440053849	119.69183441949346	154.0495469076466
0.8222550712885249	234.496399568772	133.280562073995	196.5404605082306
0.6867996273666859	1315.2565711284487	1010.6366920082645	1201.0241164583797
0.7959652720738738	686.5323619279478	388.89285992320094	574.9175486761677
0.6716940003795687	1920.8244759005477	1495.0312958197026	1761.1520333702308
0.5110858581757053	1323.8827607618236	1285.5038647927263	1309.4906747734121
0.9572164997820433	410.23748403512263	52.157041971531015	275.95731826127576
0.9240947628354433	114.21266163556365	32.60830404455236	83.61102753893442
0.8284666370959619	294.4943182846321	156.57182239213216	242.7733823249446
0.9356603821065806	118.34876073461594	28.34082847798517	84.5957861383794
0.6123965540046963	1443.418347266396	1264.4872855055862	1376.3191991060924
0.6279649437758285	2036.6415678277242	1715.7841816965872	1916.320048028548
0.9090959999109665	516.5832379159359	137.05380655352778	374.2597011550329
0.734443122349829	251.1111145757441	198.87044436967787	231.52086324846925
0.8764145007125832	703.1014827353526	245.48835088656662	531.4965582920579
0.6902474418588996	546.5643967854572	443.50326999373686	507.91647423856205
0.9542105701136574	159.31683113082818	25.293427549314572	109.05805478776057
0.8846568079453974	212.15043935625198	80.90406576176662	162.93304925831995
0.6434365683313766	479.0676399082871	429.57200683638666	460.50677750632445
0.9060332932616713	96.57449298639813	35.75781303299357	73.76823800387142
0.5736353510553731	683.5125795548058	652.741641479987	671.9734777767487
0.7693161673924227	149.22891852221218	116.26942791656954	136.8691095450962
0.9445434716129916	938.8363148954307	141.85630759463322	639.9688121576316
0.7260762513926989	1500.2892164166326	1031.9918967691963	1324.677721548844
0.9540691475117808	100.694996206497	17.881360188515487	69.63988269975393
0.48557097977680536	1930.9097837845975	1879.9860690442329	1911.8133907569606
0.741824578040775	2054.2031201436207	1320.2770925208151	1778.9808597850686
0.8899105183608587	651.5694964076661	204.3131825599644	483.84837871477794
0.6749880628346308	535.8371201175543	449.7268164172827	503.5457562299525
0.5348429091354306	1330.715775868614	1270.4344516548813	1308.1102792884642
0.5853692054208957	897.3151266195034	832.3368126293503	872.948258873196
0.7005870942256843	1123.7425160976059	843.6662320004588	1018.7139095611756
0.9052692377663263	1878.4169743910809	461.5804701185159	1347.103285288869
0.9679905069515743	3231.91368488798	254.38373150697657	2115.3399523701037
0.6076253164751118	1229.2534456997673	1092.2890203206775	1177.8917861826087
0.7380124303281972	197.0001106638477	160.76508565988422	183.4119762873614
0.7396203316578915	1254.6572562299896	837.5044718589631	1098.2249620908547
0.6902444249936873	2116.7745064605288	1571.568646218695	1912.322308869841
0.8788295788389069	72.3847296653691	38.17383634190882	59.5556446690715
0.5505954558007119	1904.7672435760294	1771.9032292666527	1854.943238210013
0.9425532002706376	41.106771619039456	13.565679714232095	30.778862154736697
0.7258882372347513	705.2239966427472	512.1182514423027	632.8093421925805
0.9074766444373673	2247.4179452779936	532.481278036066	1604.3166950622708
0.6923265738335563	377.50140158978576	315.8844159960491	354.3950319921345
0.8700003102404005	686.8002568045656	252.73938249820412	524.02742893968
0.6835916965352378	582.0224671563739	476.63914100649674	542.5037198501699
0.6878835716071595	1122.5354979036222	868.7533531827029	1027.3671936332776
0.7428640626656507	833.109454536738	567.2112873150104	733.3976418285902
0.8511731000707685	160.55374907123687	82.63224464707625	131.33318491217665
0.7704490500208437	824.3877437231436	510.2573277664296	706.5888377393759
0.626303506726776	850.7191321057928	751.1481618958273	813.3800182770558
0.9656501485184624	136.33887806142502	16.734499776053426	91.48723620441066
0.9902096402652458	60.08342907240174	2.6734106089838043	38.554672148620014
0.7970651001875219	362.11780709430263	218.49682375261867	308.2599383411711
0.792668610466748	782.3586477067747	444.3280352319389	655.5971680287113
0.9951342863930279	194.62361233892221	3.1122326572611456	122.80684495829932
0.9059212027368183	107.30493751163505	38.63261158019818	81.55281528734622
0.8795781930720313	138.0539490186474	59.73650715667756	108.68490832040871
0.5932591817922418	682.9552700656537	638.231471118536	666.1838454604846
0.8170371643259231	428.1322764952617	230.47623540787623	354.01126108749213
0.8648102255112886	566.4321335007301	221.06710763832672	436.9202488023288
0.9768832009414201	3585.937425421542	201.56803866931932	2316.7989053894585
0.6731902331413759	748.7503874407527	614.5736549019072	698.4341127386856
0.4784158119491185	1847.3165175707884	1807.485710319839	1832.3799648516824
0.8554226480187779	2279.3696327883385	845.4561003560362	1741.652058126225
0.8070124415816001	654.2692517439374	353.79239710368927	541.5904312538444
0.6576879212610472	826.1405158288431	693.9306104809526	776.5618013233842
0.8129345919186486	110.81568716365001	77.30480830544815	98.24910759182431
0.9849494328767748	558.2294107312991	23.781028808879455	357.81126751039176
0.5855008446427694	822.7786770187286	766.7472488016015	801.7668914373058
0.8762958305022761	719.0439306028529	250.73084188694773	543.4265223343884
0.6955446051063517	325.27188133464983	274.8566412560324	306.3661663051683
0.9501666096109828	78.63807414577833	16.347437671275557	55.27908546783979
0.9106818226098023	61.45447021938067	25.441194510744165	47.94949182864198
0.8153429620417718	237.316089349074	139.420092638298	200.605090582533
0.8765270146866992	1687.4173305211266	545.9921638553792	1259.3828930214713
0.5447378456533907	1826.446660187671	1710.3690782884466	1782.9175669754618
0.8857060183205091	764.7908958857009	244.92368081740574	569.8406902350903
0.5498796727965058	1668.0711004700302	1559.9055807022837	1627.5090305571252
0.9754971551639409	236.71418861302357	18.571334902328488	154.91061847151292
0.8575568807220089	255.18435735551327	116.10322323961078	203.02893206204982
0.9856779098056766	252.87682240467302	11.418941720283996	162.33011714802714
0.9556047749342835	2006.2204190918046	227.04251973308737	1339.0287068322857
0.9207515254941308	98.97073767579639	30.66072551091532	73.35448311396598
0.7117235245749771	201.59635270237243	177.12434923311548	192.4193514014011
0.79227134808305	491.6252967880313	292.51692204381027	416.95965625894837
0.894738502656983	220.51234172689828	76.29317217754293	166.43015314589005
0.5640367114633068	690.8611548441224	666.3130127577513	681.6556015617332
0.6932170514926739	1096.3480330549664	839.2885633018141	999.9507318975343
0.7388949382055929	439.80033166630045	321.0933448476107	395.2852116092918
0.9314971681744205	3168.138798263821	540.731640540474	2182.861114117566
0.7261823201204888	688.2839125297419	500.4052346933652	617.8294083411006
0.5080718521291229	1411.5131476263289	1369.9349453456896	1395.9213217710892
0.6217745470997035	1084.097983149598	950.4482388404044	1033.9793290336504
0.9460273829980572	2818.725905399853	380.315066084323	1904.3218406565293
0.784000479185101	212.5487162084322	146.00837735702396	187.59608913915412
0.6033178406526587	626.564554060824	582.0017062868568	609.8534861455863
0.6673222104181079	2245.7627082470176	1750.8383726355278	2060.166082392709
0.6998643347951629	343.6237810703601	285.6638446524124	321.8888049136297
0.9172244822803846	49.97585509357795	21.320343914082173	39.23003840126703
0.6143288338557772	1322.673638315379	1160.3818113528093	1261.8142032044154
0.8466069117933134	1558.295325789934	629.0891797662795	1209.8430210310635
0.9533470892559085	526.2975197540978	70.85406134819584	355.50622285188456
0.5675666501050008	1084.4116809264683	1014.9638403118329	1058.36874069598
0.9458110459089691	47.90826230657704	13.450476793730978	34.98659273925977
0.8673340049277901	1939.5366520623954	667.7184055215087	1462.6048096095628
0.97023278262692	321.70696125639586	29.284283514969445	212.04845710336096
0.8649209535183636	117.9207824429292	59.25196611572564	95.91997632022786
0.7517585768409054	631.3431731227925	427.4131153651665	554.8694014636827
0.6869165702678237	1742.1699973624632	1317.1910136583142	1582.8028784734072
0.941618943648883	123.90732954439301	26.597284928362804	87.41606281338167
0.991924621098404	159.9610738833656	4.41662207622079	101.6319044556863
0.6026966255175514	906.3456237619102	823.3685918478009	875.2292367941193
0.7898119177138665	129.03510926992527	96.0433484877982	116.66319897662763
0.9918388107358722	125.06842647681705	3.6833565940706023	79.54902527078713
0.699093904794119	1838.5560262412716	1345.5536527568281	1653.6801361846053
0.7977112073294886	119.09562449287019	87.54200438636845	107.26301695293203
0.9630071456249023	56.27523418558507	9.85294285607582	38.866874937019105
0.6340773692851192	546.0775906112302	491.40747290489793	525.5762964713556
0.9978361531358776	851.8200305051888	4.949016504220708	534.2434002548258
0.966820935072227	30.56937098348466	7.465071016680918	21.905258495933257
0.8458146096861725	296.70093076640853	142.4728529962595	238.86540160260267
0.9389985246718038	62.920603014990235	17.45451360930915	45.870819487859826
0.8867389138332449	2396.8902024093286	694.13270755218	1758.356141837898
0.8562343003777112	119.32331638105109	63.496710397129185	98.38833913708038
0.6143111933843609	614.8309908218125	563.8807181166587	595.7246385573799
0.8178080855484068	931.0556350890542	462.20147490257983	755.2353250191263
0.7807385960434134	2551.0996982404326	1401.494642514138	2119.997802343072
0.9285748276340613	2527.956377767595	456.90875056112486	1751.3135175651687
0.6898732853759566	266.41242296457193	234.3627802199992	254.39380693535716
0.7028839030588893	1671.088860135773	1217.5895957367504	1501.0266359861396
0.5635240437758675	972.6796075072517	918.6851017533544	952.4316678495402
0.8632314006262386	399.8220963686159	164.3307666291695	311.5128477163235
0.8871764641191779	1197.6166106652236	363.5298108281603	884.8340607263248
0.781284132223251	131.67603968990997	101.08779538380143	120.20544807511926
0.5777580189075793	803.2215448083531	755.7650808136272	785.4253708103308
0.9561486636217981	67.93819790298008	13.06927707669957	47.362352593124896
0.742484633010053	608.1987832971104	425.6995084730224	539.7615552380774
0.5888179129848921	834.8260294161258	774.4834108875745	812.1975474679191
0.5270619881643596	1211.02201491348	1167.228948316111	1194.5996149394666
0.8024008159504059	1289.343236972068	672.9149329718127	1058.1826229719723
0.541245066895039	1540.7112430321154	1455.58767867288	1508.789906397402
0.8204105751185908	423.41629687126533	224.31985001973862	348.7551293019428
0.8064280037990104	241.4427222570059	147.630129936847	206.26300013694632
0.9665472485770792	219.69199183635675	23.900080433820747	146.27002506040574
0.6127741844185072	935.6549710153059	837.467559242821	898.8346916006241
0.8903173346080017	287.59316497555056	99.41044532223684	217.02464510555794
0.6491642480584051	1719.326132039145	1407.2991291824035	1602.3160059678669
0.9224493832490642	260.01944013935224	64.44589641513045	186.67936124276906
0.5115492656200732	1462.5513498557077	1414.5397556968908	1444.5470020461514
0.7782415861231435	199.80344838125734	141.84494056589233	178.06900795049546
0.8247593888933255	110.07552764518412	72.30765009509771	95.91257356390172
0.8776204194873677	330.0735947015053	124.7013687303651	253.0590099623277
0.8746640752235094	2841.3945059385833	901.0316575067226	2113.7584377766357
0.9955820467848419	1450.7593772957143	16.424540034440042	912.8838133227365
0.9471928737995208	1676.9726480799145	229.4840317479809	1134.1644169554395
0.9399442244102096	300.8726261699446	56.2975734543418	209.15698140159358
0.6131461428059488	1928.361419027682	1666.0108331648632	1829.9799493291248
0.8362794521413236	124.20195064510538	74.07847780762013	105.40564833104841
0.7880811319192953	224.25855908745467	150.23236461102306	196.4987361587928
0.9763278903914108	1386.5787787528081	85.49935821425265	898.6739960508498
0.7336162341695085	1828.7142859810606	1214.7881900445645	1598.4920000048746
0.8160641418029883	999.173408814172	497.46160458045733	811.031482226529
0.8711335054581687	1565.4455064782223	531.5745402578688	1177.7438941455896
0.5612963243328186	1289.38548228739	1204.985911424788	1257.7356432139143
0.8397779362620449	1453.7629465357854	615.4697070109446	1139.4029817139701
0.7459735839521289	144.4607265113059	124.82540593353222	137.09748129464077
0.8464744887205935	181.89289348691574	94.13099445060999	148.98218134830108
0.6579379341458287	435.85684460384937	384.7332933239213	416.68551287387635
0.7359761597893033	210.33897470969944	170.63538388360783	195.4501281499151
0.8365128563201063	1464.000902556643	631.7625547241757	1151.911522119468
0.9505461246982843	132.81218614039085	23.712251525277253	91.89971065972325
0.7540561856283763	1551.0018971645409	972.9249184448512	1334.2230301446573
0.7090210697735497	1980.048350603548	1406.2694901467744	1764.881277932258
0.8664353504526002	1472.34833605667	520.6326318662616	1115.4549469852668
0.6062866777049779	1794.2719977913557	1570.1725119344928	1710.2346905950321
0.7999676565800975	833.9737927509904	455.8710068329864	692.1852480317389
0.6853939566950293	435.1826973847889	364.3228032776613	408.6102370946161
0.7884770082668643	151.47642477073015	108.99273772108643	135.54504212711376
0.8217985391083997	373.139194016822	199.25552906138526	307.9328196585332
0.9105416998682475	1257.3916581990632	300.79637534340236	898.6684271281904
0.9987273970400501	2728.7306111446474	8.507048187946111	1708.6467750358843
0.9254441809060814	49.64470615901817	19.031403279932363	38.164717579360996
0.7104150866120768	623.4387387907323	476.87266101042223	568.4764596231159
0.827308459957846	193.36048234797804	110.51651583665975	162.29399490623368
0.8158649424527505	138.63853862000417	89.84705368927806	120.34173177098188
0.9869041596632621	886.2238548971117	31.23061781302465	565.601390990579
0.7437996556152812	877.4958655244893	593.2112333111206	770.8891284444761
0.893629003364094	198.89897985715635	70.792911723324	150.85920430696922
0.7008697262617383	825.740468784737	632.785943629556	753.3825218515441
0.5309420863787422	929.2695798064691	905.3436912055823	920.2973715811365
0.8641787802866531	594.4128504091442	231.87953798924593	458.46285825168235
0.8076913356610094	169.29046638388598	109.39114414939053	146.8282205459502
0.7868314008905248	175.05495049572988	123.07576618044567	155.56275637749832
0.9149212249769569	1187.3666355886103	271.3247867513935	843.850942274654
0.8154907954276847	239.05165808726144	140.17927231981633	201.97451342446954
0.6379747248596858	356.4557480092974	333.8327400678419	347.97212003125156
0.6902396613571066	1042.067595149365	806.0019929887875	953.5429943391483
0.632099050376548	2016.571312644338	1688.0950902209552	1893.3927292355695
0.8186260898449579	791.3564068539649	396.742956993835	643.3763631564161
0.5918220911340648	1598.122617144909	1432.102341180201	1535.8650136581434
0.6588357665763193	1054.410778892628	870.3675353608215	985.3945625682005
0.6840103172094707	1548.1798739837561	1186.0279865731152	1412.3729162047657
0.701914616545485	215.91154710898147	192.0105779616957	206.94868367874932
0.6523499962910371	733.7452235154456	627.2401451155206	693.8058191154737
0.8877880621549236	567.4311682248172	184.0139344260993	423.649705550298
0.9618924173992195	38.09745201717792	8.664188736539833	27.05997828693864
0.9366978972526915	3054.688403679157	482.15292493201287	2089.987599148978
0.7358564363301965	323.8035257047786	246.86600571639426	294.9519557091345
0.47986878902018903	1561.5292169627958	1535.3432198976514	1551.7094680633666
0.7816314394661268	654.2726405955807	395.584297831647	557.2645120591056
0.5193470209999986	1445.1295735262677	1391.0489765636173	1424.8493496652738
0.8047205169594422	2637.6509447057006	1298.3622685385194	2135.4176911430077
0.8495086930353513	232.46756510311417	113.15243161723646	187.72439004591
0.6454389193246741	905.6896016707701	772.8394299649622	855.8707872810921
0.9483650828005745	403.79753679985447	62.24699204050927	275.7160825151
0.8170006494752826	1587.6420938494377	759.2670925086575	1277.0014683466452
0.9565336278721921	641.9816799799771	78.66777169547447	430.73896437328864
0.7064413106157075	426.14909368457813	340.8314128041035	394.15496335440014
0.6413434692946891	1392.622288746895	1168.1488747454998	1308.4447584963718
0.8439496993680841	809.3329677255301	350.6939418610366	637.343333026345
0.9049222267346992	252.80547054216865	77.2639886411807	186.97741482929817
0.9895809934626513	49.428305902688024	2.5645189207582924	31.854385784464373
0.7111042665478375	260.80483646663845	218.7356023752066	245.0288736823515
0.7573968262559083	1813.3869756526333	1112.9514641094056	1550.723658823923
0.9848271627765044	138.08228035892904	7.409106672253472	89.0798402264257
0.6399044422490587	644.8326096008569	567.888663620197	615.9786298581095
0.7969614978165551	230.53928451321707	148.12911263091894	199.63547005735526
0.8389750243436286	131.12904663258837	75.99163992590863	110.45251911758346
0.6972565070482863	829.4284189688433	640.9700319172277	758.7565238244874
0.9065746084543187	68.9661994812128	28.453577971090663	53.773966414917
0.6725340823198511	399.16555260596857	345.9407008900201	379.2062332124879
0.8999230837987929	2752.4247933300626	697.0234507537548	1981.6492898639472
0.803482994510537	939.8768259963042	500.39356469151244	775.0706030070073
0.8522978419521232	409.76756691858003	180.96207640195092	323.9655079748441
0.9987336272555909	1194.1301897355338	3.941467089605794	747.8094187433107
0.657796757896157	840.1741417946342	704.7925254618534	789.4060356698415
0.9593744834255435	391.6522463632516	47.53495141039346	262.6082607559298