0.6559593476677053	835.1049761849964	704.4572557342352	786.1120810159609
0.8463242578033005	268.9468443527878	128.71148155621512	216.35858330407305
0.8603867480074537	204.0355653900901	91.88570893707785	161.97936922021051
0.6721643706695236	994.2358732449215	807.2825161180099	924.1283643223296
0.9490855019776656	2090.30820784196	279.9687409026394	1411.4309077397147
0.8811083900460667	748.3510713484886	254.058939918944	562.9915220624094
0.644706911208717	2247.7007638705554	1855.701100443334	2100.7008900853475
0.613807683989784	1284.1216351305486	1134.0566817174379	1227.847277600632
0.8948665320560731	651.5990909453859	197.95237291969468	481.4815716857517
0.6859496614217415	760.6707978671552	608.7978065654565	703.7184261290182
0.9231305931833783	173.61646350272784	44.252906731576445	125.10512971354606
0.930582829816538	629.449085734829	126.18343297438594	440.7244659496629
0.9673706910902348	124.98400269080814	14.038617645974185	83.37948329899541
0.9455012775124544	946.9164402657882	143.6475045421164	645.6905893694113
0.7786544631894091	360.8722126988832	233.10519185183685	312.9595798812408
0.7339548360316266	477.6549021702363	349.71713567525893	429.6782397346198
0.9903365321610462	103.6586240763053	3.518668398526394	66.1061406971382
0.7940656690180641	483.4314201193905	286.47785537021696	409.5738333384504
0.9448122216565492	2475.422226308636	356.11107964316034	1680.6805463090825
0.7867067906686556	836.2815426320587	490.8235057898484	706.7347788162299
0.7870260790651625	516.3111730288072	313.44665172421554	440.2369775395853
0.9581787914245803	379.11889341409443	47.72040015298717	254.8444584411792
0.8572527668782214	1768.1067724899713	677.1049034691938	1358.9810716071797
0.5818086268633124	1507.447585812695	1375.2036120994032	1457.8560956702106
0.8502163150249621	391.8163015826792	176.31578694006575	311.00360859169916
0.6650367184570356	1270.8750780872579	1034.4262392958412	1182.2067635404767
0.9953191352618534	311.1923920809336	4.417969010287777	196.1519834294414
0.9763394932633137	2925.3388790210856	176.7097561494429	1894.6029579442197
0.9528673188321063	234.95453998534924	35.19269907017387	160.04384964215848
0.8112240897123026	2172.64373157337	1076.1239394132754	1761.4488095133347
0.7241573831546797	1325.2163992515675	937.5222936919831	1179.8311096667235
0.9428344750643319	1940.0901609522175	293.6342926163353	1322.6692103262617
0.8623835054469176	279.1350220323193	119.75479805671006	219.36743804146582
0.6859683724380095	872.5298681858644	693.2560175471153	805.3021741963336
0.7803409106321803	2504.4209873767622	1415.046865388887	2095.905691631309
0.6878867723914469	685.8490618253048	549.7827377047355	634.8241902800913
0.706648516304675	1216.5575508312195	905.6664190088122	1099.9733763978168
0.7868100530146314	2137.7693841253235	1185.5999686138298	1780.7058533085135
0.600698594510643	1584.3055660416715	1412.4369035665256	1519.8548176134918
0.8789717155856087	267.1269673296975	101.61347696864617	205.05940844430324
0.6838876128448481	504.1925744794391	414.80884833158206	470.6736771739927
0.9532298105901952	185.6737581536584	28.412140679359496	126.70065160079633
0.9031677293477761	707.5158937873216	196.57676101470264	515.9137189975895
0.9765463052054535	96.52181586137057	8.090708682004902	63.36015066910844
0.7127655069247488	581.3464880578045	444.43377577258605	530.0042209508476
0.8952685152548722	626.8557717236365	190.29905756317333	463.14700391346275
0.8918451229943803	1163.115660558202	347.618179670108	857.3041052251668
0.6895348199465263	1947.8636516524089	1478.0754385460255	1771.693071737515
0.9159054753190531	1635.4898086752419	370.49148496018154	1161.1154372820943
0.721450248681492	2337.1958910051676	1620.869911125331	2068.573648550229
0.5462390381208226	2027.8561959082176	1896.9514249132976	1978.7669067851225
0.9296634503080208	229.41432796772222	51.65765993004182	162.75557745359205
0.6591225815617796	1976.0809896096016	1597.058763794977	1833.9476549291173
0.5959472432903415	1275.3276650495843	1151.64224456722	1228.9456323686977
0.9447471126770742	354.7163624029274	59.63067776841157	244.059230664984
0.6453307403214424	811.3140752617677	697.4742084685064	768.6241252142947
0.9329949678583902	117.91264949247476	27.630755645006488	84.05693929967416
0.8087650731774277	2272.687200556618	1136.6311277238947	1846.6661732443467
0.7474736308897721	1338.569524627816	881.7782887692666	1167.27281118086
0.8629212823182059	204.77253369869487	90.57598602946102	161.9488283227322
0.9639111798443905	762.194986870302	77.428660565408	505.40761450596676
0.9623394097790364	3439.1193537838662	329.388900105575	2272.970433654507
0.8406549898869723	812.9816110768413	365.2098420512025	645.0671976922267
0.8013468990808882	253.41259336093893	154.15793207991155	216.19209538055367
0.8267171280298901	501.4259167150748	253.31923199357524	408.3859099445125
0.5644657160514933	1364.2484031018987	1269.4149587022036	1328.6858614520131
0.9566295621951454	1559.0011257018994	180.83523373342632	1042.188916213722
0.7260748242732716	616.4915477190792	453.52352610506756	555.3785396138248
0.797837951861798	1106.5453817767195	607.6713842857425	919.4676327176031
0.9528134369974303	122.58017537944028	20.044735742764182	84.12938551568674
0.7064798044270518	2348.6974740918495	1696.0098966930846	2103.9396325673124
0.9534792240284089	2183.6962505329348	266.0848731543965	1464.591984015983
0.9481613795878385	853.4528433135781	124.03096879720488	579.9196403699382
0.9561666149493744	1103.0003248461906	132.58846639902617	739.0958779285039
0.8067642778562353	1254.3787927751007	655.8171148271472	1029.9181635446182
0.9472565427318523	958.0503226046189	140.46004685645818	651.4539691990586
0.8286940291935699	1421.658003166028	658.5669112334365	1135.4988436913063
0.6536899067486556	1107.1681326029352	925.6483539827495	1039.0982156203656
0.6454758963550465	1645.140761623167	1372.3272025944073	1542.8356769873822
0.724076545030091	1300.580549969493	921.212767899839	1158.3176316933727
0.943364748365269	109.5042217656993	21.908330633523867	76.65576259113351
0.9487457661218052	165.56947859080958	28.216988748062548	114.06229489977946
0.6591445520953606	2140.297896780871	1724.2960852857693	1984.2972174702077
0.8990627328738119	356.85333138977956	110.02091135480546	264.2911738766643
0.9104118356136883	138.39484099412388	42.39700906396292	102.39565402031351
0.8416730174765821	251.17566706139104	124.5073514822894	203.6750487192279
0.7314238038678909	429.3267580043355	318.9845306318533	387.9484227396547
0.5755557598350316	1677.6087602808323	1535.537148698463	1624.3319059374437
0.7503315885811883	319.57570421005835	229.84369364005977	285.9262002463089
0.8456820513682	862.4202921437441	373.98797697914483	679.2581739570194
0.7951652607625322	852.0197603248989	481.78004182562745	713.1798658876721
0.6522466620383213	1895.499712401235	1554.0499914021614	1767.4560670265823
0.9694507790775677	163.8804146750498	16.573641450130353	108.640374715705
0.8173876201692423	1304.6760924535115	645.5548038550533	1057.5056092290897
0.9451144668641541	1814.1501777074322	264.5524051830248	1233.0510130107796
0.7246485168885601	1314.925584027954	929.3343115701425	1170.3288568562748
0.8537521726456824	2745.8042853638863	1049.8192937190001	2109.809913497054
0.9928596827982327	94.53398991161582	2.404347209752828	59.985373898417194
0.6469297128859958	969.1950141164149	824.4016925099526	914.8975185139915
0.7371242498285121	360.17504477113215	266.82710400026025	325.1695669820552
0.7624761557159413	1067.0368168803695	676.6570849623846	920.6444174111252
0.9475320044047836	754.0219017691485	112.11056605675935	513.3051508770026
0.8830928251053088	752.4620914122721	251.101450375401	564.4518510234454
0.6211059684072808	1246.9715768754495	1091.5765248204862	1188.6984323548384
0.6755794881911571	1552.9070416257255	1226.8469491358646	1430.6345069420277
0.8733947027212025	624.8391953429593	229.12047248346352	476.4446742706484
0.9087058996388961	2106.354238144315	510.25288400638806	1507.8162303425922
0.824236029804193	1339.2830307922889	638.147498099466	1076.3572060324802
0.8468819694435898	335.291060271719	156.38753169938474	268.20223705709367
0.9423201357274923	667.1430410268972	110.27221078998832	458.31647968805635
0.9471719852566342	263.9390061702202	43.779040574614456	181.37901907186802
0.7044540758662936	573.4434658413487	447.6598914447764	526.274625442634
0.6283806609230179	1324.161478588125	1144.5455639590539	1256.8055106022232
0.9362247884469178	1163.9117644393739	203.85381212951893	803.8900323231783
0.7631106169648888	2016.4684834907364	1231.4116444522572	1722.0721688513067
0.9349424047663681	2366.807469685712	403.32169867119865	1630.5003055552695
0.7715559104000853	411.8128400588559	270.1749755614806	358.69864087234015
0.8998011336978666	132.934699335731	45.768200338201154	100.24726221165731
0.8435814078449406	1526.6119991012238	644.9653210076849	1195.9944948161467
0.7160683764931516	549.4080137214529	418.0488945961506	500.1483440494645
0.6865982021787747	1368.1210361744465	1061.716855558378	1253.219468443421
0.7687240522957146	423.0846042616821	279.80991569661376	369.3565960497815
0.7409386650226911	386.781629079484	281.8632536004676	347.43723827485286
0.8167384765055279	1854.0106916987395	900.9833038531053	1496.6254212566266
0.9105018445130033	1234.642163324338	303.59565733239083	885.4997235773578
0.7472482961660549	968.2474264826969	650.3200670322094	849.0246666887641
0.9461534166867634	417.3230529867315	67.19922597246176	286.02661785638037
0.7725667793907863	1062.2653069515325	649.2229398577301	907.3744192913566
0.8371308289845604	1700.7642803826152	742.3842813812421	1341.3717807571004
0.5723632497052011	1820.345832430473	1667.708733929634	1763.1069204926582
0.9208577702514262	2216.71058886458	463.15874521052797	1559.1286474943108
0.8728914687701804	1474.8582144234747	509.52722199608854	1112.8590922632047
0.9248617439854089	867.7961030840675	183.490117306174	611.1813584173574
0.9293707041860552	429.824689573351	90.839927840813	302.70540392364927
0.9033341635049238	296.1676454826072	89.16686556671125	218.54235301414622
0.9231145499326341	375.4267056567569	87.6129895127157	267.49656210274145
0.8782084252063324	458.8869545355522	166.39705622690013	349.20324266980765
0.9669647257991731	508.0112088469033	48.95796314451297	335.8662417085069
0.8247950857715588	332.38921392409304	175.99387721149313	273.7409626568681
0.8074748153745208	839.8086466966413	449.3836178877077	693.3992608932912
0.8382387747952026	2507.3410752895525	1063.1280749937036	1965.7612001786092
0.8372541047370954	410.8914021329007	199.1680962093055	331.4951624115525
0.8080110500507236	484.6410156962502	269.7513847667532	404.0574040976888
0.5205554377537909	1985.3962220569979	1893.1785154555314	1950.814582081448
0.718474748456654	881.2313215816405	647.5510166909842	793.6012072476443
0.8567265056307606	920.7321883897455	369.68280280424057	714.0886687951811
0.7525061480821892	2091.1879416105903	1323.4324848102608	1803.2796453104665
0.8759396792056432	272.1923194250602	105.86504825228616	209.81959273526994
0.7493265983907998	901.5761372457604	604.1707439388123	790.0491147556548
0.7724963030190724	419.9870069976251	274.16507487920404	365.3037824532172
0.7597955559145666	2515.7151406418757	1537.7649733541539	2148.98382790898
0.8433328176665871	175.10662966275726	89.5198084892275	143.01157172268358
0.7756175019310544	988.2673153798022	599.7395876772886	842.5694174913596
0.9473912823939169	555.2214786785354	84.99883005515667	378.88798544476833
0.9580703220165748	994.6685983568825	115.16909907890494	664.8562861276409
0.8466831222964133	620.2826069526011	274.25840175929346	490.5235300051108
0.9294031210974557	246.67821116981014	55.27825736925776	174.90322849460298
0.571304345359111	1544.8531636706546	1423.3035588509845	1499.2720618632784
0.9380229015016912	124.11860030057937	26.683225458513995	87.58033473480485
0.9467461897171932	908.0104267891786	134.97389686775028	618.1217280686429
0.9501092304757681	1802.3185385738666	238.71766755266515	1215.968211940916
0.58072630023119	1578.1646987501226	1439.3834580636121	1526.1217334926812
0.6263833581829588	935.9173048530168	822.4944758562423	893.3837439792264
0.7999810050003408	2135.6115748608872	1117.4050686023775	1753.784135013946
0.8555328978388559	1145.4339567212523	456.48029040162965	887.0763318513939
0.8622901004356626	2920.564917713888	1048.593380795567	2218.5755913695175
0.7345699993862799	428.1216724911184	315.3689094244314	385.83938634111075
0.871942740923323	2482.848545660053	837.1483340651623	1865.7109663119688
0.9009126179200204	270.62714507413233	84.34902557338539	200.77285026135223
0.554490089882168	1592.3334047518551	1488.271060379397	1553.3100256121834
0.839212789182675	666.1250492260451	306.4418689128245	531.2438566085874
0.6626821659975162	2254.3975945594834	1800.347547239439	2084.1288268144667
0.9067312913415065	506.06564578491486	139.40416537748706	368.56759063212945
0.7807103263826379	574.1986127472907	354.64385415905986	491.8655782767041
0.868089964720491	165.82535891247196	72.51923890202303	130.8355639085536
0.6709574050259866	1053.21173614024	854.8579654318611	978.8290721245979
0.8710210284028688	274.29567452948913	110.71433684555106	212.95267289801237
0.8873581888549288	321.37768856054595	111.70091814318855	242.74889965403693
0.9058974110251828	2848.8402630194614	699.0835936419276	2042.6815120028862
0.5960178788897675	1655.9317377584066	1482.5656804209666	1590.9194662568666
0.7291870214280266	750.7600092208901	540.797405614121	672.0240328683517
0.8911632231258918	473.5825844165649	153.14921840431663	353.4200721619718
0.8186259357549966	582.1469207661286	303.13355876422054	477.5169100154131
0.9690081298330504	189.53847718538702	19.084107251567588	125.61808846020473
0.5765047732276826	1296.059236622827	1194.214726613619	1257.867545369374
0.9818297022246883	167.80705708731557	10.012075463785322	108.63393897849173
0.824783268250954	273.8515013369733	147.78445723945168	226.57635980040268
0.7291337208420481	1833.8440405706262	1258.0836458451574	1617.9338925485754
0.7341296955443776	377.4159572370121	280.97342673719584	341.250008299581
0.8013986276694617	419.020869081336	243.36249637546592	353.1489793166347
0.8568218751082601	2304.9349480780616	871.4839297705781	1767.3908162127552
0.91403962855028	580.5025990750241	145.47996142200577	417.3691099551422
0.8651717859436069	209.40495499699603	90.92750539454791	164.97591139607798
0.8478382066854302	528.998812465469	235.27017508155262	418.85057344650033
0.9952252170485961	340.0425028890693	4.863780862384715	214.35048212906258
0.8532925573724601	1438.9609713921445	573.4319362191524	1114.3875832022725
0.9278352890791289	632.9183426155402	131.90166137989397	445.03708715217283
0.7896004750949499	339.8492468347017	211.37976254842292	291.67319022734716
0.6078573298730765	1265.261351952407	1126.599778625161	1213.2632619546898
0.8887017553815769	259.10573426183595	91.0676029580505	196.0914350229164
0.678321236888009	860.5673374754863	695.191690826719	798.5514699821986
0.9172392655187478	122.68560480773604	35.32961950665068	89.92711031982904
0.7479991238246497	1858.2955631880577	1200.9694321180095	1611.7982640367898
0.7966668014847977	885.4873067920059	496.1000971115088	739.4671031618195
0.6256287100426362	1673.3967622735793	1439.7681129865161	1585.7860187909305
0.9340894174464134	2420.8491107297646	417.5118931340927	1669.5976541313876
0.7788972589512526	325.9742595152328	212.24412304949556	283.32545834058135
0.9682708445670994	147.81692496841958	15.756785251524107	98.29437257458378
0.6656632004311214	781.106365797685	649.7481763425945	731.8470447520261
0.9806588493505483	111.86251976963844	7.5358331606310145	72.74001229126065
0.611751652326344	1862.8316365250491	1628.6086849422925	1774.9980296815154
0.8731302168136639	231.24615696009593	93.6101413657764	179.6326511122261
0.8597886820112954	195.2886281122519	88.75768740571834	155.33952534730182
0.9102844551340792	365.9087027662541	99.99545418127045	266.19123454688525
0.8264656199283944	919.2987176624922	443.81835841533217	740.9935829448071
0.986948767632344	616.564738654545	22.87928428582194	393.9326932662739
0.8455636052845662	1591.5493718101357	662.4388850257424	1243.1329392659882
0.7703881220353528	611.7504171460812	391.0949687256984	529.0046239884376
0.790850983638755	1504.1949838446585	835.9441775277287	1253.6009314758098
0.8148621695516922	488.9751895808086	263.1427920175009	404.28804049456824
0.6423247433332261	2078.5004209767253	1727.893662094721	1947.0228863959737
0.8859218396983183	360.1213310198448	125.28610380975361	272.0581208160606
0.7758286259187214	614.1462952942495	384.6159794164404	528.0724268400711
0.654393178720801	1806.4016383140531	1477.9944840125788	1683.2489554510003
0.6374677291903439	872.8891830408319	757.0830810103995	829.4618947794197
0.7950008180497173	2501.2442852789513	1327.276856280841	2061.00649940466
0.9980121611591047	2028.2334927512388	10.387760464187181	1271.5413431435945
0.859386852492626	527.747525092973	217.53767139763045	411.41882995721954
0.7736489513955309	893.0948818741385	549.6679222065125	764.3097719987787
0.9280781414702615	1668.9033157775757	322.23735452890253	1163.9035803093234
0.7711562044401665	525.0838349272166	338.5374771489006	455.12895076034806
0.5582493100637231	1370.4891860291375	1281.9770154382102	1337.2971220575398
0.87257296381581	293.72610392740165	116.34095150056454	227.20667176733772
0.5577431368178503	1537.4075218042926	1434.2749660303994	1498.7328133890826
0.8700079019939833	803.4181790751071	296.30351354928564	613.2501795029241
0.7742848267365069	274.6979335181637	184.72881438965527	240.95951384497306
0.9013661993696294	659.6292678660592	187.78789020580396	482.68875124346346
0.8755868478560087	252.33376444011168	99.23635775009649	194.922236931356
0.9845637128766257	553.4567075047793	24.516974008087914	355.10430744352004
0.8766854208790614	623.286044155498	222.72454283627994	473.07548116079124
0.6694268684957545	899.8694840124476	738.0889895094747	839.2017985738328
0.9016164558130002	605.6223946843976	173.1870008589643	443.45912199986014
0.8772009593053182	203.84355561343284	81.1050173028736	157.81660374697313
0.7616964377456233	859.6093510138386	554.0648007081235	745.0301446491954
0.562686579339652	1904.848139204726	1759.2885509162052	1850.2632935965307
0.9590246727911491	165.84669502807935	22.53355633774352	112.1042680192034
0.713197339640677	2182.7183085737634	1553.459329715729	1946.7461915020003
0.9266232000649631	940.0879907137246	192.9633331640021	659.9162441325786
0.8587201306017181	1416.1225268208782	544.473259146435	1089.254051442962
0.8785133872296934	2308.7572623795113	741.3655157421537	1720.985357390502
0.8271193725854411	1315.9542303844933	617.9536345066986	1054.2040069303202
0.9366601688726736	216.93804580335603	44.249581745233684	152.17987178156017
0.9668177182841591	255.87928945367992	26.605484976146087	169.90161277460473
0.7614006033041499	2476.1405268752615	1505.937445571767	2112.314371386451
0.6412938470728937	1381.5895648885426	1168.578937372161	1301.7105795698994
0.8143367248368314	242.01971734124226	139.34478964706324	203.51661945592514
0.7630432064379467	929.0083688479983	593.0356145239177	803.0185859764681
0.8552175707893787	377.90897048684235	165.1832416831371	298.1368221854529
0.8443470086540257	436.96619884074596	201.95015364554072	348.83518189254397
0.6856215430566789	1229.5037065332629	960.9919730136114	1128.8118064633936
0.9905328320357312	540.4549499295651	14.686149754896462	343.29164986406437
0.8004839373962693	2541.684966900718	1314.4220415402885	2081.461369890557
0.7496473304596489	356.52339164491576	254.67855833218272	318.33157915264087
0.8280716231391312	832.4277729967714	401.20328474799436	670.7185899034799
0.7632990818311916	339.24899044384784	232.77724141202526	299.3220845569144
0.7740155761603188	1376.5820357429018	823.7623790518244	1169.2746644837478
0.6544570402508504	2194.1775148553766	1781.661632956128	2039.4840591431584
0.9641409411463159	879.849061361023	87.81382554437164	582.8358479297788
0.9828510077134178	379.16324226424837	19.40561925565686	244.25413363602655
0.5936072016949527	1217.3268987452077	1103.893626046479	1174.7894214831845
0.9529004285236905	820.2103856070419	108.514435125523	553.3244041764723
0.8745188312903788	316.3968596552745	122.49258146794895	243.68275533502745
0.9236555876129383	391.01802794754957	90.23084780450432	278.2228353939076
0.5836614438988869	1394.6006280675833	1272.8268641714035	1348.935466606516
0.9626646842859117	157.29067320458972	19.59085986226691	105.65324320121867
0.7650689423812792	300.35369438318617	206.99267983136005	265.34331392625137
0.7531694027100913	305.98309566592974	218.91804735734712	273.3337025502113
0.7835633663286078	1023.7143780073027	600.5559330449889	865.029961146435
0.6852748478694652	738.3025373136916	592.6882875366828	683.6971936473133
0.8753792032727586	337.64159444175385	128.97057810616735	259.3899633159089
0.5177188950227601	1986.5252919052896	1897.6554889846057	1953.1991158100332
0.9124771381577848	412.4513365853078	108.67179367538532	298.53400799408683
0.7119784328304517	873.9565798414435	653.4470635578805	791.2655112351074
0.8627392161730875	560.0328722963391	224.3222328797291	434.1413825151103
0.7046540204888126	523.1019785073503	410.5271867125106	480.88643158428545
0.7144019851668361	1231.8480335976435	898.3555217326477	1106.78834164827
0.7138517339455869	392.46372450252795	307.16207930067276	360.47560755183224
0.8827001044426661	916.1789812410726	302.1402529212886	685.9144581211536
0.5863080884922192	1695.095585212995	1533.5137745392344	1634.5024062103348
0.9568089874609466	2872.1775212600105	319.21645251619293	1914.817120481079
0.7951372717474514	429.2753945604783	255.72688435359487	364.194703232897
0.9621308111119329	165.57240239723774	20.77681640997936	111.27405765201584
0.8326817008756986	406.88481728194915	202.59289135316536	330.2753450586552
0.9094033594845697	311.75520662454255	87.49653196028137	227.6582036254446
0.7753128329564085	319.8345849709846	211.3960453440739	279.1701326108931
0.7026261304503594	1885.7335269544844	1388.6028841821787	1699.30953591487
0.871697060222759	514.9235104129718	194.5107225642262	394.7687149696922
0.9464734488525465	1269.6021322047272	185.02170412270027	862.884471673967
0.8799950325820017	2541.8564021845104	802.2037037535812	1889.486640272912
0.7380255621415499	555.0803164938089	397.49327277016425	495.98517509744215
0.8282491420985981	380.9349758492264	195.52989150335014	311.4080692195228
0.9700535844317376	875.8868204699435	72.88424781066544	574.7608557227143
0.9091385390450915	193.01408491198487	57.40463303496655	142.160540458103
0.8884338335404468	1933.6225935623681	576.4209767636419	1424.6719872628457
0.769314701757361	342.6951624245195	230.0905424927472	300.46842995010485
0.7285723632098579	359.63691519647904	272.8179018416087	327.07978518840264
0.6252625380406358	1733.2583253595574	1490.2320429336612	1642.1234694498462
0.971743653896269	1116.0436062575807	85.97537958675684	729.7680212560217
0.9645819323473249	485.4392831119693	50.414992801865566	322.3051742456804
0.717740710648139	455.7280617071517	349.60803564153343	415.93305193254486
0.8933844181067643	1385.214436492659	403.0466254568297	1016.9015073542229
0.829365346739673	214.77682456352616	116.05454214786758	177.7559686576542
0.7249102962594587	903.555681304893	651.4902106060157	809.031129792814
0.9053401909062623	414.66705308273265	118.15313902237259	303.4743353100976
0.7360037921895387	801.6347584885318	563.9016498579108	712.484842752049
0.9016307498509839	217.45394903664	68.99163795403828	161.78058238066436
0.8315080664963064	300.6338664071206	155.0433235489591	246.03741283531002
0.8807168649685614	437.4040625197474	156.07287731993267	331.90486806981687
0.9148416932287	1310.9336515414882	305.2411175769473	933.7989513047853
0.602355089837824	953.7231799412637	863.6268323129905	919.9370495806612
0.6236773516797735	829.9859882038859	735.7753886559515	794.6570133734105
0.5831705201175189	1299.9936163639654	1189.6937369152865	1258.631161570711
0.8866910712942818	673.4876544660723	219.90779941124708	503.39520882051283
0.6742413265242095	953.6107448096304	772.6870663538148	885.7643653886996
0.8229433304503831	559.86174939481	285.9697565569745	457.1522520806217
0.9080656677237046	261.38499226905896	75.89547939065609	191.82642493965787
0.7172537085915639	1338.1679668244817	964.3974129559405	1198.0040091237786
0.9176885606132769	213.55981230135438	56.81827964150973	154.78173755391262
0.701924422816796	429.4282165134693	343.4607363762753	397.19041146202153
0.5641859169036253	1343.5395645789351	1251.0041498618468	1308.8387840600271
0.9635325716130356	173.12935235113986	20.788784142733334	116.0016392729874
0.6158958737982179	853.6801989555325	763.649146701426	819.9185543602426
0.7387742723030328	341.87946453851697	253.10407591869327	308.5886938060831
0.9571633346613835	1528.8121887252375	175.36387280699978	1021.2690702558984
0.7095691336573645	466.74588232982745	364.74267008764735	428.4946777390099
0.8556874586336097	478.90349535224	204.19010782639344	375.8859750300475
0.6145500826547075	1641.4122190610349	1435.6392238491915	1564.2473458565935
0.566037186741987	1345.7432575985038	1250.9187636269646	1310.1840723591765
0.8199604372508426	670.9951498471303	343.11953537372	548.0417944196015
0.9481239814193237	195.30883554357914	32.96833060065839	134.43114618998385
0.9318551332540842	1155.4990542376765	216.5553001387932	803.3951464505953
0.9108984023858362	2736.297623830478	636.9831602660813	1949.0546999938294
0.920775032235307	2138.4392925916563	448.40131717625843	1504.6750518108822
0.7890716954245738	1340.9505255277309	756.1100803453493	1121.6353585843376
0.8280036683289976	1132.9101972293965	534.6083292241997	908.5469967274478
0.9655036067066156	292.5200247524198	31.154622719414363	194.50799899004275
0.7371470598650091	581.8845443497391	416.42287242023946	519.8364173761768
0.8188185742127425	384.74438233742467	207.25270625820178	318.1850038077161
0.9829293366328773	1175.547236061007	54.16710302842364	755.0296861737883
0.8040464246012031	1746.946673166547	906.893416151303	1431.9267017858306
0.7611253803594682	321.06911954564345	222.96238122918243	284.27909267697055
0.8109810857638283	269.02539208761254	155.7316380804842	226.54023433493944
0.9285241000882553	271.9781045221365	61.03716850368711	192.87525351521796
0.6828088732591454	799.5492714488682	642.4359667184219	740.6317821749509
0.8820022417969959	349.57576769028503	126.11723133895663	265.7788165585369
0.8003529372872149	235.3146444576431	144.83344412217656	201.38419433184316
0.6452341094042392	1483.6008876296473	1243.1366998500612	1393.4268172123025
0.9704191195863221	207.4863018013616	19.698324887996606	137.06581045884974
0.8709149247611047	431.2659957594629	166.51868582040964	331.9857545323179
0.9617043178315766	450.2852496527126	50.95573118710246	300.5366802281088
0.7687185412758128	321.08658136758424	217.24699602701392	282.1467368648704
0.9593547552780891	170.06599576949174	22.84307507042668	114.85740050734235
0.6316907218089117	973.5832827149328	847.7446811832689	926.3938071405588
0.988301030289486	156.54109421114475	6.062212754323497	100.11151366483678
0.8006624808714488	416.4821321359639	242.80569809376055	351.35346937013765
0.6625684648031869	584.2496236673625	496.05463357340966	551.1765023821301
0.6686564637226343	988.7523913428331	808.5202993710409	921.165356853411
0.7098591241310968	512.6669221598914	397.92069584437013	469.63708729157094
0.7711321033391428	316.62163941439456	212.6540664030619	277.6337995351448
0.9687062081834867	3270.0568798459244	260.6085977077464	2141.513774044108
0.7456631753707188	1136.097173061351	759.8427176857032	995.0017522954831
0.7354837060752003	2441.7038022509587	1621.127957045932	2133.9878602990734
0.6379812208579415	904.5123333374123	782.6816639546477	858.8258323188755
0.6794706960554141	510.6563567574716	423.47763878217563	477.9643375167356
0.7210654336327467	859.5206666512017	628.1411256495899	772.7533387755973
0.7980266225851568	392.1372951519577	232.4569773367259	332.2571759712458
0.8169561426450253	808.6160638952042	414.1481308186621	660.6905889915009
0.7478515151803254	430.64589351689847	304.8626841902052	383.4771900193885
0.8081726621033017	365.60541284746466	208.32642774973854	306.62579343581734
0.7805587200985125	698.6862051874843	425.691050337387	596.3130221186979
0.5834443762102877	2091.678302643954	1886.6466625086023	2014.791437593197
0.860473917617308	1108.1751148647227	427.88311935196555	853.0656165474388
0.6077943794509258	911.0821812722164	821.122405750997	877.3472654517591
0.9107467824859994	311.713179429545	86.18447664014643	227.13991588352053
0.59507399159235	1701.1596903623104	1523.48960163636	1634.533407090079
0.8066841168109291	1145.3580137952551	602.4031212930058	941.7499291069116
0.7095274270193175	2254.1256056739253	1617.7021307873579	2015.4668025914625
0.7459952876751644	1070.3570782962386	717.5392239820761	938.0503829284276
0.948192842284145	969.5409054413283	139.45632052273527	658.259186096856
0.7265950592419024	1249.4838368513565	880.6124037270544	1111.1570494297432
0.8265477801609308	575.039724126201	287.5429117796891	467.22841949625905
0.6638442506867744	1099.028597220678	902.4712911967938	1025.3196074617215
0.814756573341841	511.46313525596577	274.3626455146541	422.5504516029739
0.7999118704747893	357.3481596109585	211.81965758606594	302.7749713516238
0.7830575559618402	715.9567789196838	431.17113673313384	609.1621630997275
0.9589011284432699	188.66233716050994	25.275425704777234	127.39224536461018
0.6516813594690457	2001.2408256772362	1638.9742584652083	1865.3908629727257
0.9554103494023474	262.69716744876996	36.720344162710816	177.9558587164978
0.7288443270395087	1611.612312851929	1113.6800244543442	1424.8877047028348
0.855130753323001	240.87961336817858	110.28612286903007	191.9070544309979
0.7212905280955829	1399.2052259284767	995.0381974023301	1247.6425902311717
0.8828539525865426	532.9421479494633	183.48018209992503	401.8939107558865
0.8067786984487226	425.6880262385603	240.93090689999252	356.4041064865974
0.7078525865935044	755.3699342403331	575.3650231099978	687.8680925664573
0.9903640961486205	132.7821242610299	4.324448839265841	84.61049597786838
0.6651262921512919	2051.3789438558733	1636.30422502091	1895.725924292762
0.6715156341416725	1378.812637714772	1104.2006667338699	1275.8331485969338
0.9021077064771436	2635.056401560154	675.8124059417812	1900.339903203264
0.9114393779862373	405.94604862615205	108.39984074488649	294.3662206706775
0.6022540420151713	1937.007796024949	1712.4923666382795	1852.8145100049478
0.9319302311933256	146.7239015839864	33.85010572770496	104.39622813788084
0.8031215159209614	220.86687169575887	135.17780669209876	188.73347231938632
0.9816866268960862	331.5407608170571	18.374777939949468	214.10351723814173
0.9359470743080188	2072.618907753442	350.79432153118273	1426.9346879200948
0.8614607960265285	344.6765189327927	145.66106702185522	270.04572446619113
0.8745189381974204	242.58578753910552	96.63056264772614	187.85257820483827
0.7645107590935671	373.6717812860384	253.30876906445718	328.5356517029455
0.6387213666487821	960.5553497915463	828.0862199768047	910.8794261110182
0.8608080434754902	374.02761038408653	157.55265535090575	292.84950224664374
0.9167566526571796	1501.79775670784	338.4390601810079	1065.5382455102779
0.6801606423501659	1530.3960455288927	1198.2296993239422	1405.8336657020363
0.9325192346569827	365.54202470556095	74.98328009216806	256.5824954755386
0.8705062617236161	181.87115706832458	77.24644123269093	142.63688862996196
0.927497116130756	589.1402737178238	124.17768535631853	414.77930308225933
0.6946293322521507	2247.9459456241875	1675.0508761939843	2033.1102945878615
0.8609220825323709	1458.200404158685	550.9493325215524	1117.9812522947602
0.8607568648060059	343.16107181094185	145.79694791266604	269.14952534908844
0.8971883490433632	1166.8678506957417	331.3556088103176	853.5507599887077
0.9193542591614651	125.40329938883653	35.07887554532019	91.5316404475179
0.924738925385733	198.64443438066252	48.73387679802555	142.42797528717367
0.8405249715224671	1605.7990463625092	689.1068629381821	1262.0394775783866
0.8586008239841589	804.2162681876559	322.1164696953049	623.4288437530242
0.7642702340230747	1873.6137202084678	1143.5445845223421	1599.8377943261708
0.9179708152609188	2103.8681885714172	457.441119845411	1486.458037799165
0.832176702460436	302.8440879620811	155.49561928877387	247.5884122095909
0.8020669521083076	1182.9274100038829	634.50788605465	977.2700885229206
0.6963775703975217	2043.040867455658	1522.2153288451468	1847.7312904767161
0.6572648081280922	2278.9216557418717	1838.2290918150836	2113.661944269326
0.9729231527978179	2467.81593351254	172.73673941510947	1607.1612357260035
0.8791514106526326	1469.0847465242218	482.81234172675926	1099.2325947251734
0.7799270031789112	624.1748562251232	384.3046801137248	534.2235401833487
0.7267968312326248	909.8848361658712	652.3328922223487	813.3028571870503
0.9441733879449342	140.81869705594323	26.75457528819952	98.04465139303933
0.9646323315183971	120.73027137133158	14.786501770101069	81.00135777087014
0.8509439715019615	244.39714545453123	114.78525157412705	195.79268524937964
0.6486406983756963	933.709637000251	793.2976709117434	881.0551497170607
0.7741489793993129	370.62471460666836	242.92285995091208	322.7365191107598
0.9033958979435781	341.1888449255879	101.15237429847906	251.17516844042208
0.9375733078544881	244.73733880018108	48.47678306840845	171.13963040076635
0.9776386978890219	340.0651013953742	22.98174067029791	221.1588411234706
0.6453131431202072	1045.1746324692722	888.4721578802308	986.4112044983816
0.8913453198556579	623.280122670998	196.3815264937463	463.19314910452863
0.7154297202934656	1208.1611547355553	879.5870239656807	1084.9458556968525
0.7897533210661394	335.519962482662	208.79859330346412	287.9994490404628
0.8599925760460522	458.2128627751017	190.45207575095287	357.8025676410459
0.6935934727874284	476.81318693500407	385.79784183343577	442.682432521916
0.9818520356748544	122.48509425163908	7.640089635851496	79.41821752071874
0.7898345751304352	1459.9008294346643	816.3266312220956	1218.560505104951
0.7070800096897757	541.7423588015548	421.7955828982808	496.7623178378271
0.6729276061523832	1276.3466695775135	1022.7337493967364	1181.2418245097222
0.7210911386209865	1167.1505740091284	838.4199877891222	1043.876604176626
0.7916834375965028	749.7465376958273	434.2499679085313	631.4353240255913
0.7785138129618596	966.2741758889086	580.6635412747322	821.6701879085924
0.7742333349707279	264.0545736912468	178.25156809342127	231.87844659206223
0.8592137732055192	184.21274418883505	84.64185664864593	146.8736613612641
0.8680092401468682	210.48775315268682	89.48854440917201	165.11304987386876
0.6745606435573402	1053.6546767192174	849.11440792483	976.952075921322
0.8372251940675278	1895.1861500331604	821.4185124728817	1492.523285948056
0.7576877821449505	2192.886402651012	1359.6509594678582	1880.4231114573292
0.8440232077790619	277.65149814345006	134.3150494361285	223.90032987820447
0.8126265764607622	309.4567669459296	175.33244694072658	259.1601469439785
0.8203210963783595	462.5118469419107	243.31955470463413	380.31473735293196
0.7587509714447181	1364.074521337874	863.991066322816	1176.5432257072273
0.9909335256022832	224.60780459547635	6.417115361046612	142.7862961325652
0.5724300513093561	1406.592737158574	1298.031689026213	1365.8823441089385
0.7560952463066554	298.5885041332061	212.0863338153971	266.1501902640277
0.5561852593166706	2017.290334044514	1871.4123685655431	1962.5860969899
0.5809198598417178	1119.615040702887	1031.8128016201333	1086.6892010468544
0.9727411593768756	318.65165961425583	26.50543292900818	209.09682460728797
0.7767748184374135	2328.678835691534	1339.8107495515474	1957.853303389039
0.77683872894792	528.656991085167	333.5046168470421	455.4748507458701
0.7094672701020399	808.3001903772116	610.8593601488991	734.2598790415944
0.5970324194376339	1804.0923357340012	1608.951677025128	1730.9145887181737
0.7098971871115967	645.8473702991602	494.06600061558026	588.9293566678177
0.7414952103729985	766.5159192564456	531.8221177268758	678.505743682857
0.667308169258727	549.6957272994176	464.35128643571835	517.6915619755304
0.8114048035472566	1057.4063568762253	546.4968050743955	865.8152749505392
0.916941452954813	1434.14097979394	323.48284795174925	1017.6441803531186
0.8488392336128671	321.28172485953723	148.6503257876568	256.5449502075821
0.6368357733907544	1285.55001085913	1098.2228474336484	1215.3023245745744
0.7339997696362845	948.4230231710296	664.3954699694675	841.9126907204438
0.765794445365322	949.9776286238347	599.6171276948422	818.5924407754625
0.8427241002990248	178.4436079856671	91.34817114700269	145.78281917116794
0.7163839579298275	894.2559738732648	660.1928513734006	806.4823029358157