0.9497951231782062	23.136827686321254	5.7488570226537625	16.616338687445946
0.9774757392492553	673.4721046139657	44.03979719531827	437.4349893319729
0.6898547557056974	252.573057448682	216.48963882295214	239.0417754640333
0.8539399336203888	529.8592520998135	231.22468993722666	417.87129128884345
0.739473814464929	87.12353556961364	73.99194222133556	82.19918806400936
0.5479407482502353	630.9289390186765	610.1690319984726	623.1439738861001
0.9429412585800898	93.70610679859882	19.569633851173172	65.90492944331422
0.7447681215618422	117.21105003375718	94.87948196610688	108.83671200838832
0.7031390299387331	246.07402013101145	205.8217240634049	230.979409105659
0.8095011661618189	87.46110872142343	58.678723933840196	76.66771442607973
0.9770051008451412	149.84241397036453	11.686653209317669	98.03400368497196
0.7405547448496772	95.99791661854664	80.35604921468294	90.13221634209775
0.828979357369213	96.39654570593092	58.172447543671495	82.06250889508364
0.9981649196551893	8.488970007822328	0.11963597766184275	5.350469746512145
0.6896427408987172	99.81293798388364	92.63726878780676	97.12206203535482
0.7568116808263698	401.7582800111143	281.6570253883745	356.7203095275869
0.6122439503299231	358.8902357014734	336.47183764071923	350.48333642869056
0.9484889094563552	93.94774635739802	17.690728840303514	65.35136478848757
0.6754805440892001	382.32289886333064	327.73515001936374	361.85249304684305
0.6220684164158904	207.96435382424767	198.6233513349788	204.46147789077185
0.8966463124089472	26.753731229609045	13.03562295271859	21.609440625775125
0.7549747332935889	62.60601666669244	53.45960324330822	59.17611163292336
0.9782472612881769	53.15898252905396	4.636718081637152	34.963133361272654
0.865664663624974	179.68688672732102	80.27627127275807	142.40790593185991
0.8471317857164865	56.00942440132699	33.31567865797437	47.499269747569755
0.8582980913226309	99.21726353659325	50.280150661002	80.86584620824652
0.6919117392039403	602.904682209901	488.2542177082325	559.9107580217753
0.5756962635979433	380.7697343221353	367.5096234373826	375.797192740353
0.7860007630493603	148.26516167837485	102.57524980684113	131.13144472654972
0.7090650915120512	153.6542818266997	131.79861274357958	145.45840592052966
0.8262424727059968	153.26173553141552	88.49685026401731	128.9749035561412
0.9494708648057189	22.766919290610396	5.721979090738191	16.37506671565832
0.7132272384412838	427.6776679323696	336.96546396233674	393.6605914436073
0.8809149452708173	732.1500832792192	255.37256211041313	553.3585128409169
0.9722487734469747	32.3669871510516	4.032294368035313	21.741477357420496
0.8966008450302477	58.675197666310446	23.960954818367533	45.65735659833185
0.6987407995477517	373.9857784871577	306.92599104473544	348.8383581962494
0.9011275071907352	68.19704010224584	25.957469202478126	52.357201014832945
0.8020017885851148	377.4257928830856	224.11475568281196	319.934153932983
0.5678580306068385	380.74590325389363	369.50148920700997	376.52924798631227
0.9504209720369087	21.96667989237728	5.477481266849967	15.783230407804536
0.9889585548456682	257.5908717542007	8.997992741545616	164.36854212445502
0.6740120094725813	271.2513254480209	237.98146979784877	258.77512957920635
0.8020827612041109	38.60605311121068	30.81998925400242	35.68627916475758
0.8678430313416167	109.04670930868838	51.07545474534984	87.30748884743643
0.9961851637826111	9.159870410934435	0.255440735356939	5.8207092825928735
0.7911542838069697	201.87022257578957	132.64475180677522	175.91067103740917
0.97491129110836	33.09013259391206	3.703410074028115	22.070111648955578
0.9012004642130482	35.79898963053522	15.495883966601003	28.185325006559886
0.9205754919323907	594.4919589393199	140.5243278673	424.2540972873125
0.6854897878189514	239.5042464050697	207.69711067523838	227.57657050638295
0.7441664281313749	202.5497011983518	155.77157067984936	185.0079022539134
0.96766059456195	47.38329393457497	6.310517769223615	31.98100287256821
0.8423247522871801	46.983351916127525	29.689801136380332	40.49827037372233
0.7184491741410886	228.01108178987948	185.44615155290376	212.04923295101358
0.811443057162257	80.8943488371014	54.40679466907351	70.96151602409095
0.8600779322808454	350.46439029189935	152.02984386642476	276.05143538234637
0.537084626232458	390.983327418353	386.26832183030587	389.2152003228353
0.7468276405293756	472.1199963737427	337.64633023296227	421.69237157095006
0.6716298748459091	444.50304857591965	380.4072207103131	420.4671131263172
0.7707852708960242	95.21152127709173	73.11852313899946	86.92664697530714
0.5327953487638144	623.8141242621404	608.6180721102231	618.1156047051714
0.7842021770118581	154.89645566236612	107.38343407798475	137.07907256822313
0.5794704482361966	261.9393272369658	256.43130220195485	259.8738178488367
0.8812417415383762	350.9084698620916	129.79335626340864	267.9903022625855
0.9591298825785944	43.709181125538805	7.499987825963817	30.130733638198183
0.5306924545499243	486.6211645557259	478.5257732778346	483.5853928265167
0.9596007231961883	49.87597781761289	8.227230566302868	34.257697598371635
0.788707519070426	63.39700381963067	48.471365029992796	57.79988927351646
0.9801775295876712	7.678707590060241	1.2756099320114958	5.277545968291961
0.5326708917534178	497.10801627177335	488.04719691858946	493.7102090143294
0.9185976386795992	19.88972138894993	8.411601000144787	15.585426243148
0.8877886977995925	96.95582580235897	39.4710839793167	75.39904761871811
0.9059180269456606	15.5307249101471	8.354291666529477	12.839562443790491
0.762381429312912	210.4753291653628	152.72176709866105	188.81774339034965
0.6571188176328249	136.28098616920292	128.87115881155918	133.50230091008652
0.8401904727665538	106.18856307095399	59.53455955413904	88.69331175214839
0.723633729833485	201.67288391127883	163.63861430904123	187.41003281043973
0.8336474969734716	178.11125703731867	97.24277434489463	147.78557602765966
0.7352801161706735	240.63661645490143	186.8843504045665	220.47951668602585
0.7355385079768121	364.7953566414471	274.37631232846167	330.88821502407757
0.6871866620315645	660.7800814687298	537.7929810851911	614.6599188249028
0.7564264039393049	46.37071908483112	41.943277080980934	44.7104283333873
0.7064608949224646	107.32110813664052	95.77254051671498	102.99039527916844
0.6914687014927718	91.18327710154611	85.32788634542172	88.98750556799946
0.5309939304980061	444.3259589007061	438.1625919447277	442.0146962922142
0.9209251074231741	884.5381825370957	201.88792284845886	628.5443351538569
0.7835006001331414	233.9866193083974	156.18468030317888	204.81089218144047
0.5890091703433571	446.92096580444354	424.28545503691237	438.43264926661936
0.6791288197254324	321.96296289975805	277.0312518072043	305.1135712400504
0.6540235034133345	193.87292862661067	179.14892319791332	188.35142659084917
0.9567662606374537	8.541862289054432	2.917808104614644	6.4328419698895125
0.930181136957458	27.52949375057976	9.04884288536548	20.599249676124405
0.7634377843860162	473.107683497813	320.73559730683985	415.9681511761981
0.6903065524548583	124.14897930838069	112.49443754089867	119.77852614557493
0.8769193429589316	294.85431136163703	114.8309692834221	227.34555808230644
0.9706799634593795	6.6537450348596145	1.9039257153715243	4.872562790051581
0.7809073018489444	127.62313631126855	91.45866639879495	114.06146009409095
0.729591756046896	255.3245915117003	200.32187628193162	234.69857330053705
0.7718002336831031	65.44710922131198	52.755720101076705	60.68783830122375
0.6919310283842995	122.94630850830085	111.19157703178273	118.53828420460655
0.5922496484407312	270.02986312039127	261.2284386460243	266.7293289425036
0.881109237188063	19.980651302897716	12.229427067255958	17.073942214532057
0.688053121764203	194.70385663818436	170.59317396049593	185.6623506340512
0.7470156093580105	281.6995176528411	209.07579565541954	254.46562190380803
0.9957383094796372	23.85153810400164	0.49180978277554566	15.091639983541853
0.9522940127526698	316.87461547993234	47.39725803971896	215.82060643985233
0.964237543319636	536.0797101789935	57.017941213600636	356.43154681697115
0.9796868669166084	46.20202787541145	3.871712498072199	30.328159608909232
0.9457451461656589	28.701797010736435	7.247814252017015	20.65655347621665
0.8385514160159511	216.37043079502945	112.57210675192694	177.446059278866
0.9756781029680996	44.33585105803445	4.493730495339218	29.395055847023734
0.8088334162178776	29.73424250620208	24.838978682940926	27.898518572479148
0.9936330786111655	531.5299344396986	9.954592933986874	335.9391813750567
0.8500953266087213	36.206993162612655	23.122039096597355	31.300135387856916
0.6862367358296143	206.62296849267352	180.82463347546297	196.94859286121957
0.7690179737928484	86.00664285278546	67.29330093389743	78.98913963320244
0.5753849647269786	333.40078158185406	323.56906966705196	329.7138896138033
0.7570752754864774	252.05007901676115	183.0974792318531	226.19285409742062
0.9354296188591126	166.3258910394199	36.317590154270604	117.57277820748891
0.7576584996808708	150.4737234392717	114.39766646834599	136.94520207517456
0.8382157807710091	44.885117769460436	29.277373812989065	39.032213785783675
0.7100100992062298	117.37788313863024	103.05401322701013	112.0064319217727
0.9308675073128042	79.39018181903879	20.64719109837236	57.36156029878887
0.8562223241204443	111.79465402231008	56.48859880546513	91.05488331599322
0.95092590991015	148.17494603828328	24.895798784106688	101.94526581796705
0.8607431969544531	286.49523706607573	126.08917210795039	226.34296270677874
0.7895169470438247	166.27265619457143	112.13369038125073	145.97054401457618
0.9137288684804624	361.91763265587986	97.15774015878873	262.63267296947066
0.6265662422264257	157.42452822144085	152.88572011590904	155.72247518186643
0.8876866234140872	283.1051740405842	101.20890007574816	214.89407130377066
0.9995546441022889	225.51973761942094	0.3213107438667322	141.0703275410881
0.860808849844597	43.99918973673938	25.180298505600618	36.942105525062345
0.7742926757462496	45.27425706030641	38.70208893462015	42.80969401317407
0.8471988920311259	288.2823413294901	138.47317133298841	232.10390258080196
0.9193224882192024	87.2431182184865	26.0784025729035	64.30634985139288
0.7771233004043338	44.85791013689314	38.048906037963434	42.304533599794496
0.8198732046209469	254.9317486805668	144.12209922888817	213.37813013618734
0.8387969166529236	82.89041915383828	48.502692040214406	69.99502148622933
0.6494538597223881	266.6309352550574	242.97932880906214	257.7615828378092
0.9977305180069589	23.270236188523675	0.25716820182257827	14.640335693510766
0.8943425937200327	314.0514595825911	104.61404947659234	235.5124307928416
0.7505167848697271	149.50312206641274	116.15214375944775	136.9965052013009
0.8678426900505861	74.36399536335392	36.8759651553529	60.30598403535354
0.8161404506759826	70.50307652773994	47.389518851079686	61.83549239899234
0.7533823527900837	177.52243606487258	134.5316200474636	161.40088005834423
0.5020573104410422	626.7058484720061	619.7888180704418	624.1119620714195
0.9756192969284423	12.759198778799828	1.915915467480506	8.692967537055083
0.6399440855633053	300.8254338020125	275.69716051471573	291.40233131927624
0.8181949322464932	58.10888978794767	39.926631748632765	51.29054302320458
0.5993525391394905	371.9310376062826	352.4873221498347	364.63964431011465
0.8083765523496557	48.00175750619912	35.65282031950354	43.37090606118828
0.9365661928619523	128.22049611233308	28.45665481547094	90.80905562600977
0.7603534526898693	83.16746091138467	67.1174467371381	77.1487055960422
0.552450285452099	475.096574143124	462.0556262116933	470.2062186688375
0.7559362929183007	277.80168367817754	200.91076228830443	248.96758815697513
0.736192058214424	65.98785863381025	58.74962814914564	63.273522202061024
0.7915068808989387	50.07587270198499	39.459099579277435	46.09458278096966
0.9008039638645918	593.1594931756065	175.3779675284593	436.4914210579263
0.9119054192044883	912.2714876768273	231.67117838632163	657.0463716928876
0.7032262666219653	186.1560066198333	159.01378582080673	175.97767382019833
0.8408618235100155	53.33850682370023	33.17478228886657	45.777110123137604
0.85001339070437	27.660160351315366	18.941102340164694	24.390513597133864
0.7432688348338887	117.48650416738731	95.45942211645074	109.22634839828609
0.5645269587522395	564.2796147541144	541.5903243290413	555.771130844712
0.967859369018331	69.28120399597466	8.52378094561984	46.49717035209161
0.9273583097647932	347.46243911845784	78.75075800409905	246.6955587005733
0.7808522544317132	150.38115112467932	105.87214468087461	133.69027370825256
0.8328894096825477	68.895133445419	42.819258562912935	59.11668036447923
0.8017458865734475	44.62922147576354	34.563785549543	40.854683003430836
0.8193495537433447	216.89376060561762	124.89767113402337	182.39522705376976
0.5483263822384062	531.3637975441088	516.2769006691894	525.706211216014
0.9039400606570125	599.3349404423254	171.45272590079674	438.8791099892522
0.8683861054868888	577.18281862652	226.17320018571192	445.55421171121696
0.9499776538978772	82.96821201814443	15.471473039423074	57.65693490112392
0.9049276440620276	28.834395606807696	12.692592422714668	22.78121941277281
0.9459168571982857	730.5731659638861	115.1197880321676	499.7781492394917
0.6452363994450513	336.44905302890936	304.3914089559405	324.427436501546
0.519412313185319	625.5749834633455	614.2402150012695	621.3244452900669
0.6954706066364802	242.85690626213076	206.49434311082146	229.22094508038978
0.662061810179345	557.8862635270887	479.62294621052683	528.537519533378
0.8604239754320981	37.687650828910606	22.35640196971245	31.938432506711298
0.8249178464156298	118.26315432156984	70.92352895080917	100.5107948075346
0.8068773314197437	157.08472450131066	99.18241410199627	135.37135810156775
0.9062290157039238	43.36942919606789	17.091891287232635	33.51535248025467
0.6480884922131948	334.83408543428556	301.83076689378476	322.45784098159777
0.6131032637413005	541.3715807875625	498.3139955852092	525.22498633668
0.6885362755935828	124.47790186858718	113.1094872152607	120.21474637358975
0.9751597973949817	7.393633782543791	1.5973020710070078	5.220009390717497
0.9709052744358706	51.98934052681839	6.1073876597901275	34.78360820168279
0.65526066144837	245.8254256043803	223.32742211723092	237.3886742966993
0.6229275995545268	160.60812159853816	156.50323335208498	159.0687885061182
0.591376456997001	374.4375695234245	357.24011291500847	367.98852329526846
0.6622307876145876	312.981355995091	277.41438336250746	299.6437412578722
0.5895746849295613	229.10643308513272	224.3216224786181	227.31212910768974
0.8922831075287537	618.3038758720215	197.77572958731776	460.6058210152576
0.7487416855887059	134.6297329462445	106.24050253130491	123.98377154064215
0.9207348111468387	86.32641509080852	25.39582936697354	63.47744544437041
0.8058793668698702	803.3248648431581	443.49423655172967	668.3883792338725
0.9015431421991542	18.86824622946085	9.809769561725595	15.47131747906013
0.8687583389468283	122.81709169598021	56.241991271844554	97.85142903692935
0.7210780230384671	243.47750720614118	195.80664265597437	225.60093299982864
0.8065756062013092	67.73345802889263	47.77848454097236	60.250342970922524
0.873780750736649	209.6437556763275	86.70479749338062	163.5416463577224
0.7186763746175563	85.96947837240967	76.7621084015343	82.5167146333314
0.6568845439420343	117.45374571880033	112.95030803480857	115.76495658730343
0.8584440199461881	268.82571448968076	120.93247197644125	213.36574854721596
0.7906155347629004	98.45281677873572	70.22467183298181	87.867262424078
0.9832258382442942	844.1805059440326	40.27357382082653	542.7154063978303
0.8261122858620659	80.21933881380548	50.41982984930548	69.04452295211797
0.8351467450839419	546.2492421947379	266.7010758721958	441.4186798237846
0.9593235979861455	54.625134909974754	8.909931874950864	37.481933771840794
0.723458279950709	93.66884531913243	81.90561970266381	89.2576357129567
0.9799307870368085	484.49110131451096	28.980019627945694	313.674445682049
0.8240274115001135	657.3172699754068	336.4169736430332	536.9796588507667
0.8742862633792707	321.23997534536664	126.67680669180135	248.27878710027966
0.9259179057577791	204.15933582716787	49.941850127052206	146.3277786896245
0.945930592263781	70.39365533216068	14.596687446842346	49.4697923751663
0.8362064577403696	56.579942659126445	35.71528102363932	48.75569454581877
0.9355079015198073	85.43577123229677	20.478029515485616	61.07661808849259
0.8694402579235921	99.37158007156492	46.61866860688815	79.58923827231114
0.8295342524034716	34.07718958506854	24.722515122777033	30.569186661709224
0.9815619894600569	5.196762487830812	1.2726774621813517	3.7252306032122644
0.789728397657572	191.50658118577536	127.20214536789608	167.39241775407064
0.9810022713581358	107.66799281192627	7.26102382756136	70.01537944278942
0.7366046774664671	333.1430965856265	251.4756187144725	302.51779238394374
0.7877369575725515	111.32605191779976	79.05869434217922	99.22579282694205
0.8232531751294301	41.05334426335173	29.4315982886266	36.69518952282981
0.8434882318782885	53.451788300556515	32.74588864595056	45.68707593007928
0.8177254630389127	68.60013237473899	45.971811530206246	60.11451205803922
0.9454940483421734	75.2851505562175	15.557355050402471	52.88722724153687
0.8315180620434497	651.3972611362808	320.37750133714735	527.2648512116058
0.7598098504643411	332.6051708234695	234.22384667357107	295.7121742672576
0.782471833038101	59.86273698918433	47.2304348549136	55.1256236888328
0.7867966815014615	540.1111942640581	332.6917940266476	462.32891917502917
0.9545648395398358	119.73050294446654	19.161448877110672	82.01710766920809
0.8484805077997463	28.896897841619424	19.72503953930394	25.457450978251117
0.9711333958935804	16.41691979085971	2.6268411282679	11.24564029238778
0.849766336443344	217.370169958612	105.71730382211372	175.50034515742513
0.798571258926895	49.45167353024267	38.0162084978588	45.16337414309872
0.8717472568920811	142.1465247063926	62.48507901230158	112.27348257110847
0.8178344727230477	53.42360652511202	37.3139606192844	47.382489310426664
0.6344104692860378	207.34117186916433	195.43374190631147	202.8758856330945
0.9406828619633714	10.808432187893539	4.37371307834348	8.395412521812267
0.7301244983506842	85.62221571233962	74.5478628764462	81.4693333988796
0.9304691795596262	318.95497399299234	69.76154999456789	225.50743999358315
0.9647396558349007	17.733406476475576	3.373102182208421	12.348292366125392
0.9201651117212281	473.65457938134824	114.74352476436053	339.06293389997785
0.9338340423267456	12.793537666487168	5.277489308795847	9.975019532352922
0.8504022754469688	103.0795578275461	54.633807496425504	84.91240145337588
0.9828783668239975	1000.8714972865237	48.153850520477135	643.6023797492562
0.9382643452890906	15.611573700982012	5.484825800324577	11.814043238235474
0.8233489500016516	34.12411000301553	25.519880461733564	30.897523925034793
0.6934989199741902	375.8089760139397	311.68099580511506	351.76098343563046
0.7831831576406897	222.54288166692595	149.4177339219503	195.12095126256008
0.8698559987063178	81.66176193196712	39.326950148439934	65.78620751314443
0.9413807207858143	279.7499198944867	52.17905913241604	194.41084710871021
0.863007429136301	354.0681182623054	150.35864299632686	277.67706503756347
0.9380582753563513	324.68647137118234	63.07955327666741	226.58387708573923
0.7006953580984698	272.145836706698	227.15441070144402	255.27405195472775
0.7516675685004202	616.6092119916411	426.90729926991565	545.4709947209941
0.7439778299844286	182.2641481740214	141.5602934825195	167.00020266470818
0.8122849669369588	457.4320423297023	255.11561321522686	381.563381411774
0.9160986801336001	10.928570757850654	6.389385871711453	9.226376425548453
0.7587672544531922	136.65784342044935	104.57203306540653	124.62566453730828
0.9128343798897264	33.9922930382418	13.180064885918103	26.18770748112041
0.5715839536900599	279.02743039820945	273.86885472261537	277.09296451986165
0.8657383905807404	150.25206153708115	68.53119674411944	119.6067372397205
0.8824456204384309	30.36269774833609	16.17202334886192	25.041194848533276
0.9060009146895003	976.9498706410361	263.5984126922913	709.4430739102568
0.6756870139827631	430.2942534022767	366.27632233776353	406.28752925308424
0.7984768273428614	48.09566698190568	37.18310946907937	44.00345791459581
0.7793271783413632	634.5638582908107	398.0819831256256	545.8831551038662
0.7346891569694759	91.27501326895252	77.99334467250331	86.29438754528407
0.7251538224730136	152.01850786426454	125.96552286332982	142.24863848891403
0.5519244233237864	376.72673681314427	369.43738672625943	373.99323053056247
0.9268845172659074	89.80290983154089	24.22186986302217	65.21001984334636
0.7373034407892278	102.01846353275006	85.49467054585342	95.82204116266382
0.9450999910440143	13.328523659684612	4.4579601815790095	10.002062355395012
0.689268949313372	225.8055678579854	195.27596717160077	214.35696760059116
0.720241482462501	69.05214585268746	63.4526893705939	66.95234967190237
0.9578403946703841	222.7351088765373	30.52735127457339	150.65719977580085
0.8984642579200829	97.8580617793488	36.08428649211531	74.69289604663624
0.6581821394587634	491.8210874362462	428.15235937215664	467.9453144122126
0.833566623038694	65.83027413216283	41.06933573592653	56.54492223357421
0.7688709142744572	306.6738769384382	210.84652755692935	270.73862092037234
0.9684167320388962	525.9044434967842	49.394137726084296	347.21307883277177
0.9335065881959027	570.3115299489705	113.01635332214369	398.82583871391046
0.7327147060113763	456.3680247000503	340.6966005970606	412.9912406614291
0.583351346929514	251.72095272528892	246.23285432777502	249.66291582622122
0.9384778360817503	331.35970197721804	63.80005140984312	231.02483301445244
0.9679534240585451	135.3513824276727	14.964249613049112	90.20620762218884
0.7706353630734388	157.31355777281215	114.23240250777957	141.15812454842492
0.5073319124223047	549.2701575318574	544.0237600689982	547.3027584832852
0.7376962769127646	69.01289564129502	60.7792673591937	65.92528503550703
0.9198278152479512	240.83955763480483	62.60317437569333	174.00091391263803
0.8184771410685788	46.9581629627844	33.49743935666835	41.91039161049088
0.5789561665658332	522.2202507106776	497.09881258157407	512.7997114122638
0.6396346156175208	627.8543823603088	555.5857378868584	600.753640682765
0.8812966104386353	44.87105250662759	22.04302625253212	36.310542661341785
0.8921879856537822	225.3672917351272	79.26307240919556	170.57820948790283
0.6517656943597478	434.8040060512344	384.6267478117518	415.98753421142845
0.9955771899303848	341.56068957894803	4.62975419742628	215.21158881087737
0.673031793667598	152.2462386394138	139.38633550958227	147.42377496572698
0.9468997555279098	22.082826501634173	5.889663055703226	16.01039020941007
0.5494137931134405	435.78375749273033	425.7609235262574	432.025194755303
0.8397896096414869	512.2807412266257	244.7488497496641	411.956281922765
0.9688245742133264	287.08864360480584	28.20384517037681	190.00684419189494
0.9941816493851006	568.8144299840117	9.68850676608605	359.1422087772895
0.5745514015154053	637.7273053733408	605.1857303632529	625.5242147445578
0.8076795653115076	300.92810306821553	177.57566151407366	254.67093748541234
0.9604714717546401	794.9296642880308	90.60187300972592	530.8067425586664
0.9877293440953672	147.1862645309352	6.112263600843775	94.28351418215092
0.9886264195912824	282.22598141083193	10.063608702119268	180.16509164506468
0.6997886338685004	238.1183585115843	201.01722408787361	224.20543310269278
0.8901639902035375	32.14756215308353	15.818848808092435	26.024294648711866
0.7828855218835604	692.2069884592422	425.80452666304774	592.3060652856692
0.9353834082324398	95.30625557463682	22.49912359777369	68.00358108331315
0.7543615871504803	179.11204422824633	135.22736097864689	162.65528800964654
0.8821137288810654	485.83603229541205	173.3043230551172	368.6366413303015
0.614684040484614	341.3232306807939	319.9412394336622	333.3049839631195
0.9567807575899689	87.5533891378806	13.963132285442235	59.957042818216216
0.8879492046534233	32.21893799349294	16.150598079687708	26.193310525815978
0.6626171532591112	327.87129346150476	289.65948652117555	313.5418658588813
0.7219230996115463	498.78042214005836	380.96702730830907	454.60039907815235
0.6916365507993792	467.72349018274844	384.3592320888178	436.4618933975245
0.884813036351394	16.48964832799005	10.598329031264772	14.280403591718072
0.5675140178223422	306.08988332569453	299.84385358641106	303.74762217346324
0.9440565906787629	13.928079736995432	4.653041964383742	10.44994057226605
0.9582688851781178	46.77520461440646	8.078399697263865	32.26390277047798
0.633887202230225	536.5373467596862	481.81893511263644	516.0179423920425
0.8650606740398403	281.909639712473	120.5683133101457	221.40664231160025
0.6619414029169217	125.88508766034056	119.12936168821264	123.3516904207926
0.5460178995589237	355.79437156398086	351.09538036280316	354.0322498635392
0.6174987352487464	409.91557205468916	379.9266262759321	398.6697173876553
0.8938605128573778	324.4453532735081	108.21992611373915	243.36081808859473
0.8164976219659985	91.20392986531708	58.946949389203766	79.10756218677459
0.706143089446794	216.23487994086162	181.46446484948558	203.1959742815956
0.6961029836839716	477.0025603013926	387.92811303961116	443.5996425782246
0.6987005885264851	82.03207287585927	76.87428531630023	80.09790254102464
0.6997174142783728	180.52824702544518	155.66533854648014	171.20465634583329
0.9572333576321502	855.1899195290594	104.99056923486421	573.8651631687362
0.8618280666420014	22.895855780401895	15.420744597049847	20.092689086644878
0.9341859363847871	185.35124602590273	40.714065308451154	131.11230325685838
0.9785433765061179	24.956249201295993	2.5746968307094207	16.563167062326027
0.5448618070041786	554.9052921200368	539.5527667601505	549.1480951100795
0.5792173811540354	369.6218371721495	356.2379805775654	364.60289094918045
0.602990479959671	280.77082723992606	268.6259462354263	276.21649686323866
0.9400746186711288	43.14270884216931	10.910118763602679	31.055487562706826
0.5872553785818476	545.5262970857386	514.9172387298472	534.0479002022794
0.677605319888704	280.1084837333568	243.7621542454333	266.4786101753855
0.711005918950591	302.1423370018179	244.8446366553364	280.65569937188735
0.7870628957677779	92.55972696952033	67.43767002196883	83.13895561418852
0.8254120014516632	170.8215806089898	97.85357868492896	143.45857988746698
0.9443524165238081	141.4308136506516	27.140503184142517	98.57194722571069
0.7584917650904855	109.5960483183149	85.98067268523076	100.74028245590834
0.8257858735522224	82.94299435957242	51.96187509007123	71.32507463350947
0.8513012249108406	339.3976010623298	156.48099402500281	270.80387342333216
0.7111055766509828	309.077866904297	250.0157350159054	286.9295674461502
0.9941160333835897	72.99083048140481	1.6143061104372123	46.224633842291965
0.85804338448989	388.3055505788321	169.22300883845224	306.14959742618964
0.6797191366582697	157.63655640510586	142.4041122046063	151.92438982991854
0.6598918061086735	165.7674657567922	153.6705900144072	161.23113735339783
0.7472371524968587	239.2162088184229	179.79226844951353	216.93223118008189
0.7878049259981671	390.49984733886015	245.43609316131494	336.1009395222807
0.5921393659877354	489.48243149054207	461.84821234718135	479.11959931178177
0.6963962010695207	150.07985071618546	132.241031797761	143.3902936217763
0.6892833691271019	146.49966707161775	131.02156047916122	140.69537709944655
0.9350096830001924	488.27592882330987	95.8578682928484	341.1191561243868
0.5672328327795251	574.1884595212397	549.738944263596	565.0198912996233
0.8408002816865724	724.6498930266935	335.2728985312844	578.6335200909151
0.9959402713583714	40.74761382250102	0.696484689503599	25.72844039762699
0.8303146014248711	59.19007545438335	38.227801532016386	51.32922273349574
0.5788414673858321	324.4847100030623	314.4919330320935	320.737418638949
0.7185192761639928	378.521188035763	296.7897932434814	347.8719149886574
0.7196196871729691	688.5812496248601	519.1025049978867	625.026720389745
0.6036558738678363	280.13298275400166	267.8857898525191	275.54028541594573
0.6629051830220704	299.2256380644486	265.6398448323213	286.63096560240086
0.5915414447002781	498.6593713810732	470.4350686443957	488.07525785481914
0.788474882187942	116.23968108078348	81.89447014165687	103.360226978611
0.7112867286881465	240.43865496694144	197.9568295439434	224.50797043331718
0.895242820564206	127.01891923885417	46.55411482829787	96.84461758489556
0.7494738688392971	244.84499086791845	182.4682059033011	221.45369650618696
0.7970998944684445	485.6164767987714	288.841421744371	411.8258311533712
0.6291034102644543	559.2381724319612	504.40640542360785	538.6762598038287
0.8082086149285231	55.54880381321679	40.20333249152107	49.79425206758089
0.9336982096816036	241.2919370761153	51.80455719479299	170.23416962061944
0.7479305745397898	348.57700448734687	253.8538666292097	313.05582779054544
0.9491596915043874	11.804804026228558	3.8786749805783978	8.832505634109747
0.7234508147302742	123.57862908898893	104.86958200383428	116.56273643205594
0.7026907592104824	128.77711687989586	113.67955720058491	123.11553200015425
0.916508148979439	11.112126956595526	6.381536804670125	9.3381556496235
0.7113196116228209	137.17111678422265	118.31440692927214	130.09985058861622
0.6929058079925243	109.94831648942991	100.37576633265235	106.35861018063832
0.7584942512989095	360.1676271448158	253.18059387741778	320.04748966954156
0.5571034074771869	544.128248454074	525.4556314930961	537.1260170937073
0.5981073969066495	533.7636921347373	499.23376149600193	520.8149681452115
0.7628002151589476	243.54244353321747	174.21391084777838	217.5442437761778
0.7523157382832236	344.51850705907054	247.78853201131423	308.24476641616195
0.7760966580295804	44.21820670485497	37.76455325998666	41.79808666302936
0.9645925765691808	11.897370121543712	2.695526325926143	8.446678698187124
0.9368258531827887	828.0463501534127	151.3859722262635	574.2987084307317
0.9145804548330579	133.86546231499716	39.8057161641675	98.59305750843605
0.7803662798412566	48.307081227787855	39.89342424837053	45.15195986050636
0.9381276128792072	331.58952313437646	64.20713234851806	231.32112658967958
0.9664844232869596	10.643378285969426	2.4205404316468684	7.559814090598467
0.7234979195921128	69.11518415086233	63.0017940872169	66.8226628769953
0.9919465492539481	40.692446443089864	1.382914157837238	25.95137183612013
0.7946450031597754	58.06253415312544	44.04627067322802	52.80643534816391
0.7840017107156796	274.222598006681	180.13023794934213	238.93796298517893
0.70548319176572	409.79238778121476	329.5540737744162	379.7030200286653
0.8564667186313397	19.390739418584122	14.507701119634456	17.559600056477997
0.8835676394331569	174.7363314844195	68.21917867863333	134.79239918224968
0.9843900761983817	123.39804204248436	6.688179974769369	79.63184376709124
0.6384505474549467	366.76625934829286	333.31516504507516	354.22209898458624
0.9093288341718355	77.2296769971038	26.434339732746178	58.18142552296969
0.8374983899672913	102.0982480193597	58.41811635384927	85.71819864479329
0.9254080474789995	104.0769773830063	27.99962891115998	75.54797170606393
0.7951351733300179	72.97094467986972	53.301077464091165	65.59474447395276
0.952984705143654	360.3085449752232	52.40981322260606	244.84652056799177
0.6209176289978172	601.113151698371	546.0421822127996	580.4615381412817
0.6553032363436072	169.86978379418503	158.1705995713255	165.4825897106127
0.9059070132111937	100.37154949283583	34.21060232164059	75.56119430363762
0.8707423187960427	597.8646759473469	229.5152013200881	459.7336229621248
0.9551293250144111	96.94798442964765	15.80702007966454	66.52012279840397
0.6607131080793389	238.0276348953586	214.99354579177847	229.38985148151605
0.8359452556416745	255.71630883070324	132.76633967027473	209.61007039554255
0.7929793941973298	231.07894628495163	148.7985850358302	200.22381081653108
0.9366498001724938	74.26723142517268	17.895644205261377	53.12788621770594
0.7818632876518191	124.02463827161786	88.86197394611197	110.83863914955316
0.9255402302092438	147.90615335730482	37.83693169959102	106.63019523566214
0.9145650218987087	134.50119850517848	39.97726682237463	99.05472412412703
0.9115528762594615	291.5282715776733	81.96749138364372	212.94297900491222
0.804164484460842	108.28556884925189	72.27360294179269	94.78108163395468
0.6355750770532962	360.59879021133827	329.1902055781594	348.82057097389617
0.5944496370401141	481.1832078553582	453.36373051961505	470.7509038544545
0.8351338246660474	28.97093132107201	21.317279728156826	26.100811973728817
0.7499954799649783	230.3874895980361	172.30697651587184	208.6072971922245
0.9634393527768585	314.5455235542772	35.95898170006055	210.07557035894595
0.9979884823454576	423.5626811705361	2.5534502968354786	265.6842195928984
0.9988557228457424	386.096298746797	1.3325740505521821	241.8099019857052
0.6805790057157449	197.29873845311084	174.95342050013392	188.9192442207445
0.969572823244373	10.248905733529158	2.159043205425913	7.215207285490441
0.9327294307919426	26.299992980047243	8.437144615797406	19.601424843453554
0.9216344593663326	230.37829802957714	58.82914754869027	166.04736659924458
0.9018609261841032	34.42831577851539	14.944110681307187	27.121738867062312
0.9423318802781979	26.35298866544942	7.243199938901068	19.186817892993787
0.9689167886223908	716.4517314881	64.59504741191347	472.00547495953003
0.6470680663396107	314.4027119631095	284.7845741619018	303.2959102876566
0.9858023602648018	6.590560199135613	0.8946278705068864	4.4545855758998405
0.6870229262705266	230.17018960582942	199.5998374058977	218.706307530855
0.8307129719912876	302.2829509390605	158.99688354034527	248.5506756645423
0.7418476633821198	104.77915164611623	86.53570032522912	97.93785740078357
0.9972335377319692	18.17656012483519	0.2657514387706552	11.460006867560988
0.9257324050878855	36.0919668353251	11.774894553813526	26.97306472975826
0.7065714227340527	326.3963620322693	265.7322459540002	303.6473185029184
0.9609634174323194	434.3318137470064	51.42629084774245	290.7422426597824
0.9219617012514448	28.744061177794435	10.429589787942701	21.876134406600038
0.9686749712454586	145.44227746438528	15.562007223311895	96.73717612398276
0.9930544763324476	616.3395243013897	12.40880393490562	389.8655041639581
0.8684675906730485	874.3573090920108	332.04597834681414	670.990560062562
0.6636387885048676	590.1702589632546	504.6480402559675	558.0994269480219
0.7472309992776729	394.0696285754635	285.0226121719188	353.17699742413424
0.8305976358501136	183.71907643138536	101.62702509145225	152.93455717891044
0.6561770617106935	456.05460522742203	399.77584895825476	434.9500716264843
0.7995476817039012	125.78143237678283	84.04015254183763	110.12845243867838
0.8916487626450039	940.6445273109771	293.3888565726217	697.9236507840939
0.7689949898776608	61.52966828504737	50.52870760988073	57.404308031859884
0.9189428549691172	175.32237477238775	47.805361590561176	127.50349482920278
0.7126260880316995	166.67987111407305	140.90147755754234	157.01297353037404
0.8901982005679904	651.2642396425343	211.43903645259942	486.3297884463088
0.9425222687164616	405.74807535447655	71.539494602162	280.4198575723586
0.8976462300926346	19.34589955324589	10.353338193849748	15.973689043472337
0.8628268757244183	51.705946298925454	28.28074035366261	42.92149406945189
0.5446411388992305	351.09834056467196	347.14117977205876	349.614405267442
0.8028467134316245	177.5117478661511	112.59070202414614	153.16635567539925
0.9497123377390353	261.97175704686583	42.14763103153737	179.53770979111766
0.6417732000861922	242.00578387248538	224.01436561780037	235.2590020269785
0.6567960677556316	235.70048231152032	214.2245041346565	227.64699049519638
0.8298715370206454	431.999402191628	221.2819914292715	352.9803731557443
0.7855072015363991	203.9286181630428	136.84144105985513	178.77092674934744
0.7840963560091992	104.14316764460965	75.56876240031868	93.42776567800053
0.956940814611749	30.495797977716215	6.0066031512938505	21.31234991780783
0.9803075644160814	68.75499929566178	5.170210363618899	44.91070344614569
0.6766655696993601	277.68644845954805	242.17812727577234	264.3708280156321
0.8489022502219044	567.7474102678459	254.52450316185374	450.2888201030989
0.9691848153000808	40.105111281298804	5.2755284578740635	27.04401772251453
0.97695159528722	131.25041669092988	10.451191215011683	85.95070713746055
0.5501628290310716	512.1517247996346	497.6200968386105	506.7023643142506
0.7656293742167624	46.901507139775575	40.95900227223987	44.67306781444969
0.7877872329377392	472.82628998839175	292.91625211359997	405.3600257853448
0.5917590441085665	494.8069222724856	466.84354176060003	484.3206545805285
0.5599259551741622	407.7522318209587	396.76467331795226	403.63189738233126
0.9279858173944027	18.23145681669406	7.039167223051817	14.034348219078218
0.5889612917106951	281.82790692431473	272.790795292454	278.43899006236694
0.7800795148418969	45.44509565390127	38.04147251216866	42.66873697575154
0.8060838850792134	159.24975323178046	100.75012042332052	137.31239092860798
0.9480894684058646	22.787273274902326	5.882805135413847	16.448097722594145
0.9234348570189347	81.85507358350534	23.46039573761005	59.9570693912946
0.9580434584056942	22.59455304822091	4.720880288758524	15.891925763422513
0.5955925337588391	410.6154517939221	388.8773470129058	402.463662501041
0.9446343471843688	16.68169576162382	5.115694006756899	12.344445103548725
0.8314015682615341	194.84327867803717	106.63683771902362	161.76586331840707
0.6056103751955011	210.15425826841826	203.8606613954092	207.79415944103985
0.6238317337035109	306.7601204660418	286.2405982969939	299.06529965264883
0.9534346849727294	898.711275164791	119.8202714014285	606.62714875353
0.8674151254505439	74.6652580249393	37.11381608637827	60.58346729797892
0.7661063941836769	286.42719653611795	199.91357136208336	253.98458709585498