0.7204704893015792	472.85410184811656	346.3958282271741	425.4322492402631
0.975463625580113	64.69089767870527	5.593856001399917	42.52950704971576
0.9631885788979833	60.54000100380969	7.974336273009229	40.82787672975952
0.7982444340697347	168.6070156888951	102.71396291394326	143.89712089828816
0.6745627310178332	212.70557034082043	181.97946648000806	201.1832813930158
0.9434101288405925	14.424257455299802	4.20483150589217	10.59197272427194
0.8767659705162966	30.562739850445922	15.393064658066	24.87411165330345
0.8896178140803331	64.020877442867	25.139659568138395	49.44042073984378
0.44978400648248906	1091.7640209947563	1076.49107225415	1086.036665217029
0.9148041207341685	134.57808586434538	36.76242025969538	97.89721126260163
0.6092476163720308	215.93949917781273	202.49055093767757	210.89614358776205
0.623932859122812	871.5708433842149	753.1693397479264	827.1702795206068
0.6819416340435913	567.9108043040646	451.4687973082637	524.2450516806392
0.77054074370146	281.38475732110214	182.7042676488059	244.37957369399106
0.7681125280988567	398.46489247321347	254.13266821810154	344.34030837754653
0.7321585746131609	55.83787398858692	48.391575400037894	53.04551201788104
0.9596331988276761	6.2062578463616065	2.1496857292153715	4.685043302431769
0.740360310980778	218.64703660509144	160.02075142467578	196.66217966243556
0.5823145567080837	274.24412102794884	260.8487265028193	269.2208480810253
0.85442870357372	38.476505959160974	21.565969803903457	32.13505490093941
0.7145746615274575	112.53936320967492	93.45864663757217	105.3840944951364
0.9474384608151737	91.64615610947604	16.20285770420282	63.354919207498575
0.9879042476135669	22.189118471522928	1.1872770087122895	14.313427922968938
0.4620529924233463	750.7662892944937	741.758361964174	747.3883165456239
0.8943859556597825	38.3923747119822	15.852927923498234	29.940082166300712
0.7718704295476868	153.05317281550276	104.44352536876603	134.82455502297648
0.8464981715076039	66.55790518245958	35.59639134967174	54.947337495164135
0.951218573431863	228.76356733133943	33.45106227102647	155.52137793372208
0.9653253595138401	1807.7101424302884	158.96729894957662	1189.4315761250216
0.9533244933571751	54.01864585046417	9.226627583754127	37.22163900044791
0.7876908923670578	52.709087923351646	38.77618131644523	47.48424794576174
0.6790249997111041	308.4288623260578	255.40612701221372	288.54533658336624
0.6513854951277579	921.8098738583728	760.1102091292364	861.1724995849466
0.6449800611398366	102.74698434537612	97.49381100956003	100.77704434444509
0.9454673023408936	224.93307774207824	36.88788982527416	154.4161322732767
0.8606716687593373	106.46403776871166	48.647027507560225	84.78265892077987
0.9967473799218861	168.02972888749053	1.6696058362656458	105.64468274328121
0.6993634626434019	55.79420156121342	52.74269441558575	54.64988638160305
0.9716943421960083	712.9186887489774	54.22881022641229	465.90998430301545
0.7044611894378957	181.57711374601243	147.9499354972098	168.96692190271145
0.9239288880904784	117.42507420191357	29.12286697117419	84.3117464903863
0.5412149380387256	281.2481179506666	275.48656129285473	279.08753420398716
0.5423369950527868	1018.3439847587198	958.0510730415868	995.7341428647949
0.8083774335865317	530.9370737198733	280.0499896245823	436.85441718413915
0.757797113140275	190.2936540423762	133.50310506230431	168.99719817484925
0.897257883196389	98.70602586172834	33.85107920356427	74.38542086491681
0.9997471865337761	4.824672340669951	0.01307953345470203	3.020325037964233
0.5622262565535583	1028.6380850827206	951.1240171271263	999.5703095993728
0.4661808613947932	829.4166040832347	816.9200069249525	824.7303801488789
0.6549409557758812	419.77317876911513	356.93959948728286	396.21058653842806
0.8038872904617356	59.98233889717348	40.510985616997985	52.68058141710767
0.5900832003965946	337.2645438454466	315.63281651003115	329.15264609466584
0.9732584669864257	21.62136043760332	2.5905002866613405	14.484787881000077
0.9627364777144306	19.33523679474533	3.346598130327929	13.339497295588806
0.9798994878255426	203.88618044268082	12.328028921473617	132.05187362222813
0.5963237111404552	866.7736884034524	777.1574274334404	833.1675905396979
0.5635360731867032	636.6364585107211	596.4334094485886	621.5603151124214
0.912021452675482	199.5773157533567	53.760749073017436	144.89610324822945
0.8376164330648009	111.876083827776	58.68352294105801	91.92887349525675
0.9789583970766749	152.8475589276693	10.001773491191543	99.28038938899013
0.9215209152587834	430.0624156806657	95.80919409940566	304.71745758769316
0.9544256732687032	10.399055267009345	2.808853037881891	7.55272943108655
0.8879671545599049	90.37598767860429	34.17317646128181	69.29993347210836
0.8512065191237175	37.08743573060531	21.37010727545404	31.19343755992358
0.7881590135947031	37.68914773055575	29.4003509080272	34.58084892210754
0.6188779194959808	156.89500050725454	148.439202858799	153.7240763890837
0.598658232617932	360.81376285715896	333.7549093483318	350.6666927913488
0.43051479109695195	906.9269616264647	901.3243650406954	904.8259879068013
0.8624292723606032	80.71656261038437	37.84305359684828	64.63899673030834
0.9221155771253563	2079.557159479941	412.7284421198631	1454.4963904699118
0.629996600199691	457.292203501077	402.5621218955488	436.7684228990039
0.6962931102722705	234.56291885364078	190.88698584437861	218.18444397516748
0.43391818921084924	1143.8379693190136	1132.2031372907195	1139.4749073084033
0.8721499577002331	520.1763065851537	186.18682764917978	394.93025198416353
0.6025033552431537	679.9719971061222	610.4452831013975	653.8994793543504
0.7561658210697704	36.85432145409552	32.36804281123924	35.17196696302442
0.9462600011534901	39.17121657293394	8.20974175129724	27.560663514820178
0.8973190686991993	19.876444597373258	9.411155781395093	15.951961291381444
0.9551659080200015	17.8694581154759	3.821198178990853	12.601360639294008
0.5892935114107868	308.45835102111477	290.0144482293811	301.54188747421466
0.6322422510037212	278.34176006419636	250.40720097923835	267.8663004073371
0.7271093136862928	417.5767851903786	302.7323393125996	374.51011798621147
0.7372816987939078	47.796134718574855	41.966600624774095	45.61005943339957
0.5813812209668651	201.23994421578635	194.52752677801618	198.72278767662254
0.8773825098018245	578.3059871755295	196.96753897982882	435.30406910214174
0.7687006484114192	476.27254359031525	299.27543332086253	409.89862723927047
0.7494253609813574	1160.035053072591	739.6981207402391	1002.4087034479589
0.7806497964521091	48.54295383052407	37.148238571732705	44.269935608477304
0.8770936457121902	345.3756018639651	123.04608616452259	262.0020334766741
0.8628287353047587	15.49258666450135	10.680936742828749	13.688217943874124
0.9480972564175218	7.99448390434307	2.889630407247678	6.080163842932298
0.7765514372765776	182.47048492933368	120.34950325746843	159.1751168023842
0.45533000077364927	1067.4218085181096	1050.9791003766077	1061.2557929650463
0.8340651804238387	684.731529209053	309.7095685278437	544.0982939535994
0.7786449726480555	146.50489740397202	97.95859252158166	128.30003307307564
0.8017355368851048	418.30814849281757	231.66614583575262	348.3173974964182
0.7223978398835585	73.26468236319454	62.6252707217233	69.27490299764283
0.9108134113761323	75.85111742668082	23.482982269963458	56.213066742911806
0.7909265865993002	64.7094261253835	45.572926752124076	57.53323886041122
0.785280372738131	28.692453762505668	24.23502507377111	27.020918004230207
0.8465784878483328	42.35271171863819	24.45149254716661	35.63975452933635
0.7543108954252189	1324.2816746247174	824.6040476544547	1136.9025645108688
0.9137073759669029	31.551499991380496	11.143156958276164	23.898371353966372
0.9267865447535232	19.97515770211585	6.754900528872044	15.017561262149425
0.5514213120677505	265.2066001239288	258.69238941379916	262.7637711076302
0.9083597985760435	27.93107305922787	10.775896898745351	21.497881999046925
0.9695275601675145	428.9412671194287	36.66195165675532	281.8365238209262
0.8133913047723097	38.23428181958937	26.771501238827508	33.93573910180368
0.9456096533632109	18.586522063862205	4.769041729771047	13.40496693857802
0.581236676190962	336.45024109457376	317.52559272510183	329.3534979560218
0.6551752246456807	251.299277801848	219.86079817670418	239.50984794241907
0.777607848915171	59.218338376413755	44.392441773487064	53.65862715031625
0.8913094084532868	34.394934561824016	14.947864141073186	27.102283154042453
0.5689310881454682	424.1374114474438	400.9974205502356	415.45991486099075
0.9850512660944717	9.8460847437362	0.885364853366875	6.485814784847703
0.8805379325356735	64.43217710838861	27.297360523301606	50.50662088898099
0.4385973610319659	1146.797491096833	1133.6845179226414	1141.880126156511
0.5589009933100506	301.39677374276016	290.8995714916683	297.46032289860074
0.8459606927987374	91.97868247059455	47.11293998235242	75.15402903750376
0.755280171757399	196.99888004730258	138.9197401954878	175.21920260287203
0.46529325641096986	1028.4805583330824	1009.7415532804835	1021.4534314383578
0.8505600599382174	49.337925945962866	27.038021131149446	40.975461640407836
0.8805915232009222	282.57962647764094	99.67425676062867	213.99011283376134
0.8279544603997243	23.2031542313108	17.10163638120464	20.91508503752099
0.8325155269789696	102.20438017072102	55.78414337988373	84.79679137415704
0.5207933327110326	400.38195223312545	391.74314423231596	397.1423992328219
0.8168057297997587	93.38429081182113	55.8974025655736	79.3267077194783
0.7646747977214896	605.6303210564138	380.05275054652117	521.038732115204
0.5134510356847379	353.5634125382679	348.74568572104556	351.7567649818095
0.8839607597505849	13.574988414496108	8.377556504919706	11.625951448404956
0.5851128866488506	440.90577964428246	410.1511304685813	429.3727862033945
0.695674070299117	402.66722030544815	316.72007092875936	370.43703928918984
0.8203875967689547	583.181665446067	287.6294995623768	472.3496032396832
0.9518463711278958	692.0926574090449	90.3876595759591	466.4532832216378
0.8282210836965681	100.51137537601696	56.25870942299545	83.91662564363389
0.7976805625778431	85.50405508377412	56.410948574101496	74.59414014264688
0.8060405267417836	524.3905639172431	279.94127942516457	432.7220822327136
0.9100729881615017	120.36463245119045	35.195950043289585	88.42637654822762
0.7148475121479699	160.30300152477253	128.8342409658179	148.50221631516456
0.8098371313741163	31.4612544422668	23.341227171578936	28.41624421575885
0.697977115182332	511.0133232465808	394.2680012010133	467.233827479493
0.7263503223201535	74.83712943282984	63.19905588257927	70.47285185148587
0.9738047394462628	14.94409245104713	1.9755041015354244	10.08087181998024
0.7236311601092301	298.1276530988969	223.28587858727977	270.06198765704045
0.823489215805036	23.464609199209512	17.644875339098952	21.28220900166805
0.822190252454175	202.1427200960294	107.98025596082022	166.83179604532594
0.8906124533693265	30.64660785116032	13.754001127876359	24.311880329928833
0.9276672483008288	21.667283604499662	7.068283545337835	16.192658582313978
0.5701633175194315	262.9973861487202	253.15191184287875	259.30533328402964
0.7994893750517396	137.6166394396271	85.1771965299207	117.9518483484872
0.8508089021200382	103.59320874087628	50.68947097715436	83.75430707948055
0.8849165157334308	263.51297250498055	90.20799120612881	198.52360451791114
0.8633888207801894	33.12208361805591	18.05891213956406	27.47339431362147
0.7756970064083466	64.54681356016262	48.105648444047695	58.381376641619525
0.49377765914300437	483.5357844128585	476.6477128076588	480.95275756090865
0.7475466618777225	74.236155155055	59.345055252629436	68.65199269164542
0.6533965223843153	918.2079562083558	754.5255105143023	856.8270390730858
0.8785879528400348	363.8938902234842	127.50720098312367	275.248881758349
0.7054473741115888	110.89526729546827	94.11151124318943	104.6013587758637
0.7272501725441003	107.28802573288814	86.83321078164178	99.61747012617076
0.7305675046615686	326.10833404409334	238.1071431284537	293.10788745072847
0.8173574270291324	32.630654315767025	23.19189082409637	29.09111800639053
0.8598197791434796	25.572077335759488	15.192110894676887	21.679589920353514
0.6430932997724641	191.82067615369354	173.78173567167332	185.05607347293596
0.4492294298393967	715.4203674922816	710.2974648724477	713.4992790098439
0.5182401358984285	813.9214536643364	782.824820864579	802.2602163644274
0.8435368939403187	126.11772975472385	62.97629674682469	102.43969237676167
0.9148498081250243	29.454238659291242	10.43210121061759	22.32093711603862
0.9131781065238352	735.9359286156208	174.00412452385046	525.211502081207
0.8417882503474435	440.4042809988844	196.7069141659842	349.0177684365468
0.9450702022022723	15.161923316344039	4.210187278617491	11.055022302196583
0.8535905455027814	117.96817790339297	55.78698154712028	94.65022926979071
0.6158469896805945	213.93837926784414	199.26808516412564	208.4370189789497
0.6394382210693466	1110.4013647975798	927.7793427652657	1041.9181065354621
0.8087694005077763	327.8735604523354	179.16414017601682	272.10752784871596
0.95055418036036	58.446651254394354	10.436739787564878	40.4429344543333
0.7518863689918047	117.08354322845548	87.70602501465581	106.06697389828061
0.9334953030504682	28.1886471245227	7.885208625398658	20.574857687351184
0.8978435807037469	108.92731269563849	36.65025125327581	81.82341465475248
0.8267562405811757	671.6818771900325	316.9952346287014	538.6743862295334
0.7371643329980069	1151.860590764712	764.5620213214021	1006.6236272234707
0.6294516672981111	351.0062914691484	313.1920983190732	336.82596903787015
0.9782015640207354	33.998318846828994	2.9561503783993963	22.357505671167893
0.9877698126559507	67.1154481717635	2.8610336477968588	43.020042725276014
0.6760184719713177	1231.281363212621	955.5561724326031	1127.8844166701144
0.6229301185395836	940.5814484900211	811.6520232118546	892.2329140107087
0.4406310483580736	1129.1462947042992	1115.833162311037	1124.1538700568258
0.7612092700512866	33.42375857921224	29.76897244916413	32.053213780444196
0.7672329456571544	152.57570992149016	105.86128669468485	135.05780121143817
0.8520035156194962	141.8273961162651	66.27713108493339	113.49604672951571
0.8171092782041445	1176.4652200840421	564.0596999293159	946.8131500260198
0.9422447293688107	19.173352930248164	5.175553874449069	13.924178284323503
0.6551802337095644	91.61044026915602	86.72387281923295	89.77797747543487
0.9662339904251266	376.92628548964706	36.13232708853286	249.12855108922923
0.9837207071116799	2191.685536428784	88.79997318127857	1403.1034502109692
0.8484380813761123	18.681839488827393	13.156672280172671	16.609901785581872
0.7837490581558265	164.49397631235874	106.61990838859825	142.79120084094856
0.8583849181591091	243.15146930165668	102.84290308873511	190.53575697181108
0.7518721986015875	153.30543067806906	111.80883383857419	137.74420686325848
0.8312179123035842	1134.3577578044928	504.7570520785931	898.2574931572806
0.7730592868863126	48.23259877863877	37.94067026004873	44.373125584167504
0.8546802035469832	99.52281315026366	47.75341261236456	80.1092879485515
0.8662322957333732	201.38111451217608	82.15542012195178	156.67147911584198
0.9644812637125035	639.8394528230743	61.73401255580757	423.0499127228493
0.9663997488131677	125.32162697671976	13.49300150112763	83.38589242337271
0.6256946593982484	421.0310034846547	374.31294216340444	403.5117304891859
0.7490934190296971	463.1082688421759	312.06193118785154	406.46589222180427
0.6791545253073066	97.78867104654098	88.37973360255027	94.26031950504446
0.6760132545013862	78.9390286414146	73.48566227090559	76.89401625247372
0.6278853675470838	244.59976517289735	222.89062035828633	236.45883586741823
0.8920141295065641	44.39515448910527	18.2001287039539	34.57201981967351
0.8917766278373997	11.421494872720864	7.209647980629913	9.842052288186757
0.6685480841536114	1213.9461041138418	957.550251634684	1117.7976594341576
0.9883419990256943	26.815942107473383	1.3144091092785644	17.252867233150326
0.6931308377033305	199.1158351757017	165.0885634856101	186.35560829191735
0.6352268400756224	251.52830638449356	226.64077601561698	242.19548249616486
0.8758374594588919	72.97331629848007	31.475482530157958	57.41162863535928
0.946164081185942	1996.8826808441509	272.61647456664684	1350.2828534900868
0.5863766012910766	502.7973132460684	464.7998208174984	488.54825358535464
0.8624781113545277	20.79341118701696	12.867493983057923	17.821192235532322
0.8330282842814805	39.82736079866372	25.111474224386527	34.30890333330977
0.7999111469984311	469.78420579945066	260.04065148435416	391.13037293128946
0.8500750787935089	77.51141125299691	39.64490933175517	63.311473032531254
0.5511852724982239	740.8618771764848	698.0946834445533	724.8241795270105
0.6699410785275588	283.3622821146364	239.96334688507386	267.08768140355045
0.5503111507118175	269.58198168510125	262.96607506840473	267.10101670384006
0.7048297139402991	102.51452938348866	87.78620246890979	96.99140679052158
0.7612625978702122	74.7820903323594	57.317183577608816	68.23275029932793
0.4671032383440872	707.2832525347493	698.3889346194006	703.9478833164935
0.702734387508878	185.09530582922042	151.1693861168597	172.37308593708516
0.43041053970439663	953.9827194886783	947.3925800719293	951.5114172073974
0.9313995918370096	8.698629653062305	3.986739993180799	6.93167103060674
0.5240573126379691	1148.2572246932755	1091.6782694020662	1127.0401164590721
0.6356425389403849	776.4498002158705	662.2021775798178	733.6069417273508
0.8870448192448543	82.51884689617123	31.869718784681474	63.525423854362565
0.7584740964827669	1197.7120375851596	738.8167372805452	1025.626299970929
0.4116603704998252	1226.5665424603978	1219.314933643054	1223.8471891538939
0.7115853194263416	87.45924215772907	75.05012448031646	82.80582302869934
0.7622063192105143	366.15751764165503	239.9979024636803	318.8476619499145
0.8415330639691773	26.629000810304426	17.524847170718466	23.21494319545969
0.8075939360774937	441.89610910460516	237.12185328462095	365.1057631721111
0.6225319867798458	182.6741079358004	170.42520951500063	178.0807710280005
0.8097123198332248	288.72838651186765	158.76485032573186	239.99206044206673
0.6959187362176474	122.4843067443221	105.04846607079095	115.94586649174792
0.7618943974371414	1259.387722512133	765.2476090151729	1074.085179950773
0.762814573666306	42.19507491204669	35.16510427994214	39.558835925007486
0.5428852461837543	1098.1232148756512	1030.675428963974	1072.8302951587723
0.8587976805841692	509.4934375199151	201.42512722393872	393.967821158924
0.7061400547920927	513.9499384715243	388.70388533471106	466.9826685452193
0.9474852299940091	23.20289298780378	5.3840136998308985	16.520813254813948
0.6784712941316303	1200.2835504320585	927.5872706507519	1098.0224455140685
0.9262699073946749	41.14136641547775	11.731372550816364	30.112618716229733
0.8923947442883842	23.884096627185674	11.22752073674356	19.137880668269883
0.9492762801542077	11.418801724015482	3.286624536389386	8.369235278655696
0.7546981929114366	317.34747850884844	215.66386829755223	279.21612467961234
0.7654620233387646	203.67143898601196	138.4002635032841	179.194748179989
0.7858485715159095	537.010151837831	312.9337740179785	452.98151015538633
0.9865358453997614	54.23573297127506	2.642215196685754	34.88816380580407
0.5166247727560546	724.2192518963512	699.1386470875519	714.8140250930514
0.429260786610206	1168.5913613395903	1157.7574995479738	1164.528663167734
0.6910391496426327	66.12559890559427	61.352288269226726	64.33560741695645
0.5195543760265691	909.6046138606997	871.9172000130462	895.4718336678296
0.9719066508470086	9.201047502726528	1.622149724249637	6.358960835797694
0.8666643217452453	907.5914919341432	325.28265416957436	689.2256777724299
0.9081805756872504	426.1394382543018	111.33927350396527	308.0893764729256
0.6079274300413609	1129.3188487426796	988.7763851280602	1076.6154248871974
0.6113791300573787	138.28461823716034	133.19972268534278	136.37778240522874
0.6443033335336994	926.3320126539048	773.1940693722862	868.9052839232978
0.5438355456147593	404.0626916582905	389.8965978940061	398.7504064966838
0.8484771351147279	69.87720236602208	36.654027420875764	57.41851176159221
0.6425060807100735	1116.1640706317676	927.5837100307972	1045.4464354064037
0.7146021569029164	394.9476057844762	297.16021133729157	358.27733286678193
0.5507094076628999	410.57636626206767	394.1231368385193	404.406405228237
0.584534710985449	997.3585602011017	902.3266529541816	961.7215949835066
0.7812233173443185	27.43746795123318	24.07576457058228	26.176829183489094
0.5960139554372215	324.7309800914327	302.6129783805819	316.43672944986366
0.8242734024237608	414.12344113578155	205.3550940479841	335.8353109778575
0.6112826862407013	388.9245556343549	353.4813073251877	375.6333375184172
0.8605146047231819	912.3878516665867	341.8060165805174	698.4196635093107
0.8169366196592632	41.702244672350105	28.247232266453764	36.65661502013898
0.5915827391756475	264.12426350940194	249.5456788292326	258.6572942543384
0.8229957076547935	884.1879781850075	418.1773631864935	709.4339975605648
0.8044153836788178	74.59308863899612	48.698857737535505	64.8827520509484
0.5616606071327233	1144.1626362129846	1055.3608487604415	1110.861965918281
0.8545000927993904	684.0741244220214	272.4575381422038	529.7179045670898
0.45401521790741983	757.3964854070249	750.0758839127603	754.6512598466757
0.8557243110712028	1023.763634778757	393.6104053677537	787.4561737496307
0.5156388252599351	491.39143232862193	479.25986003457103	486.84209271835283
0.940087957413016	224.89775497559168	40.5705988749407	155.77507143784754
0.6773642419679836	450.6480805635546	366.2061298456365	418.9823490443353
0.7703223787746538	62.4179722152749	47.60841485327033	56.86438820452319
0.9505953825021728	117.57590126015957	18.85834317511889	80.55681697826931
0.592517083152355	706.7508819803923	641.0509630840534	682.1134123942652
0.5350658402430571	510.83026524606737	492.1535048592242	503.82648010100115
0.95099468817213	1341.8845286877024	170.49050598741655	902.6117701750952
0.9123675147660342	18.403444264852617	7.635894422174715	14.365613073848404
0.6942039367682893	91.59363944569827	81.0680611245898	87.6465475752826
0.8190076786925248	48.818541943460986	31.830143297815923	42.44789245134409
0.7987283215946561	245.49497658638475	144.0091274329251	207.4377831538374
0.9925943790866297	366.5434858508894	7.649498805967369	231.95824070904365
0.6424901479527232	195.98057088468428	177.45696698831708	189.03421942354657
0.911259138991842	12.971346074786013	6.216506393217535	10.438281194197835
0.9735467436581072	16.103285535454848	2.093531429064652	10.849627745558523
0.9674763728569279	6.8741922991323285	1.7114050727485086	4.938147089238396
0.6550007782663992	311.71744966060476	269.36141246357556	295.8339357117188
0.8524346941876836	49.68785812478677	26.88000474681314	41.13491310804666
0.9203551687951899	1672.1323778034105	343.383891017354	1173.8516952586392
0.8273198274831671	79.95948314128165	46.354839604632474	67.35774181503821
0.8853607094481455	160.1672798720561	57.59278869385629	121.70184568023116
0.8456879177829966	703.3574108322557	296.09800593423876	550.6351339954994
0.4054217742893479	1264.0813647750456	1257.7575420858757	1261.7099312666069
0.46052547103096086	711.6271398384283	704.11979212197	708.8118844447565
0.7811983821381361	58.321421252817196	43.26185912888851	52.67408545634394
0.9917230733882674	178.23378635367496	4.471745495551147	113.07302103187853
0.5383731240581775	999.4321369878797	943.5821629077228	978.4883967078209
0.818152805540203	162.0084507239177	90.35005187148253	135.1365511542545
0.6786455095895436	403.1737841747077	328.82583531126187	375.2933033509155
0.6305222697750604	293.34859368363755	263.7793562443793	282.2601296439157
0.9095420291260432	924.815675516375	224.31971453715352	662.1296901491669
0.5233877171829159	1138.1282026498752	1082.7524493365604	1117.362295157382
0.5352569527111165	931.7103678562968	883.219197581924	913.526179003407
0.7317290910905848	656.9776066818868	457.070221156883	582.0123371100103
0.8279511063966443	21.539799614642924	16.273702212533685	19.56501308885196
0.7325710842032408	587.4425541046877	410.35922543968286	521.0363058553108
0.6345975582239707	430.62335527125487	377.65255000536416	410.75930329654585
0.891828613173637	296.14538141539094	94.26190628784613	220.4390782425616
0.6904306995502206	106.28001551613046	93.34832689475304	101.43063228311392
0.677152735066855	117.2581074082508	104.55574696982313	112.49472224384041
0.6511323623013813	93.64465475591544	88.9900584912667	91.89918115667216
0.8867590203447507	11.235695168149782	7.651105978665058	9.891474222093011
0.9797672350911352	612.8280250630532	33.629206484263705	395.62846809600717
0.9278501297833007	145.70911853539064	33.337224242945666	103.56965817572377
0.744562238178109	250.72963503442563	179.21061196853807	223.9100013847178
0.830949579243632	78.09161832581941	44.55956280352218	65.51709750495795
0.5101691902029825	938.7483927153079	904.2805533474581	925.8229529523642
0.8713422335952837	185.8004846400382	73.58845888759365	143.7209749828715
0.599550877793537	223.01414246438316	210.85399871357396	218.45408855782972
0.8331941704603988	42.18859922528699	26.28571166469182	36.2250163900638
0.4910328891884021	525.3552846856585	517.3847569530801	522.3663367859416
0.784440272947157	64.41901762650038	46.53512801925897	57.712559023784856
0.8819771241600666	441.466663403696	147.90705880548091	331.38181167936534
0.6609403514613778	87.71488004884488	82.69940351035773	85.8340763469122
0.6711054804396919	1063.5990320298195	839.3106580144524	979.4908917740568
0.7387450774384264	92.21647792243573	73.61393265412798	85.24052344682032
0.5616420672005976	1030.4908982668053	953.3059601625071	1001.5465464776935
0.6154408386425225	291.0045528861953	266.8125988420076	281.9325701196249
0.9218356372631509	550.2200450974408	119.61471959812471	388.74304803519726
0.7819867602283865	48.61077703347281	37.012935263770366	44.26158636983439
0.6647052895338752	113.77920081975975	103.82938627320848	110.04802036480302
0.9957808168584118	70.20245678979856	1.0199242703294047	44.25900709499762
0.6752530372232002	639.6931917798298	512.4954515709427	591.9940392014971
0.9036081083198839	28.838601835994105	11.603444242064834	22.375417738270627
0.6522672038842745	105.06227904075429	98.40809593446504	102.56696037589582
0.5369125635934247	979.8682190165946	926.5866740715089	959.8876396621874
0.6040853545053435	875.8552150947912	777.5475150676393	838.9898275846092
0.8634716231876206	216.26658088019286	89.32294096360401	168.66271591147205
0.5585479663879886	424.5335992295201	404.72079475368963	417.1037975510837
0.9267268000763628	271.32533979035895	58.84817744226413	191.6464039098234
0.8478593843895142	184.97001849051375	86.1737569808412	147.92142042438655
0.9409311079223758	165.67624454454602	30.480536041733274	114.97785385599124
0.9400290246638114	495.3023192104359	83.01973530062588	340.69635024425713
0.9396523607028012	7.846430559644162	3.3823565162133917	6.172402793357623
0.572697388656889	237.07343411065585	228.84426037869218	233.98749396116946
0.9935135959171785	58.6653370622458	1.3529984793659082	37.17321009366584
0.7402601376973101	168.02683148362692	125.80942233891611	152.19530305436038
0.9081790688364476	38.35783488958138	13.804906387078264	29.15048670114271
0.6261739821298868	130.48917714155434	124.11261850530693	128.09796765296156
0.9728293545977404	623.4274693144217	45.97574863341822	406.8830740590454
0.6657742748685275	112.16871441026422	102.3169138651358	108.47428920584106
0.9776757495721323	508.7246113041184	31.22440980425904	329.66203574167116
0.7128098028229448	208.65333529896378	164.95108658709648	192.26499203201354
0.6961566862329858	59.09957120025576	55.51660650846433	57.755959440833976
0.6653039421021651	189.7957051221677	166.32104487034798	180.9927075277353
0.6740083352598394	645.1449701035162	517.9504812211571	597.4470367726316
0.597367250996299	346.89961378300103	321.8750050441019	337.51538550591386
0.7099110319594659	59.94382693150763	54.20384265622624	57.791332828277106
0.760034636106327	1010.9352853920848	625.7280712164832	866.4825800762342
0.7456642626508286	89.85092814417672	70.56718482027802	82.61952439771471
0.7753837889875442	376.3748406655319	234.60663949339911	323.2117652259821
0.94122298168318	1280.5797881750486	196.18202768320805	873.9306279906084
0.8528523201210714	28.54594654663687	17.255356506756506	24.311975281681732
0.6909235955470362	78.45149905919385	71.0953887187778	75.69295768153783
0.9869945837376193	498.69761522807244	17.775795164899336	318.35193270438253
0.6828193119382128	354.8663448758087	289.1583977884912	330.2258647180646
0.8512886052225587	91.94777050898279	45.573090478490776	74.55726549754827
0.9992730773248027	4.6573331512681015	0.037869174656718574	2.9250341600388325
0.8339921956493146	126.12556726901616	66.54753276899476	103.78380433150814
0.9558661204532227	569.8914741792862	69.19367540333693	382.1297996383052
0.5569310490537097	280.97581063175727	272.347414518922	277.740162089444
0.9215413208906282	228.89730036539618	54.144792407461296	163.3651098811706
0.6971159896623527	724.7958962932554	549.7886700348039	659.1681864463361
0.6606156120135697	84.73723673495255	80.3185002434129	83.08021055062518
0.4902063299266917	427.86249105344876	424.2378321241019	426.5032439549437
0.7538551603529433	146.37370984799793	106.56455878839243	131.44527820064587
0.45569451066676003	1255.4283242832735	1233.073597206901	1247.0453016296337
0.5852628655097698	1066.3634626288172	961.9138597678927	1027.1948615559704
0.8705490362364349	946.9045983296296	328.58931024462635	715.0363652977534
0.9967228245227835	61.00786294808602	0.7052962306038424	38.394400429030206
0.8665485733238055	16.409542293922055	10.726457601831925	14.278385534388256
0.6854280628442803	90.50552717230254	81.5374699136584	87.14250570031098
0.752383263266069	210.86417243565492	149.21102838759182	187.74424341763125
0.6698991689805999	112.21965120503125	101.68366117682103	108.26865494445242
0.7057209985173666	106.70055512052197	90.83751178535677	100.75191386983502
0.7087732583520269	579.4365480408844	432.3744870915919	524.2882751848997
0.8652125084381316	17.81555131881861	11.39238811787827	15.406865118465982
0.554524368124891	436.6847077449421	417.16517768618394	429.3648839729078
0.7058404691519217	636.3338921970874	475.8590203421281	576.1558152514776
0.7715410857642608	116.94986153315705	82.1615987153055	103.90426297646272
0.9003536027350525	1512.6449712834192	392.25665153875775	1092.4993513791712
0.623640301557223	409.22234506188573	365.3035437884169	392.75279458433494
0.9994323442839103	71.77142589526875	0.1395723014383421	44.90948079758234
0.632166911766333	307.71974933186874	275.3947467181866	295.5978733517379
0.593736383482638	415.14494728432027	383.7448971129235	403.3699284700465
0.6092556687397777	682.5911186485437	607.573920605329	654.4596693823381
0.878604561160545	99.07144269271431	40.01274694596624	76.92443178768379
0.7952826886218723	338.7038294841259	196.2602241542752	285.2874774854319
0.8740393639885085	12.094467224105893	8.814150214090757	10.864348345350217
0.9480822680356069	33.190039042738405	6.964329156546004	23.355397835416255
0.5542410295350874	246.6887506353167	240.98604326589202	244.55023537178243
0.8931769028737409	122.51194080266308	42.434440445674944	92.48287816879252
0.9363586324316845	67.98803364829227	15.266185687108461	48.21734066284834
0.6589826345539862	297.2953687416509	255.89870747510716	281.77162076669697
0.5799524028506563	969.2442314693451	882.0506940787732	936.5466549478806
0.7902260317380089	1387.5297877344537	749.0038061515152	1148.082544640852
0.4697677279783442	738.117846009753	727.5926023183525	734.1708796254778
0.88825923914895	84.6969478783057	32.24216190389143	65.02640313790036
0.5307055493396637	823.3795762874996	785.4274826345696	809.1475411676508
0.5169412914177882	337.8054359548372	333.1747093617621	336.068913482434
0.9845041647812991	14.8625009472735	1.1599388953487733	9.724040177801728
0.6003641866790084	1134.9905387165695	1003.4470360958634	1085.6617252338049
0.5510880680517332	521.3399471758411	496.45797505351163	512.0092076299676
0.948306524257436	79.56046816531045	14.123149466833816	55.02147365338172
0.7279856829728103	303.19570756292234	224.1400775938577	273.5498463245231
0.5818956245730902	184.2214423561084	178.9687186861966	182.2516709798915
0.5670081058642039	234.86607086146066	227.826817547356	232.2263508686714
0.5312295530865052	452.2527940072856	438.3061265572321	447.02279371351557
0.6242882754523706	490.3677268396864	433.7565663556834	469.13854165818526
0.7243008577363343	89.28181659074065	74.22759849349015	83.63648480427172
0.7396890063526199	353.15006343887956	249.68700413121894	314.3514161985068
0.7876545065178208	140.26593003749446	90.99636281550325	121.78984232924775
0.5967392103524247	183.12735544562557	175.53625025434323	180.2806909988947
0.6866785000221215	174.3695630681315	147.9225578177027	164.4519360992207
0.7521181876035818	186.88258576927205	133.74034663952563	166.95424609561715
0.6514204576244409	326.3882637608646	282.95897682711785	310.1022811607096
0.8860520189289544	946.1188319346101	289.0858793005815	699.7314746968493
0.9776882740444796	14.45589263127794	1.6455033517891522	9.651996651469645
0.4713749470402563	703.5263791619112	693.7232242798794	699.8501960811493
0.6805579476552175	477.3074716636555	384.1240164412137	442.36367595523984
0.7399581788107085	1295.2576758579107	847.0929646180398	1127.1959091429592
0.927541682099581	70.11887691151419	17.85127290827656	50.51852541030008
0.9198846820457396	15.044644711655497	6.123400488285733	11.699178127891836
0.5315526912020413	760.2411992335597	726.2544239091135	747.4961584868923
0.7196881081630712	155.4877501482596	123.83026115578414	143.6161917760813
0.6952332228609912	410.90087036151385	323.12698786686667	377.9856644260212
0.8310055563523012	30.682476858287778	20.66315284992765	26.92523035515273
0.7125625120635922	50.523350528516545	47.16992171892045	49.26581472491801
0.7246728739050128	97.39296295050025	80.13802662449413	90.92236182824796
0.9980318776291957	48.39889646163802	0.3501697415559306	30.380623941607233
0.9948297650530784	37.804211361732456	0.7561831279679687	23.91120077407077
0.8086861188533897	86.536192677431	54.340127182729915	74.4626681169181
0.8054078754385234	31.322829354902243	23.722814871757418	28.472823923722935
0.5873969025941841	515.2630864201825	475.39234325315255	500.3115577325463
0.8656084520570972	988.945683799137	355.216353820659	751.2971850572077
0.6915198518507664	427.6738192542174	338.31879296746195	394.1656843966841
0.8909688470973173	87.34989768435571	32.314221454839235	66.71151909828704
0.7348971349518348	92.66009243501455	74.69259587997655	85.9222812268753
0.8403508019842266	22.152136287711595	15.458927127159509	19.64218285250456
0.9039234896778158	37.67850323677938	14.233282427103259	28.88654543315083
0.7855808301367142	49.00570151083963	36.77542090381576	44.41934628320568
0.8081624983340153	93.36439710254356	58.1925927854345	80.17497048362766
0.9407969212531633	61.6426190229605	13.079481857233677	43.43144258581294
0.7034970482921862	205.71679698384798	166.37594360806492	190.96397696792934
0.5393881698619891	326.5654484330797	318.32896088783264	323.4767656036121
0.893983108981231	29.41584994887633	12.929506391089646	23.233471114706322
0.8487656029395944	285.25723782922404	126.61349558984087	225.76583448945533
0.7523134627251918	750.3738319832695	485.2942810064659	650.9690003669682
0.6785530883358046	142.0716058225525	124.34235139505375	135.42313541224047
0.7636316347363337	497.2210411741615	317.3361308515012	429.7641998031639
0.5208631557625711	673.3068130090792	649.5281014766815	664.38979618443
0.9075137715928742	8.712601746342397	5.806659751819274	7.622873498396227
0.9058312048915919	945.8891533778788	238.5610106370641	680.6410998500733
0.69643099017523	452.03791716842034	352.52869142998566	414.72195751650736
0.5544519706085802	728.0396451213711	684.5411021272079	711.7276914985599
0.6834554009703174	557.7244339305262	442.3659189287874	514.4649908048741
0.5879262039265267	1041.980431504698	937.7713095203767	1002.9020107605775
0.834227950775338	536.7841776867075	246.87207507878313	428.06713920873585
0.6019744478315846	274.88997541947276	256.55891547513977	268.0158279403479
0.9318219186410962	9.477994413485575	4.076937139533557	7.452597935753569
0.7248457495124917	50.86628554938496	45.6398223740865	48.90636185864804
0.8124479732495232	205.6867701086717	115.14636102928367	171.73411670390118
0.8610028869887051	26.322337093936873	15.39943961851828	22.226250540654902
0.5889178462183315	263.9884420786636	250.04488720124735	258.7596089996325
0.6170337586570972	308.8554737612084	281.81084570666235	298.7137382407536
0.6260504343524648	659.4749452486891	574.5062339589364	627.6116785150318
0.9146340358615372	19.183695825572126	7.653954350766704	14.860042772520092
0.6372715851724318	171.90169524960243	158.08591892441882	166.72077912765857
0.9013101943498305	19.43941737882846	8.914162527352895	15.492446809525124
0.8319851514826995	84.8102105931243	47.57958670495863	70.84872663506218
0.7388653874438692	97.65167989518322	77.43553212142156	90.0706244800226
0.9464343173471801	297.29494338453367	46.53682534288221	203.26064911891436
0.7959302925695954	90.66211800199015	59.80127302369662	79.08930113513007
0.6071779803720939	759.5342518749954	675.145139694098	727.8883348071589
0.9876392283539153	6.122597268689763	0.6271680287228683	4.061811303702178
0.8701805569921142	291.6524456053377	111.36532320188022	224.04477470404115
0.6595139760542362	326.9890652689237	279.6725553947131	309.2453740660947
0.8833983840676652	553.3397532565889	179.82785911024723	413.27279295171076
0.6532972538298838	196.6411961438568	175.23475185810645	188.6137795367004
0.6500467941719446	99.62046822393586	94.13452310593203	97.56323880468443
0.8927156846070259	1102.6890371196364	314.0890822613895	806.9640540477938
0.9839367832744302	25.57744604261216	1.7513214282331901	16.642649312220044
0.7521336520577335	50.94816838308675	42.41930510535376	47.74984465393688
0.591133813772811	367.29607922591254	342.14059102024316	357.8627711487865
0.6677410316264221	290.2189117049159	246.3861601875	273.78162988588497
0.6039719818076681	999.4335578767036	883.347885562036	955.9014307587032
0.7129998723402409	145.23607096389043	118.23373548478577	135.11019515922618
0.7398081261517168	295.7869251306242	211.75822197352068	264.2761614467104