0.6559593476677053	230.58549723365186	206.36989791777174	221.50464749019682
0.8463242578033005	61.378615647786596	34.73770578670807	51.38827444988215
0.8603867480074537	43.742659915447916	24.14856708735691	36.39487510491379
0.6721643706695236	278.48045057403624	239.79856752869864	263.97474443203464
0.9490855019776656	608.9225015408292	87.89468523627363	413.53707042662086
0.8811083900460667	198.32647157360867	74.80328897754585	152.0052781000851
0.644706911208717	673.687505961904	579.1590122163559	638.2393208073235
0.613807683989784	370.51463440716736	341.37107577265317	359.58579991922454
0.8948665320560731	169.64906989443978	57.71785611851754	127.67486472846895
0.6859496614217415	207.14028930570527	177.5349213495998	196.03827632216573
0.9231305931833783	35.36115482836223	11.468690277734996	26.40148062187702
0.930582829816538	162.82865937837946	36.74271674960861	115.54643089259038
0.9673706910902348	22.814243144560525	3.518965696027486	15.578514101360636
0.9455012775124544	256.6712909124061	43.02797691636013	176.5550481638889
0.7786544631894091	87.86684261994041	64.37523967120107	79.05749151416316
0.7339548360316266	122.15914433765585	98.62467157259465	113.3337170507579
0.9903365321610462	17.49559247998568	0.8666142073875438	11.25972562776138
0.7940656690180641	122.54286840099235	81.24045788763061	107.05446445848169
0.9448122216565492	730.4160623687969	112.7800712548555	498.80256570106883
0.7867067906686556	226.6190592057483	145.07803063319446	196.0411734910406
0.7870260790651625	132.17399052912367	89.317376580406	116.10276029835455
0.9581787914245803	90.98468726116346	13.343188471706192	61.86912521511699
0.8572527668782214	510.1138789172966	210.28228395808858	397.67703080759355
0.5818086268633124	442.0818720675092	417.4636672068286	432.85004524475397
0.8502163150249621	95.47196604302383	49.2715085049315	78.1467944662392
0.6650367184570356	364.04586811519516	312.2582358587581	344.62550601903126
0.9953191352618534	72.07591065321192	1.2131017720325161	45.50235732276964
0.9763394932633137	873.1683926742185	56.46449475582796	566.904430954822
0.9528673188321063	51.45380744473783	9.41312973447489	35.688553303389234
0.8112240897123026	638.9729544686528	337.47373299282947	525.910746415219
0.7241573831546797	378.0913483196993	284.7697849257416	343.09576204696515
0.9428344750643319	561.8821759132326	91.8204639648792	385.6090339326
0.8623835054469176	63.99542186483028	32.46669543325909	52.172149452991086
0.6859683724380095	240.87222115585274	204.19350306892403	227.11770187325448
0.7803409106321803	746.2422382289683	446.9024814070158	633.9898294207361
0.6878867723914469	184.66827041847043	159.08404325392203	175.07418523176477
0.706648516304675	345.272780580128	273.2803617100494	318.2756235038485
0.7868100530146314	629.1725989832805	371.12406234829825	532.4043977451622
0.600698594510643	465.4118294457486	430.6568606202168	452.37871613617415
0.8789717155856087	60.565168595559534	27.456223949294774	48.14931435321025
0.6838876128448481	131.04866735251179	117.05117104435892	125.79960623695446
0.9532298105901952	38.40494826312387	7.419972677326001	26.78558241844967
0.9031677293477761	185.95149448222878	57.67276196914972	137.84696978982413
0.9765463052054535	15.746899238639397	1.9817539404200275	10.584969751807133
0.7127655069247488	152.9793759210353	127.1808763013713	143.3049385636613
0.8952685152548722	162.41749662651762	55.337775086518874	122.2626010490181
0.8918451229943803	322.65652834124796	105.39228264251327	241.18243620422243
0.6895348199465263	574.8996166184269	458.37338102500905	531.2022782708951
0.9159054753190531	467.35728790544266	114.64569032107266	335.0904388113039
0.721450248681492	696.816347929845	508.85410836914804	626.3305080945836
0.5462390381208226	609.5789338303151	585.2985344646942	600.4737840682072
0.9296634503080208	50.06235332247879	13.778410571607594	36.455874790902094
0.6591225815617796	585.8857080980979	494.9917832447067	551.8004862780763
0.5959472432903415	368.56068098076844	346.09219645930284	360.13499928521884
0.9447471126770742	84.23390405432968	16.571069926185274	58.86034125627553
0.6453307403214424	223.73087239435006	203.71721940960072	216.22575252506905
0.9329949678583902	21.103658720670367	6.887013584389102	15.772416794564894
0.8087650731774277	670.6835550757921	357.22059615885274	553.1349454819398
0.7474736308897721	381.1536096348071	268.32818002508435	338.8440735311611
0.8629212823182059	43.91846757098176	23.816201605118138	36.380117833782904
0.9639111798443905	201.54834813393114	22.870396310110777	134.5441161999985
0.9623394097790364	1038.128693242918	106.04746615745125	688.598233085868
0.8406549898869723	218.26235549097922	108.00055155074594	176.91417901339173
0.8013468990808882	57.65686420955214	41.24510107112003	51.5024530326401
0.8267171280298901	127.11080770543359	72.19892370345562	106.51885120469186
0.5644657160514933	397.6771280437924	382.3484310835634	391.92886668370653
0.9566295621951454	443.20841470840963	55.86609438063505	297.9550445854942
0.7260748242732716	162.9725270503664	130.52121656216258	150.80328561729
0.797837951861798	307.9695207270976	183.13745324363742	261.15749542080005
0.9528134369974303	22.232668653019957	5.015276038342902	15.776146422516062
0.7064798044270518	701.5520067380688	532.2404969800856	638.0601905788251
0.9534792240284089	638.1168119206368	83.71836878981111	430.21739574657715
0.9481613795878385	228.73476648019204	36.90707495421138	156.7993821579493
0.9561666149493744	303.6293016757149	40.10989947469528	204.80952585033253
0.8067642778562353	352.8338459593783	199.2595024945629	295.2434671600725
0.9472565427318523	259.992617322712	42.10832397238573	178.28600731633966
0.8286940291935699	403.5531371464384	201.78188687100328	327.88891829315025
0.6536899067486556	313.8473133671886	276.58360351811666	299.8734221737866
0.6454758963550465	482.1419658348336	420.55016172160333	459.0450392923723
0.724076545030091	370.4642152846442	279.4736385577363	336.34274901205373
0.943364748365269	18.98496940459419	5.4234742621630785	13.899408726182523
0.9487457661218052	33.1904643712158	7.2805789055963075	23.47425732160849
0.6591445520953606	638.3052313106962	537.0351614873885	600.3289551269557
0.8990627328738119	85.13277596340791	30.563066761941997	64.66913501285819
0.9104118356136883	26.343835881682878	10.730194601358642	20.488720401561288
0.8416730174765821	56.58809843972676	33.37221820420604	47.88214335140649
0.7314238038678909	108.27805484012211	89.13231286414674	101.09840159913135
0.5755557598350316	496.0887361684465	468.98143797163056	485.9234993446405
0.7503315885811883	76.70579008451786	62.62332410309663	71.4248653414849
0.8456820513682	232.91839808664434	111.0706528508037	187.2254936232041
0.7951652607625322	231.09321396333218	142.653351724895	197.92826562391824
0.6522466620383213	560.6655028991199	480.23660796485905	530.5046672987721
0.9694507790775677	32.71306966586991	4.272965649985027	22.048030659913078
0.8173876201692423	367.86608154210796	196.67883217352403	303.67086302888896
0.9451144668641541	522.4571830688459	82.3989753096024	357.4353551591296
0.7246485168885601	374.8800836914002	282.14759782211837	340.1054014904195
0.8537521726456824	819.2046970789168	333.76426053247957	637.1645333740028
0.9928596827982327	15.255861315171003	0.5880869662430825	9.755445934323033
0.6469297128859958	271.8053134055707	244.00566634089924	261.38044575631886
0.7371242498285121	88.40094028686323	73.43548557749611	82.78889477085056
0.7624761557159413	297.17446378963183	203.10019208726052	261.8966119012426
0.9475320044047836	199.23451712114485	33.06174268790329	136.91972670867926
0.8830928251053088	199.5092461548083	73.96730531075684	152.431018338289
0.6211059684072808	358.6586666050366	328.1521258336038	347.2187138157493
0.6755794881911571	451.40624091757945	375.23996386091926	422.84388702133185
0.8733947027212025	162.12431757938057	66.55245345489735	126.28486853269936
0.9087058996388961	614.5210172769962	160.06989679349005	444.10184709568136
0.824236029804193	378.2639031573833	194.77954003115755	309.45726698504865
0.8468819694435898	79.67904239086349	43.096713168216894	65.96066893237102
0.9423201357274923	173.74154274150538	32.258045883920104	120.6852314199109
0.9471719852566342	59.28033765347701	11.841279033702797	41.490690671061685
0.7044540758662936	150.8732715713196	127.87925083191482	142.2505137940428
0.6283806609230179	382.2823614866473	345.51459249247563	368.4944481138329
0.9362247884469178	322.283318936393	61.8697467682731	224.62822937334806
0.7631106169648888	592.2101824505235	383.95296162750554	514.1137246418917
0.9349424047663681	696.1212000358612	127.45001796845423	482.86950676058353
0.7715559104000853	102.4311801157255	75.43410190081472	92.30727578513395
0.8998011336978666	24.99346844980068	11.536648382402829	19.947160924526486
0.8435814078449406	435.50813441443427	198.59354512447496	346.6651634306995
0.7160683764931516	143.5138947544458	119.11892737597422	134.36578198751897
0.6865982021787747	393.1584860637045	322.397204256214	366.62300538589557
0.7687240522957146	105.70786020854293	78.29467798557876	95.42791687493136
0.7409386650226911	95.88526544771669	78.08112706234415	89.20871355320199
0.8167384765055279	538.521185168666	280.21547564436196	441.65654409705195
0.9105018445130033	344.1323582365285	92.41364004523334	249.7378389147928
0.7472482961660549	267.66949764598206	193.74325341151763	239.94715605805789
0.9461534166867634	101.78372506942092	18.94681322857575	70.71988312910398
0.7725667793907863	295.348570038889	194.9101803714421	257.6841739135964
0.8371308289845604	489.8284554311351	229.9180362272714	392.36204822968625
0.5723632497052011	541.5751434298352	511.7744434971674	530.3998809550848
0.9208577702514262	649.0499288373524	145.70774801727464	460.2966110298232
0.8728914687701804	418.61016666775305	156.61509247361408	320.3620138449509
0.9248617439854089	233.19375291766497	54.65046178989908	166.24001874475277
0.9293707041860552	105.4035191827029	25.658014381052	75.49895488208381
0.9033341635049238	68.30415121571008	24.35642427847409	51.823753614246584
0.9231145499326341	90.1406115521944	24.46307514308333	65.51153539877775
0.8782084252063324	114.14541662518079	47.19173570455312	89.03778627994541
0.9669647257991731	127.49045745419744	14.02148707335391	84.93959356138112
0.8247950857715588	79.15544840756215	48.3925895036196	67.61937631858369
0.8074748153745208	227.09424123845264	133.0072705065686	191.81162721399613
0.8382387747952026	743.8189501302875	336.194086247572	590.9596261742691
0.8372541047370954	101.05761240442375	55.859348604145325	84.10826347931935
0.8080110500507236	122.62199222770363	76.58373466117416	105.35764564025509
0.5205554377537909	597.2827305329864	582.5934449870059	591.7742484532437
0.718474748456654	242.3352231724771	191.28853535726407	223.19271524177222
0.8567265056307606	250.13769107419034	110.33750101546849	197.71261980216966
0.7525061480821892	616.3821469568525	413.23453483382485	540.2017924107172
0.8759396792056432	61.971750228957326	28.652341905032507	49.47697210748552
0.7493265983907998	247.40306464304902	179.10604351131755	221.79168171864973
0.7724963030190724	104.74484956362787	76.68322047965415	94.22173865713772
0.7597955559145666	751.2110561992076	485.42922090496876	651.542867963868
0.8433328176665871	36.219978991630626	23.148124592661187	31.318033592017088
0.7756175019310544	272.74966830932135	179.19450746904818	237.6664829942189
0.9473912823939169	141.16532510748394	24.515256803458897	97.42154949347454
0.9580703220165748	270.90067499562485	34.62562012658458	182.29752941973476
0.8466831222964133	161.22872633865958	79.53052526817063	130.59190093722623
0.9294031210974557	54.6939747305787	14.848520237092576	39.7519292955214
0.571304345359111	454.4242036484498	432.48982031571785	446.19880989867534
0.9380229015016912	22.648710974728743	6.6829941672827875	16.661567171936507
0.9467461897171932	245.02423128709955	40.317687890188395	168.25927751325787
0.9501092304757681	518.701666328144	74.31201221021982	352.05554603392244
0.58072630023119	464.4948267974901	438.2228305766155	454.64282821466213
0.6263833581829588	262.3824129661112	242.4723379690365	254.91613484220818
0.7999810050003408	627.8424732277504	349.9616975595276	523.6371823521669
0.8555328978388559	318.0775283824263	138.17434107674637	250.61383314279632
0.8622901004356626	874.745041100414	334.52543253518144	672.1626878884517
0.7345699993862799	107.8643027581742	88.12058200841642	100.46040747701504
0.871942740923323	734.5225040434102	264.6952433727067	558.3372812918964
0.9009126179200204	61.345765276092635	22.840341634159046	46.90623141036754
0.554490089882168	470.1963259891654	452.60331300110965	463.5989461186445
0.839212789182675	174.83120917357206	89.33487737191426	142.7700847479504
0.6626821659975162	674.5484065462981	562.5025229519586	632.5312001984208
0.9067312913415065	127.32508131689451	39.8837301659869	94.53457463530415
0.7807103263826379	149.16719011823827	101.88915256099511	131.4379260342721
0.868089964720491	33.62499193427506	18.66975900746717	28.0167795867221
0.6709574050259866	296.55145094068615	254.88106770813332	280.92505722847886
0.8710210284028688	62.589683124420105	29.980016221376847	50.36105803577888
0.8873581888549288	75.37508871705816	30.719096557229776	58.629091657122515
0.9058974110251828	849.9707573261438	222.74557613012382	614.7613143776364
0.5960178788897675	488.1978045869533	453.05446885366547	475.0190536869704
0.7291870214280266	202.77802336405944	158.0463251301931	186.00363652635957
0.8911632231258918	118.1868965287978	43.570963494591524	90.20592164097044
0.8186259357549966	150.63840201274968	87.35876928776027	126.90853974087864
0.9690081298330504	39.38260457952939	4.994263520707605	26.486976682471223
0.5765047732276826	375.8207298120855	358.7731611160462	369.4278915510708
0.9818297022246883	33.710992199964615	2.5891975761803874	22.040319216045532
0.824783268250954	62.960787379607595	39.895699567673674	54.31137945013238
0.7291337208420481	536.6809746403153	389.72658726460196	481.5730793744228
0.7341296955443776	93.34815702158254	77.62563688364811	87.45221196985713
0.8013986276694617	103.9386652536328	68.20016747906162	90.53672858816861
0.8568218751082601	678.8323431905557	274.5157535008982	527.2136220569341
0.91403962855028	148.72853108930207	42.08357528501479	108.73667266269433
0.8651717859436069	45.1327670085833	23.96510219201055	37.19489270236852
0.8478382066854302	134.70540388479975	67.41337419808329	109.47089275228107
0.9952252170485961	80.03891050594741	1.3489676189148696	50.53018192331021
0.8532925573724601	408.0663973823603	175.9496497350811	321.0226170146306
0.9278352890791289	163.8625477589914	38.4188135341018	116.8211474246578
0.7896004750949499	81.76002424685798	58.09208477718873	72.88454694573201
0.6078573298730765	364.9234742904234	338.68182124800296	355.0828543995158
0.8887017553815769	58.30644265875462	24.54422782450438	45.64561209591078
0.678321236888009	237.51852057304095	204.44521531620612	225.11603110172788
0.9172392655187478	22.340657863945857	8.8376476379477	17.277029029196548
0.7479991238246497	543.3327325441265	372.66899782118566	479.33383202302366
0.7966668014847977	241.09392652799653	147.2978800415769	205.92040909558915
0.6256287100426362	492.1043991874395	441.0715309391402	472.96707359432725
0.9340894174464134	713.2761052955143	132.10318501133992	495.33626018894887
0.7788972589512526	78.04071912491901	58.054322541072644	70.54582040597663
0.9682708445670994	28.58975537439214	4.017941758025943	19.375325268254816
0.6656632004311214	213.9566737513998	189.56194083816368	204.80864890893625
0.9806588493505483	19.527714696417462	1.8695910272777265	12.90591832049006
0.611751652326344	552.8181509927135	501.6262712940447	533.6211961057128
0.8731302168136639	50.90805026149259	24.926335536157893	41.16490723949208
0.8597886820112954	41.42654762237048	23.224123060779576	34.600638411773886
0.9102844551340792	87.5683417632055	27.85113907708336	65.1743907559097
0.8264656199283944	250.43870334172254	132.28931821155476	206.13268391790962
0.986948767632344	158.80596211483592	6.648703900492279	101.74699028445706
0.8455636052845662	455.6177123153617	204.48082641586896	361.4413801030519
0.7703881220353528	160.41578191846799	112.84486443309896	142.57668786145462
0.790850983638755	430.582529976835	256.73119643775516	365.3882798996801
0.8148621695516922	123.74272638958787	74.7924741852594	105.38638181296469
0.6423247433332261	619.7165385467534	536.745415529357	588.6023674152298
0.8859218396983183	86.16956781050199	34.81383094871636	66.91116648733238
0.7758286259187214	160.9852861468845	111.04799444171908	142.25880175744746
0.654393178720801	532.3232348253816	455.50953981531114	503.51809919660525
0.6374677291903439	242.72559362777912	222.22315847879224	235.03718044690905
0.7950008180497173	744.3086636530459	419.3300162457051	622.4416708752931
0.9980121611591047	588.9915884604231	3.2632154147426036	369.34344856829296
0.859386852492626	134.16044039079935	62.355054806258266	107.23342079659645
0.7736489513955309	244.0781769990049	163.10081682426502	213.71166693347746
0.9280781414702615	477.5158714497526	99.82900574877056	335.8832968118843
0.7711562044401665	135.06240122409122	96.48688651255576	120.59658320726543
0.5582493100637231	399.90193428966046	386.117019999213	394.7325914307427
0.87257296381581	67.89503957931129	31.707716648503563	54.32479348025839
0.5577431368178503	452.703633202667	435.3394026960967	446.1920467627031
0.8700079019939833	214.82633711127548	87.64080094402678	167.13176104855722
0.7742848267365069	63.857787080064945	49.71746731242347	58.55516716719939
0.9013661993696294	171.92223090714006	54.81068354133718	128.00540064496397
0.8755868478560087	56.57865658295911	26.660239020948467	45.35924999720512
0.9845637128766257	140.51444346292246	7.081798316060514	90.47720153284922
0.8766854208790614	161.62339617954513	64.69174701520177	125.27402774291636
0.6694268684957545	249.78565169570265	217.63996553921794	237.7310193870209
0.9016164558130002	156.16168639232046	50.24968782941422	116.44468693123062
0.8772009593053182	43.56404159692306	21.332450951658426	35.22719510494883
0.7616964377456233	234.38303087580834	163.85743286088336	207.93593162021148
0.562686579339652	569.1707910080488	541.1759962785432	558.6727429844842
0.9590246727911491	33.238969565005924	5.816007277174977	22.95535870706932
0.713197339640677	648.093292883216	485.60091615199843	587.1586516090094
0.9266232000649631	254.80611634803878	57.74668053814932	180.90882791933024
0.8587201306017181	400.85459950269853	166.91675797276568	313.12790892897374
0.8785133872296934	679.326294618897	233.76366343766168	512.2403079259337
0.8271193725854411	371.01361948115897	188.45253425854327	302.5532125226781
0.9366601688726736	46.701766403903726	11.734212386472286	33.588933647366936
0.9668177182841591	57.047078150798455	7.178300314034189	38.346286462011854
0.7614006033041499	738.4602019246535	475.0034446367846	639.6639179417026
0.6412938470728937	399.51444226086863	353.9748117480743	382.43708081857073
0.8143367248368314	54.40044301081647	37.14875470010045	47.93105989429796
0.7630432064379467	255.22609887730007	176.31580632229137	225.6347391691718
0.8552175707893787	91.48281805668319	46.01875325328292	74.43379375540808
0.8443470086540257	108.35262403271005	56.948489566263845	89.07607360779272
0.6856215430566789	350.24431509735246	289.821692881942	327.5858317665735
0.9905328320357312	136.75344419840954	4.229749416345555	87.05705865513555
0.8004839373962693	756.8941842915222	415.692920371044	628.9437103213428
0.7496473304596489	87.14803182306024	70.10038368285568	80.75516377048352
0.8280716231391312	224.35571168060875	118.78663566782762	184.76730817581583
0.7632990818311916	82.02982757715178	63.84203156392071	75.20940407219013
0.7740155761603188	391.74189282563805	251.42996150587044	339.1249185807252
0.6544570402508504	655.8646288922691	555.5741422636302	618.2556964065295
0.9641409411463159	236.50736187613262	26.187255463155097	157.63732197126606
0.9828510077134178	90.94452535054522	5.427460686587011	58.87562610156089
0.5936072016949527	350.62347340435736	330.7108049404501	343.15622273039213
0.9529004285236905	218.80884170802108	32.21214724633366	148.83508128488828
0.8745188312903788	74.12150501345938	33.619559827707434	58.9332755688024
0.9236555876129383	94.50902500066117	25.286682544501204	68.55064657960118
0.5836614438988869	406.38993082836936	384.39953338035076	398.14353178536237
0.9626646842859117	31.027128831953327	5.029249400068416	21.277924044996485
0.7650689423812792	71.11020054363419	56.141550307157026	65.49695670495525
0.7531694027100913	72.85357553570097	59.42148442583822	67.81654136950245
0.7835633663286078	283.23378842650845	179.94693323037723	244.50121772795924
0.6852748478694652	200.44765001868845	172.43893074231173	189.94438029004718
0.8753792032727586	80.00543384543109	35.61574517092602	63.359300592491685
0.5177188950227601	597.7835824115693	583.9114446560238	592.5815307532398
0.9124771381577848	100.61735289590538	30.57547998894683	74.35165055579593
0.7119784328304517	240.3649186464335	192.83283979618446	222.5403890775901
0.8627392161730875	143.44369655263674	64.60614747018235	113.87961564671635
0.7046540204888126	136.09693913245954	116.39738860930258	128.70960768627566
0.7144019851668361	349.6440521646849	271.42190201185474	320.3107458573736
0.7138517339455869	98.02103330554729	85.01865808461906	93.1451425976992
0.8827001044426661	248.27383807640007	90.20223631884248	188.99698741731598
0.5863080884922192	501.0512100887773	468.95663021052843	489.01574263443393
0.9568089874609466	856.2488727874631	101.87790367887612	573.359759371743
0.7951372717474514	106.968827773674	71.77814872065487	93.77232312879183
0.9621308111119329	33.1621123188906	5.361888720921179	22.737028469652067
0.8326817008756986	99.99027674029348	56.757906646604724	83.77813795516019
0.9094033594845697	72.54719953974212	24.016558183429893	54.34820903112504
0.7753128329564085	76.38192151187101	57.70769756154601	69.37908753049913
0.7026261304503594	554.4758334138683	430.14130179234803	507.8503840557982
0.871697060222759	130.27006241514653	55.65979479075962	102.29121205600144
0.9464734488525465	354.3589821738369	56.46741830163103	242.64964572175973
0.8799950325820017	752.9674793900224	253.95010729507732	565.835964854418
0.7380255621415499	144.61906628482535	113.5506177920965	132.968398100052
0.8282491420985981	92.71801663797646	54.440650144891066	78.36400420306944
0.9700535844317376	235.29725411479316	21.732771631648944	155.2105731836141
0.9091385390450915	40.500889278618146	15.03226998377683	30.950157043052652
0.8884338335404468	560.8712494656407	179.95629484838355	418.0281414841693
0.769314701757361	82.89947154401504	63.19251845919168	75.50936413720628
0.7285723632098579	88.39682306399449	75.02470047542654	83.3822770932815
0.6252625380406358	510.960895318883	457.4122394342029	490.88014936212795
0.971743653896269	307.4817266684389	26.03047616694218	201.93750773037766
0.9645819323473249	121.03086654066523	14.385442430887863	81.03883249949871
0.717740710648139	116.17802211045762	98.07713655713869	109.39019002796302
0.8933844181067643	390.5984964030116	123.55040378660377	290.45546167185864
0.829365346739673	46.88273684380121	30.601557115456984	40.777294445672126
0.7249102962594587	248.85958142699417	192.88357631237193	227.86857950901083
0.9053401909062623	101.29942865171617	33.246180725796364	75.77946067949624
0.7360037921895387	217.8003985525409	165.66926106742665	198.25122199562307
0.9016307498509839	47.019581900789426	18.284918106862555	36.24408297806685
0.8315080664963064	70.25562593536026	42.25294585462991	59.75462090508637
0.8807168649685614	108.00399759205672	44.09267976071706	84.03725340530436
0.9148416932287	367.39386285184094	93.27720133767392	264.6001147840283
0.602355089837824	268.6920973253997	254.52073169719108	263.37783521482146
0.6236773516797735	230.11724942850702	214.94089115636507	224.42611507645378
0.5831705201175189	376.77210811822846	357.6368625396996	369.5963910262801
0.8866910712942818	176.164081793371	64.25187695983834	134.19700498079624
0.6742413265242095	265.98589520096795	228.87751914276419	252.07025417914153
0.8229433304503831	144.07356049342525	82.18839662233871	120.86662404176779
0.9080656677237046	58.78632895161829	20.486912325001907	44.42404771663715
0.7172537085915639	382.4328151233408	293.00690339975836	348.8980982269974
0.9176885606132769	45.89064064778146	15.0390313864853	34.3212871747954
0.701924422816796	108.91378792549123	95.74918330468894	103.97706119269037
0.5641859169036253	391.16535642217156	376.3984567285867	385.62776903707726
0.9635325716130356	35.115232706115876	5.3903476484188	23.968400809479476
0.6158958737982179	237.5921900187662	223.43675776152566	232.283902922301
0.7387742723030328	83.19176867410813	69.34265894639127	77.9983525262143
0.9571633346613835	433.8753538110392	54.11055278823096	291.4635534274861
0.7095691336573645	119.54565154675619	102.45908322058254	113.13818842444107
0.8556874586336097	120.14867237827882	58.04000274986369	96.85792126762314
0.6145500826547075	482.64536201479996	439.02229119515846	466.28671045743437
0.566037186741987	391.7824210387443	376.45591361681323	386.03498075552017
0.8199604372508426	176.65835850960883	99.99132176011676	147.9082197285493
0.9481239814193237	40.946206307333	8.656435932206296	28.837542416660483
0.9318551332540842	319.7769504089738	65.69111222125976	224.49476108858101
0.9108984023858362	813.8070533329721	202.46570506868125	584.5540477338631
0.920775032235307	624.3519669403029	140.75926126440518	443.00470231184124
0.7890716954245738	380.110348985974	230.5217038608867	324.01460706406624
0.8280036683289976	315.0488350924959	161.55001298169196	257.4867768009444
0.9655036067066156	66.99642333348477	8.512285731152872	45.06487173261031
0.7371470598650091	152.4960585897892	119.40051191497984	140.0852285867357
0.8188185742127425	93.94089519272123	57.725870726339906	80.36026101782824
0.9829293366328773	325.4836735348215	16.464744080895855	209.60157498959938
0.8040464246012031	505.50162066458495	280.9553487201646	421.2967686854273
0.7611253803594682	76.95151196391532	60.8212558924096	70.90266593710068
0.8109810857638283	61.80844952842446	41.93042584035024	54.35419064539663
0.9285241000882553	61.540343298395015	16.549445812782185	44.6687567412902
0.6828088732591454	218.94343780432126	187.9964989903591	207.33833574908545
0.8820022417969959	83.26372336261319	34.94632404087233	65.14469861696037
0.8003529372872149	52.73707041553759	38.47178356935021	47.38758784821732
0.6452341094042392	431.288053194958	378.4258827772243	411.4647392883079
0.9704191195863221	44.10554880070265	5.205469139551365	29.518018927770918
0.8709149247611047	106.37469039478805	46.9738022283459	84.09935733237225
0.9617043178315766	111.04668869956372	14.461086493629068	74.82708787233823
0.7687185412758128	76.83320439634724	59.295018504051285	70.25638468673625
0.9593547552780891	34.329846837139755	5.911112161620661	23.672821333820092
0.6316907218089117	273.73031569724924	250.72250062574315	265.10238504543446
0.988301030289486	30.803320466074645	1.5540841619100387	19.83485685201292
0.8006624808714488	103.22984930451412	68.00597341059918	90.02089584429602
0.6625684648031869	155.15380830630517	141.44624159324104	150.01347078890612
0.6686564637226343	276.94220714628926	240.01398468066398	263.0941237216798
0.7098591241310968	132.90618675112432	112.66731352106694	125.3166092898528
0.7711321033391428	75.54933238584961	57.979646412413345	68.96070014581102
0.9687062081834867	983.6352527945946	83.4967771843053	646.0833244407361
0.7456631753707188	318.89170855996304	228.77167123423226	285.096694562814
0.7354837060752003	729.2225289323914	510.4534955539133	647.184141415462
0.6379812208579415	252.35690801820127	230.35228917779264	244.10517595304802
0.6794706960554141	133.0526410460215	119.5928425050278	128.00521659314887
0.7210654336327467	235.6972555539973	185.26583673309648	216.7854734961595
0.7980266225851568	96.37127767961778	64.76546924989529	84.51909951847185
0.8169561426450253	217.52560463143647	122.30473253544956	181.81777759544136
0.7478515151803254	108.30982003720307	85.31589081243509	99.68709657791507
0.8081726621033017	88.70683094497858	57.7174009585351	77.08579470006228
0.7805587200985125	185.78369643014315	124.1425009367278	162.6682481201124
0.5834443762102877	627.8363833234429	584.4091812682594	611.5511825527491
0.860473917617308	306.6208554738123	129.2514424351973	240.10732558433168
0.6077943794509258	255.41926887838207	241.28122903681373	250.11750393779394
0.9107467824859994	72.52638634505391	23.65713091333678	54.20041555815999
0.59507399159235	502.5023191557342	466.24089477736925	488.90428501384736
0.8066841168109291	319.50104996442366	182.0391231554001	267.95282741103983
0.7095274270193175	671.1315060047331	506.5557006749508	609.4155790060647
0.7459952876751644	298.81054148435794	215.22474215813125	267.4658667370229
0.948192842284145	263.43017449763573	41.841889536078085	180.33456763705163
0.7265950592419024	354.54505262661075	266.4871046427294	321.52332213265527
0.8265477801609308	148.41574133773054	82.82462573933776	123.81907298833325
0.6638442506867744	310.89724163493014	269.69892134263415	295.44787152531916
0.814756573341841	130.22319087797968	78.26128121285474	110.73747475355782
0.7999118704747893	86.51520757611928	58.528331585792614	76.02012907974678
0.7830575559618402	190.835047344658	125.98295039531729	166.51551098865522
0.9589011284432699	39.172534589245814	6.613074706865277	26.962737133353112
0.6516813594690457	594.4066476867525	508.1906188373995	562.0756368682452
0.9554103494023474	58.918119712822296	9.929345029318121	40.54732920650823
0.7288443270395087	466.90792729785574	342.3446290817353	420.1966904668106
0.855130753323001	53.66420843787381	29.462278360969886	44.58848465903484
0.7212905280955829	401.14977583130633	303.2049054446853	364.42044943632345
0.8828539525865426	135.32183084969006	52.668831683446555	104.32695616234875
0.8067786984487226	105.74155014845283	67.633379530719	91.45098616680264
0.7078525865935044	204.83865417293953	167.96959613612438	191.01275740913385
0.9903640961486205	24.756285459418837	1.0913104695822398	15.881919838230113
0.6651262921512919	609.49292514796	508.48344684671116	571.6143707849917
0.6715156341416725	397.1931651766744	335.1120946170709	373.9127637168231
0.9021077064771436	781.824185963454	214.4736892891131	569.0677497105762
0.9114393779862373	98.79429388059438	30.458761466525317	73.16846922531849
0.6022540420151713	577.1020480569547	528.5029650627263	558.877391934119
0.9319302311933256	28.395521802325433	8.621758912157865	20.980360718512596
0.8031215159209614	48.79008738984231	35.693321478751415	43.87880017318322
0.9816866268960862	77.69811919693737	5.080912105022428	50.466666537469266
0.9359470743080188	603.5028624217425	110.03048294063211	418.4507201163261
0.8614607960265285	82.11835698885946	40.273996489123576	66.4267218014585
0.8745189381974204	53.95264226227662	25.857051337404677	43.41679566544964
0.7645107590935671	91.73409017242464	70.09605884347518	83.61982842406859
0.6387213666487821	269.47122787365504	244.79619522639325	260.2180906309319
0.8608080434754902	90.3245934123984	43.865313941082604	72.90236361065497
0.9167566526571796	426.04938994407854	104.29914521445204	305.3930481704686
0.6801606423501659	444.0855531609752	366.2311722291364	414.8901603115357
0.9325192346569827	87.31573096303713	20.889279746768537	62.4058117569364
0.8705062617236161	37.803679483054346	20.07201779256326	31.154306349120187
0.927497116130756	151.11314662355073	35.96186355224592	107.93141547181142
0.6946293322521507	670.2067764012195	524.0830857784802	615.4103924176923
0.8609220825323709	413.7848888306227	169.21284620207888	322.0703728449188
0.8607568648060059	81.70413934505656	40.293860617054335	66.17528482205573
0.8971883490433632	323.6997030634583	100.5011803968205	240.0002570634691
0.9193542591614651	23.01943621488765	8.792411798262993	17.684302058653405
0.924738925385733	41.91021159162755	12.806063636532372	30.99615610846686
0.8405249715224671	460.2131633966239	212.80683164986607	367.43578899158973
0.8586008239841589	215.2784518780827	95.23977649990411	170.26394861126573
0.7642702340230747	547.3061986456448	355.28734707868205	475.2991293080338
0.9179708152609188	613.5299937506607	143.47721731719687	437.2602025881117
0.832176702460436	70.85833611756057	42.40760725120283	60.18931279267642
0.8020669521083076	331.1398055401056	192.09960652553423	278.99973090964136
0.6963775703975217	604.7166645298089	473.60905078691576	555.551309376224
0.6572648081280922	682.781260920901	574.5288062579237	642.1865904222846
0.9729231527978179	727.6479958661805	54.57326109728143	475.2449703278433
0.8791514106526326	416.6721034815598	148.39139232513676	316.06683679790115
0.7799270031789112	163.82891940276372	111.12581296551045	144.06525448879376
0.7267968312326248	250.70760514209266	193.25411554692252	229.16254654390386
0.9441733879449342	26.855609345520804	6.786245726657276	19.32959798844698
0.9646323315183971	21.751257008244053	3.6939153446416455	14.979753884393151
0.8509439715019615	54.655862523605094	30.7010063808992	45.67279147009039
0.6486406983756963	260.88490064081844	234.19916084546878	250.87774821756233
0.7741489793993129	90.70215153747833	67.22690866021907	81.8989354585061
0.9033958979435781	80.73390700161448	27.98627393681798	60.953544602315795
0.9375733078544881	54.13593138024503	13.015548799954395	38.715787912636046
0.9776386978890219	80.06378004085292	6.36970526120632	52.428501998485444
0.6453131431202072	295.11327061449015	264.271675243524	283.54767235037787
0.8913453198556579	161.4213763014654	57.07672238708315	122.29213108357204
0.7154297202934656	342.28078978683914	265.4210194493568	313.4583759102833
0.7897533210661394	80.54242217498879	57.31323333446151	71.83147635979105
0.8599925760460522	114.1790543186365	53.96035861782056	91.59704343083052
0.6935934727874284	122.82224043978933	108.42657082289317	117.42386433345327
0.9818520356748544	22.173669912620895	1.9102421228519422	14.574884491457537
0.7898345751304352	416.88865072037925	250.23179117366146	354.3923283903601
0.7070800096897757	141.4956917265024	119.96155176497511	133.42038924092967
0.6729276061523832	365.36557297714825	308.97316736363297	344.21842087208
0.7210911386209865	329.38848848435566	252.485544026933	300.54988431282214
0.7916834375965028	200.6430049043376	127.38527700110575	173.17135694062566
0.7785138129618596	265.98678013724907	173.24887141355794	231.2100643658649
0.7742333349707279	60.91737803561487	47.79284993632336	55.99567999838055
0.8592137732055192	38.50254680679416	22.013201440911544	32.31904229458818
0.8680092401468682	45.39863712553935	23.601748971196912	37.22480406766093
0.6745606435573402	296.54151923021954	253.24374669847117	280.3048545308139
0.8372251940675278	550.5528917713966	255.926460506968	440.06798004723584
0.7576877821449505	648.366146986272	425.84317606106896	564.920032889321
0.8440232077790619	63.78253652011751	36.35364504036361	53.4967022152098
0.8126265764607622	72.9499369973899	47.85685268186961	63.54003037906979
0.8203210963783595	116.02476597839771	68.84314602595956	98.3316584962334
0.7587509714447181	388.5471152673118	263.3698095720116	341.60562563157424
0.9909335256022832	48.625950876765174	1.7106832148442486	31.032725503544825
0.5724300513093561	410.68017502238354	391.975627879326	403.66596984373695
0.7560952463066554	70.74903393421617	57.45413183848039	65.76344564831525
0.5561852593166706	605.6190395363257	577.5431339959856	595.0905749586982
0.5809198598417178	320.6817614701872	307.06995835984037	315.57733530380716
0.9727411593768756	74.1586625658486	7.298830228878593	49.08622543948484
0.7767748184374135	690.4087303055936	421.34837647026995	589.5110976173472
0.77683872894792	135.97229394417016	95.14285954808261	120.66125604563733
0.7094672701020399	220.6778795974887	179.24744501517057	205.1414666291194
0.5970324194376339	534.9669291024697	494.14056970824277	519.6570443296347
0.7098971871115967	172.10676862970038	142.52481575754896	161.01353630264362
0.7414952103729985	207.1074648855384	155.78957965864257	187.86325792545247
0.667308169258727	144.82106204763346	131.80826056791943	139.9412614927407
0.8114048035472566	292.5691811524883	164.29890653012023	244.46782816910027
0.916941452954813	405.1919891679815	99.41751236898705	290.52656036835856
0.8488392336128671	75.75999386544775	40.80724067252295	62.65271141810096
0.6368357733907544	369.9204288221823	331.14083245006964	355.3780801826401
0.7339997696362845	262.13817892428506	197.49261938550387	237.8960940972421
0.765794445365322	261.4799794098067	178.57729561630944	230.39147298724524
0.8427241002990248	37.10492386876865	23.665425534978084	32.065111993597185
0.7163839579298275	246.35379881332324	195.20468642926915	227.17288166930294