0.6559593476677053	704.5376501006425	619.9821131207431	672.8293237331802
0.8463242578033005	198.76551671667337	106.63220955940162	164.21552653269646
0.8603867480074537	144.74648043098526	74.66958339129877	118.46764404110283
0.6721643706695236	847.5353320088776	717.9624447195694	798.945499275387
0.9490855019776656	1833.311901276828	259.7046061841703	1243.2091656170812
0.8811083900460667	612.8267162533034	224.43200957760888	467.17870124991794
0.644706911208717	2014.3451078989794	1713.7620354983057	1901.6264557487268
0.613807683989784	1118.7711929750956	1018.829460805069	1081.2930434113355
0.8948665320560731	526.9697453893687	173.58836903638894	394.45172925700126
0.6859496614217415	635.4262476099482	534.0445491968383	597.408110705032
0.9231305931833783	119.15019571911256	35.605246237913036	87.82083966366274
0.930582829816538	506.6653000844481	110.52248093297959	358.1117429026474
0.9673706910902348	80.15623983260687	11.016364190167657	54.22878646669217
0.9455012775124544	787.9975436699883	128.57964791440872	540.715832761646
0.7786544631894091	278.6637664569557	196.37363848206306	247.80496846637095
0.7339548360316266	381.62717091616247	299.2028691442226	350.718057751685
0.9903365321610462	63.4895960358946	2.721433585511754	40.70153511700103
0.7940656690180641	383.7552496665715	246.07627848114527	332.12563547203666
0.9448122216565492	2192.4506902801104	332.6841454284288	1495.03823596073
0.7867067906686556	695.9887028494603	434.92009894035425	598.0879763835455
0.7870260790651625	412.7178528348978	270.2331656171457	359.2860951282408
0.9581787914245803	289.74968122421535	40.56945878721491	196.30709781034017
0.8572527668782214	1539.874801591222	622.9044344510727	1196.010913913666
0.5818086268633124	1329.454163474436	1243.6398222294947	1297.273785507583
0.8502163150249621	302.65693194826093	149.8411715058262	245.3510217823479
0.6650367184570356	1101.3077741417655	931.292098120432	1037.5518956337655
0.9953191352618534	232.21263872093024	3.703234517287626	146.52161214456427
0.9763394932633137	2613.3211213557447	165.91898759229935	1695.5453211944528
0.9528673188321063	168.93224890054165	28.971429679221117	116.44694169254646
0.8112240897123026	1919.6658961039598	997.7408749568708	1573.9440131738015
0.7241573831546797	1144.9901785719783	848.0677157414013	1033.6442550105119
0.9428344750643319	1694.501453430236	271.61552527190383	1160.9192303708614
0.8623835054469176	206.90702798252698	99.53906802710894	166.64404299924522
0.6859683724380095	735.9980749470233	612.6298157795857	689.7349777592342
0.7803409106321803	2234.389540946744	1318.880558736685	1891.073672617972
0.6878867723914469	568.2488658726177	479.4155623563394	534.9363770540134
0.706648516304675	1047.2214482194308	815.2601383863952	960.2359570320424
0.7868100530146314	1889.9594839190918	1097.801812635404	1592.900357187709
0.600698594510643	1398.8112276369286	1281.4175868619575	1354.7886123463145
0.8789717155856087	196.54979660858413	84.26926612848864	154.44459767854832
0.6838876128448481	407.47426352529925	354.9674092439337	387.78419316978716
0.9532298105901952	128.66724637402046	22.990844172012828	89.03859554826761
0.9031677293477761	575.9382363318257	173.16343721083066	424.89768666145255
0.9765463052054535	57.99987101701086	6.221777511690764	38.58308595251582
0.7127655069247488	473.8866455546723	384.3839816395182	440.32314658648954
0.8952685152548722	505.21006579301593	166.53994444712396	378.2087702883064
0.8918451229943803	984.1583438955802	313.88073602178974	732.8042409429088
0.6895348199465263	1726.128452471368	1358.8517311102503	1588.399681960949
0.9159054753190531	1414.2893966127608	339.92333567568073	1011.4021237613557
0.721450248681492	2086.1867893112317	1503.7501505379487	1867.7730497712505
0.5462390381208226	1821.5500915800626	1736.7919237029232	1789.7657786261354
0.9296634503080208	164.57491437311558	42.432096862466196	118.77135780662206
0.6591225815617796	1757.166838238581	1467.6102988882894	1648.5831359822216
0.5959472432903415	1112.4372486751477	1033.3504045783534	1082.77968213885
0.9447471126770742	269.16954199881917	50.45277586803972	187.15075469977688
0.6453307403214424	683.8228582244147	612.4300166680458	657.0505426407764
0.9329949678583902	74.76983479851773	21.575401738712966	54.82192240109095
0.8087650731774277	2013.3083934365136	1055.8487407941439	1654.261023695625
0.7474736308897721	1154.8955084626693	798.8043223040365	1021.361313653182
0.8629212823182059	145.30373567641524	73.63298212449524	118.42720309444525
0.9639111798443905	623.1593737798298	68.56531060122887	415.1866000878545
0.9623394097790364	3098.221042220339	311.7533070522495	2053.295641532305
0.8406549898869723	671.9182829770647	323.59732750182707	541.2979246738506
0.8013468990808882	186.96390924041654	126.87785000755572	164.43163702809375
0.8267171280298901	398.01712427832456	218.3851570150476	330.65513655459574
0.5644657160514933	1197.8920225716747	1141.2063048511545	1176.6348784264796
0.9566295621951454	1343.1008004831358	165.73321498702262	901.5879559220933
0.7260748242732716	504.163761207932	393.92709611450573	462.82501179789716
0.797837951861798	938.8340323074714	546.4841489714437	791.702826056461
0.9528134369974303	78.32204824904645	15.705967052771243	54.84101780044325
0.7064798044270518	2099.351494579981	1572.9349719534425	1901.945298595029
0.9534792240284089	1919.7024303615572	247.3340062424504	1292.5642713168922
0.9481613795878385	704.4373840489797	110.43250917043724	481.68555596952626
0.9561666149493744	928.0737879960134	119.55155312516672	624.8779499194459
0.8067642778562353	1072.286248389792	593.2459763968777	892.6461463924492
0.9472565427318523	797.9247763402502	125.787889280343	545.873443692785
0.8286940291935699	1223.5672980734944	599.7754672295324	989.6453615070086
0.6536899067486556	952.1853471147147	827.0042313910212	905.2424287183296
0.6454758963550465	1449.9143992184909	1249.791096079266	1374.8681605412814
0.724076545030091	1122.4457143029276	832.595830728707	1013.7520079625948
0.943364748365269	68.14905668804873	17.009480627634073	48.97171566539323
0.9487457661218052	112.47951868695111	22.628937926040358	78.78555090160957
0.6591445520953606	1911.0982781129546	1590.0634159575447	1790.7102048046759
0.8990627328738119	271.67424464199104	93.09488145790243	204.7069834479578
0.9104118356136883	91.08695402267952	33.506466736010125	69.4942712901785
0.8416730174765821	184.07430916539414	102.64722939288787	153.53915425070429
0.7314238038678909	339.6895467932287	271.0187984056146	313.93801614787344
0.5755557598350316	1488.7132275897143	1395.12413805726	1453.617319015044
0.7503315885811883	244.47023542272652	191.69681157084162	224.68020147826968
0.8456820513682	715.8547447197882	332.51536998567235	572.1024791944948
0.7951652607625322	709.55102749974	427.45776961499206	603.7660557929595
0.6522466620383213	1682.5685475779653	1424.8925018062307	1585.940030413565
0.9694507790775677	111.03383802001747	13.286916716298741	74.37874253112294
0.8173876201692423	1117.2594387356799	585.197473259737	917.7362016822012
0.9451144668641541	1577.8340395829205	244.09044443046503	1077.6801914007497
0.7246485168885601	1135.5168855157067	840.3814172994123	1024.8410849345962
0.8537521726456824	2452.116354959708	983.5838566093817	1901.4166680783358
0.9928596827982327	56.45691200138366	1.846534911758173	35.9780205927741
0.6469297128859958	826.9829225146758	731.2335561748365	791.076910137236
0.7371242498285121	279.7263644699022	224.18135972632538	258.8969876910609
0.7624761557159413	905.7906105895786	606.5850890024224	793.588539994395
0.9475320044047836	616.1443387390684	99.17709762781215	422.2816233223473
0.8830928251053088	616.3963400984949	221.8990560996607	468.45985859893204
0.6211059684072808	1083.8465950074276	979.6590765121492	1044.7762755716983
0.6755794881911571	1360.632444747986	1115.9464483138854	1268.8751960851982
0.8733947027212025	504.11439973744325	200.36744918700956	390.2092932810306
0.9087058996388961	1849.7783762053832	473.25994510887165	1333.5839645441915
0.824236029804193	1148.3425645382513	579.3115696401366	934.9559414514582
0.8468819694435898	254.60432339917074	131.53523828418153	208.4534164810498
0.9423201357274923	539.5769127786978	96.90648149730026	373.57550104817375
0.9471719852566342	192.96662723645204	36.33428377326378	134.22949843775643
0.7044540758662936	467.3983373478142	386.6658218220883	437.123644025667
0.6283806609230179	1154.1586921391568	1030.5143381962857	1107.7920594105801
0.9362247884469178	983.5785819564124	184.3461398006856	683.8664161480149
0.7631106169648888	1779.9143498475958	1136.655823902029	1538.6924026180081
0.9349424047663681	2091.123554762112	376.4321304912585	1448.114270660542
0.7715559104000853	322.6978414967685	229.4527517411779	287.730932838422
0.8998011336978666	86.85924207863923	36.04777644292241	67.80494246524542
0.8435814078449406	1318.7716307234414	589.6735536473446	1045.359851819905
0.7160683764931516	445.49346320159657	360.37706189115147	413.5748127101797
0.6865982021787747	1188.3287900493763	960.1299054457855	1102.7542083230298
0.7687240522957146	332.56311390918864	238.01948119202262	297.1092516402514
0.7409386650226911	302.4414055090819	237.98271383631783	278.26939613179536
0.8167384765055279	1623.1475156769636	830.2205083354713	1325.799887923904
0.9105018445130033	1048.264972840697	275.0377070503164	758.3047481693043
0.7472482961660549	817.5294083711935	579.6706020563659	728.3323560031332
0.9461534166867634	322.4943318385603	57.47366155283834	223.11158048141456
0.7725667793907863	900.6615959155469	582.1526998091061	781.2207598756315
0.8371308289845604	1479.2922918151673	681.5649310086967	1180.1445315127407
0.5723632497052011	1623.0604009957813	1521.0703748446506	1584.8141411891072
0.9208577702514262	1952.0242834488888	430.5966707586033	1381.4889286900318
0.8728914687701804	1269.042600911158	465.0796058582202	967.5564777663063
0.9248617439854089	717.7064336874892	163.51723902835914	509.8854856903154
0.9293707041860552	333.38991265259017	77.79891396565372	237.54328814498902
0.9033341635049238	220.38794674468642	74.529362237143	165.69097755435763
0.9231145499326341	287.05323992104456	74.41725065720206	207.3147439471036
0.8782084252063324	359.47445398421576	142.9293211935945	278.2700291877328
0.9669647257991731	400.39864762518823	42.3576415370006	266.13327034211784
0.8247950857715588	252.77513147982265	147.78989243578795	213.40566683830963
0.8074748153745208	697.8129428591285	398.5689064337973	585.5964291996294
0.8382387747952026	2229.8245534950356	992.4228921924961	1765.7989305065832
0.8372541047370954	319.4047929376044	169.68175499145786	263.25865370779945
0.8080110500507236	384.2029080803587	231.88713271582603	327.084492318659
0.5205554377537909	1784.556774463782	1729.878865839095	1764.0525587295244
0.718474748456654	741.1757220617527	573.439167531525	678.2745141129172
0.8567265056307606	767.5420789123035	329.9527986976142	603.446098831795
0.7525061480821892	1851.0639399428705	1223.1405851466575	1615.5926818942905
0.8759396792056432	200.83600226287416	87.90153854046109	158.48557836696926
0.7493265983907998	757.0596109831346	536.4012115749757	674.3127112050751
0.7724963030190724	329.71372553150746	233.1471700680674	293.50126723271745
0.7597955559145666	2247.9582470016744	1432.6696914029292	1942.225038652145
0.8433328176665871	121.45885534770596	71.85353869506025	102.85686160296382
0.7756175019310544	833.3502427069958	535.7192124789314	721.7386063714716
0.9473912823939169	441.5679189371816	73.91728165319913	303.6989299556882
0.9580703220165748	830.5395049764222	103.34849702856769	557.8428769959768
0.8466831222964133	501.0545318116971	239.50653730464808	402.97403387155373
0.9294031210974557	178.8219115319744	45.64840260108386	128.88184568289046
0.571304345359111	1365.3934978905763	1287.9797098665595	1336.3633273815701
0.9380229015016912	79.60714159671892	20.921430960777485	57.60000010824088
0.9467461897171932	753.1764938842311	120.57393161119279	515.9505330318418
0.9501092304757681	1566.7305004004952	220.112022802551	1061.748571301266
0.58072630023119	1395.3811638664106	1304.3997012716786	1361.263115393386
0.6263833581829588	798.4793919608645	727.4114112373549	771.8288991895485
0.7999810050003408	1886.4355269602006	1034.9764570605557	1567.1383757478338
0.8555328978388559	970.0730631137326	411.7955670671681	760.719002096271
0.8622901004356626	2615.396253843943	985.0803751791706	2004.0277993446534
0.7345699993862799	338.49488248494055	267.94868620341566	312.0400588793687
0.871942740923323	2203.3845494848465	781.194771150339	1670.0633826094063
0.9009126179200204	199.08034566424894	70.05370885407811	150.69535686043488
0.554490089882168	1411.43159612014	1347.6359017330747	1387.5082107249905
0.839212789182675	541.7918302748408	268.6645339850915	439.3690941661848
0.6626821659975162	2017.779863817882	1664.0509635009457	1885.1315261990308
0.9067312913415065	399.5696274242252	120.51698517606638	294.92488658116565
0.7807103263826379	463.69474587602474	307.55842985389086	405.14362736772455
0.868089964720491	113.54512138997046	58.032213301316744	92.72778085672532
0.6709574050259866	901.1943851217749	762.377986360742	849.1382355863875
0.8710210284028688	202.6852515098157	91.95635550988088	161.16191550984016
0.8873581888549288	241.86373000200615	93.81610721066797	186.34587145525433
0.9058974110251828	2544.5210552505932	656.372596639864	1836.4653832715696
0.5960178788897675	1466.0702094486048	1347.4698273347224	1421.5950661558988
0.7291870214280266	623.408198252793	475.12664108046124	567.8026143131686
0.8911632231258918	371.81617047699285	131.85489585505337	281.8306924937655
0.8186259357549966	468.80797641063117	263.5181302113447	391.82428408589874
0.9690081298330504	131.71979182962465	15.465242438577974	88.12433580798215
0.5765047732276826	1133.4306531403938	1071.347905920132	1110.1496229327956
0.9818297022246883	114.14767440607385	8.04558295307136	74.35939011119791
0.824783268250954	203.40361405758088	122.44860137673672	173.04548430226433
0.7291337208420481	1614.4321602064597	1155.286465027727	1442.252524514435
0.7341296955443776	294.6709251827289	236.7486609464026	272.9500760941066
0.8013986276694617	327.6873122676717	207.23818210967752	282.5188884584239
0.8568218751082601	2038.4267014166526	810.8159633727267	1578.0726746501805
0.91403962855028	464.1584131589588	126.80737294488375	337.65177307868066
0.8651717859436069	149.06039750128016	74.04928170988143	120.93122907950564
0.8478382066854302	421.20818655777333	203.6268690704406	339.61519250002357
0.9952252170485961	256.48748141664987	4.113984054202049	161.84741990573193
0.8532925573724601	1237.481553717819	522.6976171116955	969.4375774905227
0.9278352890791289	509.76165604391724	115.56144342955827	361.9365763135326
0.7896004750949499	260.2941205897579	177.4519020291723	229.22828862953827
0.6078573298730765	1101.9939530401316	1011.1072424232542	1067.9114365588027
0.8887017553815769	189.6863384127214	75.3762854966584	146.82006856919776
0.678321236888009	725.7888082549522	613.619021139068	683.7251380864956
0.9172392655187478	78.61707407259846	27.66082990544051	59.508482509914224
0.7479991238246497	1634.7425674953006	1104.2561110675038	1435.8101463348767
0.7966668014847977	739.418173647413	441.05650408998906	627.532547563379
0.6256287100426362	1478.696683386607	1311.0026359599517	1415.8114156016113
0.9340894174464134	2141.6458493823616	389.89338288154465	1484.7386744445553
0.7788972589512526	248.85367015751143	177.5463137226916	222.113411494454
0.9682708445670994	98.19604203439224	12.52673147417272	66.07005057430992
0.6656632004311214	655.182377202204	570.06670899245	623.2640016235463
0.9806588493505483	69.86551071569247	5.865346383762798	45.86544909121884
0.611751652326344	1657.769333157953	1489.586200032108	1594.7006582357612
0.8731302168136639	166.87481306409185	76.79988553640132	133.0967152412079
0.8597886820112954	137.5993655860146	71.89002380463072	112.95836241799566
0.9102844551340792	279.15824013007716	84.77625498501767	206.26499570067983
0.8264656199283944	767.9411245176614	395.7638395649658	628.3746426604005
0.986948767632344	494.7937272451726	20.011194221908937	316.7502773614487
0.8455636052845662	1378.2124053804569	606.7191846717781	1088.9024476147024
0.7703881220353528	497.34424784261273	340.3057406203228	438.454807634254
0.790850983638755	1302.5315508711828	762.4535761502681	1100.0023103508397
0.8148621695516922	387.68137221638136	226.39559858230513	327.19920710360276
0.6423247433332261	1855.6751321223317	1590.2452233518823	1756.1389163334131
0.8859218396983183	274.7090879415851	106.02199155743291	211.45142679752803
0.7758286259187214	499.15219987156104	334.8286490717477	437.53086832163103
0.654393178720801	1598.8283520670348	1352.169841753419	1506.331410699429
0.6374677291903439	740.3140608501795	667.3884307022741	712.966949544715
0.7950008180497173	2229.3024814150667	1237.6170471076032	1857.420443549768
0.9980121611591047	1774.9239804722215	9.669996312990065	1112.9537364125097
0.859386852492626	419.71089602157355	188.32017627146325	332.9393761152822
0.7736489513955309	747.7156676802996	488.3664351512979	650.459705481924
0.9280781414702615	1444.5699473565464	295.8356129021598	1013.7945719361516
0.7711562044401665	421.1641914963896	291.92057297051764	372.69783454918763
0.5582493100637231	1204.3233861162585	1152.4832987306195	1184.8833533466438
0.87257296381581	218.90673484187644	97.06389087496868	173.21566835428604
0.5577431368178503	1359.8811617476138	1296.8039390454771	1336.2272032343126
0.8700079019939833	662.1346223489217	262.66594622289153	512.3338688016604
0.7742848267365069	205.65897068958097	152.7040295156199	185.80086774934557
0.9013661993696294	533.8513566714222	164.8073382081417	395.45984974769203
0.8755868478560087	184.30148024102903	81.94488558690267	145.91775724573165
0.9845637128766257	439.7154332757475	21.359771717446847	282.83206019138476
0.8766854208790614	502.63827801629475	194.76875836366568	387.1872081465589
0.6694268684957545	762.1723762171878	652.8858415199647	721.1899257057291
0.9016164558130002	486.423109079802	151.29612047136789	360.7504883516392
0.8772009593053182	144.2937933507453	65.94894328758036	114.91447457705844
0.7616964377456233	718.5528108162453	491.07480896001584	633.2485601201593
0.562686579339652	1703.6802035502515	1607.3221086230183	1667.545917952539
0.9590246727911491	112.6509049219371	18.076755619946447	77.18559893369061
0.713197339640677	1942.5956101215797	1436.7120753495037	1752.8892845820512
0.9266232000649631	782.2075933494234	172.54915727315654	553.5856798208233
0.8587201306017181	1216.1221176723627	495.90138734478825	946.0393437995223
0.8785133872296934	2040.253600562087	690.1488320636411	1533.9643123751698
0.8271193725854411	1126.8313621452903	560.5655501762175	914.4816826568879
0.9366601688726736	154.25500583873026	36.200782216520494	109.9846719804016
0.9668177182841591	186.14932334934247	22.03659734737839	124.60705109860592
0.7614006033041499	2210.544264700857	1402.209393739072	1907.4186880901877
0.6412938470728937	1205.718445328885	1054.9409834817411	1149.176897136206
0.8143367248368314	177.13448714024204	114.41070049028488	153.61306714650812
0.7630432064379467	780.7348767134874	527.6903278690695	685.8431708968307
0.8552175707893787	290.5962407992901	140.05217027678822	234.1422143533519
0.8443470086540257	341.58923963704	172.75329548898512	278.2757605815194
0.6856215430566789	1061.2697472931452	864.7268640312697	987.5661660699418
0.9905328320357312	428.3844883043554	12.775907609082793	272.5312705436281
0.8004839373962693	2266.582080562518	1226.5224449937227	1876.5597172242199
0.7496473304596489	276.08414502245995	214.00114830618287	252.80302125385606
0.8280716231391312	689.9662453828944	355.87991343533423	564.6838709025593
0.7632990818311916	260.7772517282638	195.1138422987448	236.1534731921942
0.7740155761603188	1187.1347066525768	748.0005502976483	1022.4593980194786
0.6544570402508504	1962.4423270210898	1644.3826712383104	1843.1699561025475
0.9641409411463159	727.7518500063197	78.30350431388308	484.208720371656
0.9828510077134178	289.6816594202611	16.491185491124696	187.23523169683494
0.5936072016949527	1059.2360932298775	988.1599781924106	1032.5825500908275
0.9529004285236905	674.7484765985686	96.39933348800002	457.86754793210537
0.8745188312903788	237.94021938537244	102.73619865323255	187.23871161082
0.9236555876129383	300.3186397477548	76.82802806888171	216.5096603681774
0.5836614438988869	1224.2444647198497	1146.6551880678887	1195.1484859753643
0.9626646842859117	105.78084250759491	15.655428708843061	71.98381233306297
0.7650689423812792	227.611988683318	172.05694986018207	206.77884912464202
0.7531694027100913	232.79552057852936	182.0615605703581	213.77028557546515
0.7835633663286078	864.8051137761752	537.6462453048755	742.1205380994378
0.6852748478694652	615.4253941670007	519.0238669758629	579.274821470324
0.8753792032727586	255.88414904429186	108.65949190638973	200.67490261757857
0.5177188950227601	1785.9361630618832	1733.8225285065769	1766.3935501036433
0.9124771381577848	318.7919932548691	92.79375456056275	234.04265374450424
0.7119784328304517	735.1336107238441	578.2147351196114	676.2890323722569
0.8627392161730875	447.7296249301783	194.90660591983868	352.92099280130094
0.7046540204888126	422.9742044965112	352.5665585966815	396.57133728407507
0.7144019851668361	1060.4342778688801	809.4854760286985	966.328477178812
0.7138517339455869	308.5435725659674	259.15584318236114	290.02317404711505
0.8827001044426661	762.2502976013852	269.6846483855909	577.5381791454623
0.5863080884922192	1503.7678009838019	1394.6401640714712	1462.8449371416777
0.9568089874609466	2563.3064153267073	300.03992210545266	1714.5814803687367
0.7951372717474514	336.7745289956538	218.02705971954853	292.2442280171143
0.9621308111119329	112.41765639057505	16.666491545399055	76.51096957363404
0.8326817008756986	316.11238515937697	172.46559133088203	262.24483747369135
0.9094033594845697	233.37410693428075	73.38012823772631	173.37636492307283
0.7753128329564085	243.7658041191558	176.5751764910773	218.56931875862637
0.7026261304503594	1666.178386291992	1275.333652898244	1519.6116112693364
0.871697060222759	408.14846005583	168.2044543965858	318.16945793361344
0.9464734488525465	1079.0412007943364	167.83546012791095	737.3390480444268
0.8799950325820017	2257.9759204762736	749.3105215577183	1692.2263958818155
0.7380255621415499	449.22810248756576	343.2919837831665	409.502057973416
0.8282491420985981	294.04019090263836	165.71961515406986	245.91997499692516
0.9700535844317376	724.14607556286	64.96464314175091	476.9530384049441
0.9091385390450915	135.00742720652596	46.535309030527586	101.83038289052656
0.8884338335404468	1690.7758980666513	532.4401125889609	1256.3999785125172
0.769314701757361	263.49190883374854	193.061042853239	237.08033409105744
0.7285723632098579	279.61403980566973	229.06801904754786	260.65928202137405
0.6252625380406358	1534.5108440332065	1359.0733718110532	1468.721791949899
0.971743653896269	939.6310501206144	77.50312799755466	616.333079324467
0.9645819323473249	380.85099593461706	43.49853481822896	254.3438230159715
0.717740710648139	363.321825513652	297.93131141963363	338.8003827283951
0.8933844181067643	1186.1940730748279	367.11880990149524	879.0408493848282
0.829365346739673	154.18872493590283	94.51264139193583	131.8101936069152
0.7249102962594587	760.8282873390968	577.923883403368	692.2391358631985
0.9053401909062623	320.815470559499	100.9033604332438	238.34842926215327
0.7360037921895387	668.4873080991134	497.4137870596763	604.3347377093245
0.9016307498509839	155.0795484433247	56.41345880605395	118.07976482934819
0.8315080664963064	225.75687130719135	129.37418101492776	189.6133624475925
0.8807168649685614	340.9118881860297	133.68861583441878	263.2031610541756
0.9148416932287	1117.6028599286942	277.3940255586491	802.5245470399273
0.602355089837824	816.5529297156231	763.5005762397939	796.6582971621872
0.6236773516797735	702.4063213648121	646.199029531138	681.3285869271843
0.5831705201175189	1136.4346948532475	1067.796891726166	1110.695518680592
0.8866910712942818	546.4306994852582	193.1069334490782	413.93428722169074
0.6742413265242095	810.5528836281887	685.8530424067837	763.7904431701619
0.8229433304503831	449.1345757122238	248.11310930648068	373.7515258100701
0.9080656677237046	191.26940007178356	62.88055330773659	143.12358253526594
0.7172537085915639	1157.5761830040383	872.4811367904709	1050.6655406739505
0.9176885606132769	151.678608444283	46.417191178552216	112.20557696963394
0.701924422816796	341.18380758709304	291.2879760587073	322.4728707639484
0.5641859169036253	1178.5952838553937	1123.6737060914982	1157.9996921939328
0.9635325716130356	118.48459337888607	16.730669014361375	80.32687174218931
0.6158958737982179	724.5311595896205	671.5288005594618	704.655274953311
0.7387742723030328	263.97860902184294	211.9371975603337	244.46307972377699
0.9571633346613835	1315.500551494772	160.5839183878726	882.4068140796849
0.7095691336573645	373.34752154650846	311.1422952438829	350.02056168302386
0.8556874586336097	377.41434409068285	175.70863324120904	301.77470252213016
0.6145500826547075	1450.2902822082178	1305.4353916391924	1395.9696982448334
0.566037186741987	1180.470806146615	1123.7919649994988	1159.2162407164465
0.8199604372508426	546.9957821051152	300.78407691009227	454.66639265698154
0.9481239814193237	136.51411671499937	26.77962796199055	95.36368343262106
0.9318551332540842	976.0604044601014	195.75796419820875	683.4469893618917
0.9108984023858362	2438.0000332662617	596.8701296787641	1747.57631942095
0.920775032235307	1879.0346102376036	415.98463589840753	1330.390869860405
0.7890716954245738	1153.0466815693653	685.982919604487	977.897770832536
0.8280036683289976	960.553387580013	481.74001533067656	780.9983729865119
0.9655036067066156	216.64283110074672	26.03942845766555	145.1665551095913
0.7371470598650091	472.9055220750587	360.6666232495327	430.81593501548645
0.8188185742127425	297.6187819286467	175.6899315538575	251.89546303810073
0.9829293366328773	993.2743597162556	49.01264991629944	639.1762185412721
0.8040464246012031	1525.1037927270593	832.9969520445313	1265.5637274711112
0.7611253803594682	245.3348555161214	186.13259436006345	223.13400758259968
0.8109810857638283	199.74930430731615	128.78185215774096	173.13650975122545
0.9285241000882553	199.8140407984949	50.731625110665846	143.908134915559
0.6828088732591454	670.4663300740309	564.9082798795463	630.8820612510992
0.8820022417969959	265.8489114329982	106.51150027032108	206.0973822469943
0.8003529372872149	171.92970590672576	118.58263486438659	151.92455426584857
0.6452341094042392	1300.055000389442	1126.7306436338342	1235.058366606089
0.9704191195863221	146.3222461028183	16.073982662116748	97.47914731255521
0.8709149247611047	335.8872799202767	142.47443256056062	263.35746216038314
0.9617043178315766	350.60719704872736	43.78673743070294	235.5495246919682
0.7687185412758128	245.06186780408797	181.43835108049484	221.20304903274055
0.9593547552780891	116.03855825990469	18.358317485715745	79.40846796958384
0.6316907218089117	832.2437079492299	751.4680042435957	801.9528190596171
0.988301030289486	105.10805268179229	4.836695342615421	67.50629367960096
0.8006624808714488	325.5293723626427	206.67876899454222	280.960396099605
0.6625684648031869	479.47960495472523	427.8820622985239	460.13052645864974
0.6686564637226343	842.8683712511486	718.7267669971611	796.3152696559033
0.7098591241310968	413.5055000956826	341.4063362578511	386.46831365649575
0.7711321033391428	241.18461226494713	177.46217327800554	217.28869764484404
0.9687062081834867	2938.3590663237337	246.19059096757087	1928.7958880651727
0.7456631753707188	969.8006288712629	682.5931619939472	862.0978287922695
0.7354837060752003	2182.1551116144797	1507.365413884614	1929.1089749657801
0.6379812208579415	769.0310524985201	691.3972220981767	739.9183660983914
0.6794706960554141	413.4069088748486	362.58610786092953	394.349108494629
0.7210654336327467	721.4064599266284	555.5625840563392	659.21500647527
0.7980266225851568	304.70389381850543	197.09618836183168	264.35100427225274
0.8169561426450253	669.327612418981	366.64493417603387	555.8216080778758
0.7478515151803254	340.0585987027793	259.32636969825734	309.78401282608354
0.8081726621033017	281.62105648475637	175.93079454674404	241.98720825800174
0.7805587200985125	573.6153882327203	373.3408608648176	498.51244046975677
0.5834443762102877	1876.7182324574546	1732.4689634312313	1822.624756572621
0.860473917617308	935.9796771071088	385.3201525339167	729.4823553921618
0.6077943794509258	777.3878223662981	724.4400347493905	757.5324020099578
0.9107467824859994	233.31894534492437	72.28250670785185	172.93028085602216
0.59507399159235	1508.374588170517	1386.3016812076432	1462.5972480594394
0.8066841168109291	973.3194268976732	542.790748949479	811.8711726671004
0.7095274270193175	2010.093950837352	1497.935599591973	1818.0345691203347
0.7459952876751644	910.140850860915	642.8368293482281	809.9018427936574
0.948192842284145	808.1871853168304	124.94565383841143	551.9716110124233
0.7265950592419024	1075.3750465394637	794.444670196365	970.0261554108017
0.8265477801609308	462.2654557550143	249.89424861376025	382.62625307704405
0.6638442506867744	943.7000654041813	806.3428777764614	892.1911200437863
0.814756573341841	407.2464198032356	236.6940306455403	343.2892738690999
0.7999118704747893	274.86691577639067	178.5335204794373	238.74189254003315
0.7830575559618402	588.7647177216083	378.6580324274142	509.9747107362856
0.9589011284432699	131.05486441516558	20.482025446950338	89.59004980208486
0.6516813594690457	1781.8248168280118	1506.5046501126087	1678.5797543097356
0.9554103494023474	191.87382852546438	30.46947286493237	131.34719515276487
0.7288443270395087	1408.4801764042988	1016.9433682947227	1261.6538733632078
0.855130753323001	175.20821089148913	90.69541905258112	143.51591395189863
0.7212905280955829	1213.129669005511	902.1887916303849	1096.5268399898387
0.8828539525865426	423.4907865425475	159.03092595743232	324.3183388231293
0.8067786984487226	333.22069505896104	205.4240090415182	285.29693780241996
0.7078525865935044	629.0871904418643	505.1289322370817	582.6028436150708
0.9903640961486205	86.24447826854507	3.4115426084544964	55.182127396011104
0.6651262921512919	1826.7835362113763	1506.5401056060361	1706.6922497343737
0.6715156341416725	1199.8150840263563	998.1938631208965	1124.2071261868089
0.9021077064771436	2343.371617543015	632.5959537236525	1701.830743610754
0.9114393779862373	313.2486812296426	92.47238875318517	230.45757155097107
0.6022540420151713	1728.667026605979	1568.4623306655105	1668.5902656283033
0.9319302311933256	97.52900203157338	26.88857303881506	71.03884115928902
0.8031215159209614	159.86180766215054	110.17846799144391	141.23055528563555
0.9816866268960862	249.35564071079477	15.488535520308645	161.65547626436248
0.9359470743080188	1817.3878187018481	325.08758426702025	1257.7752307887877
0.8614607960265285	262.16840843979764	122.81429843431557	209.91061718774185
0.8745189381974204	176.22966672879056	79.55718554746892	139.97748628579495
0.7645107590935671	290.18702686813924	213.7017901141183	261.5050630853814
0.6387213666487821	819.8272766815543	733.8352839439466	787.5802794049514
0.8608080434754902	287.12875911966773	133.51526720712974	229.52369965246598
0.9167566526571796	1291.5872462773013	309.5182193191732	923.3113611680034
0.6801606423501659	1339.1969194410606	1089.3682670334854	1245.51117478822
0.9325192346569827	278.50699867717833	63.57671503884988	197.90814231280518
0.8705062617236161	126.48465444563101	62.253558339655406	102.39799340589015
0.927497116130756	471.4527114765831	108.32823192286617	335.28103164393923
0.6946293322521507	2006.6351435534184	1549.9868806743466	1835.3920449737664
0.8609220825323709	1254.5439495266373	502.61713677287423	972.5713947439763
0.8607568648060059	260.9025938830218	122.89017579855931	209.14793710134836
0.8971883490433632	987.3325151808122	299.26466257283704	729.3070704528216
0.9193542591614651	80.73774347429142	27.510740888013107	60.77761750443705
0.924738925385733	139.4245244737573	39.60572691474678	101.99247538912834
0.8405249715224671	1391.6572639705819	631.2825663406034	1106.51675235934
0.8586008239841589	663.2972440380822	285.4172694181352	521.5922535556022
0.7642702340230747	1646.9956760960763	1052.418783205041	1424.029341261938
0.9179708152609188	1846.9602291151734	424.10083280226695	1313.3879554978334
0.832176702460436	227.602989723553	129.82291070722854	190.93546009243133
0.8020669521083076	1007.7133263996593	572.4186046956916	844.4778057606715
0.6963775703975217	1814.3189081814571	1402.9907792219192	1660.0708598216304
0.6572648081280922	2041.7072116472943	1699.4795929504874	1913.3718546359917
0.9729231527978179	2184.34351491876	161.24267082981964	1425.6806983854071
0.8791514106526326	1263.377859349357	440.6167200494116	954.8424321118774
0.7799270031789112	507.774280400113	334.93962761760025	442.96128560667074
0.7267968312326248	766.3950926459586	578.9514609051946	696.103730743172
0.9441733879449342	92.7518758615764	21.184310735002306	65.91403893911112
0.9646323315183971	76.82632327180738	11.572537813415003	52.35615372491024
0.8509439715019615	178.2212034618447	94.48110932293957	146.81866815975528
0.6486406983756963	794.6652075795685	702.3919489807004	760.0627356049929
0.7741489793993129	287.18754359379795	204.94862033323693	256.34794737108757
0.9033958979435781	258.3089837300198	85.33724567248706	193.44458195844504
0.9375733078544881	177.13357176487725	40.0173300320281	125.71498111505882
0.9776386978890219	256.56680892908435	19.415848908936752	167.635198921529
0.6453131431202072	896.1931764447532	790.9629201047129	856.7318303172382
0.8913453198556579	502.17370853889815	171.80363902332297	378.28493247055746
0.7154297202934656	1038.5755576148251	791.7766783159769	946.0259778777571
0.7897533210661394	256.59325606011316	175.12451496030377	226.04247814768465
0.8599925760460522	359.40325038383816	163.48499675087288	285.9339052714762
0.6935934727874284	382.9706222447393	329.21436857485776	362.8120271185337
0.9818520356748544	78.15994272486864	5.983777078827686	51.09388060760328
0.7898345751304352	1262.0057011885262	743.5809025892934	1067.596401713814
0.7070800096897757	439.2569798909157	363.0973020704967	410.6971007082586
0.6729276061523832	1105.501672989202	921.3171740664447	1036.432485893168
0.7210911386209865	1000.3804766889996	753.4500681985603	907.7815735050849
0.7916834375965028	618.3005065141202	382.48003019397686	529.8678278940665
0.7785138129618596	813.22517512391	518.0732553788537	702.5432052195139
0.7742333349707279	196.69316970745768	146.92287387177288	178.0293087690759
0.8592137732055192	128.57888508944606	68.24923011639903	105.95526447455343
0.8680092401468682	149.8971667098242	72.91416771211394	121.02854208568286
0.6745606435573402	901.2680084783327	757.418965389004	847.3246173198345
0.8372251940675278	1659.353813569837	757.8821543466863	1321.3019413611555
0.7576877821449505	1945.6530954873028	1259.6099640779394	1688.3869212087916
0.8440232077790619	206.09180504256133	111.49915506911188	170.61956130251778
0.8126265764607622	233.7483853720614	146.44972266743653	201.01138685782706
0.8203210963783595	364.50645758908405	208.66717622556342	306.0667270777638
0.7587509714447181	1177.1290052564475	783.734742645855	1029.6061567774752
0.9909335256022832	160.28545824618976	5.266806270084558	102.1534637551503
0.5724300513093561	1236.6159862497905	1169.3301633247936	1211.3838026529165
0.7560952463066554	226.42516147052316	176.121116219687	207.5611445014596
0.5561852593166706	1810.3318045044666	1713.7207210268348	1774.1026482003547
0.5809198598417178	970.5019326763895	919.2046423850168	951.2654488171247
0.9727411593768756	238.53575476175695	22.2780507753602	157.43911576685818
0.7767748184374135	2070.1103922645952	1245.0180264467576	1760.7007550829062
0.77683872894792	424.00071901451395	287.78402555076707	372.91945896560884
0.7094672701020399	676.344525720013	538.2698027683159	624.5665046131267
0.5970324194376339	1604.4555014275818	1468.2483158504158	1553.3778068361446
0.7098971871115967	531.1194087263422	429.8106385427478	493.1286199074943
0.7414952103729985	636.6393132441905	468.06863191705736	573.4253077465155
0.667308169258727	448.5696976950598	399.14931858580286	430.03705552908843
0.8114048035472566	893.224305341492	490.4750836358489	742.1933472018759
0.916941452954813	1229.8961676367687	295.27097953196613	879.4117220974678
0.8488392336128671	242.70437700539586	124.69614252739754	198.45128907614648
0.6368357733907544	1117.7246364428956	987.8492902070237	1069.0213816044438
0.7339997696362845	800.6902331217575	591.2165079024874	722.1375861645312
0.765794445365322	799.4810235482803	534.2597989545827	700.0230643256438
0.8427241002990248	124.18252660396256	73.42535119587315	105.14858582592903
0.7163839579298275	753.1274146060415	585.0758221835359	690.1080674476019