1.	3.993022611711149
1.0078705365736942	4.012537419288037
1.015803018493346	4.03209947398992
1.0237979333020668	4.051709907540275
1.031855772380193	4.071369863830291
1.0399770309754888	4.091080498728735
1.048162208233583	4.1108429798974155
1.0564118072286495	4.130658486612815
1.0647263349943248	4.150528209593309
1.073106302554873	4.1704533508327986
1.0815522249565928	4.190435123439911
1.0900646212994738	4.210474751483749
1.0986440147691012	4.230573469845232
1.1072909326688116	4.250732524075023
1.1160059064521013	4.270953170257243
1.124789471755291	4.2912366748793245
1.1336421684304472	4.3115843147084565
1.142564540578561	4.331997376673436
1.1515571365829904	4.352477157753486
1.1606205091431654	4.373024964872481
1.1697552153085562	4.393642114799833
1.1789618165129114	4.4143299340572115
1.1882408786087653	4.435089758831455
1.1975929719022138	4.455922934893611
1.2070186711879693	4.476830817523885
1.2165185557846858	4.4978147714427905
1.2260932095705668	4.51887617074817
1.2357432210192498	4.540016398858298
1.2454691832359763	4.561236848460846
1.255271693994044	4.582538921467749
1.265151355771547	4.603924028975909
1.2751087757884056	4.625393591233917
1.2851445660436867	4.646949037614217
1.2952593433532176	4.668591806591375
1.3054537293874982	4.690323345725778
1.3157283507099078	4.712145111653174
1.3260838388152163	4.734058570079577
1.3365208301683962	4.756065195782041
1.3470399662437404	4.77816647261477
1.3576418935642893	4.800363893520604
1.3683272637415664	4.822658960548212
1.3790967335156272	4.845053184874327
1.389950964795424	4.867548086831612
1.4008906246994877	4.890145195941491
1.4119163855969303	4.912846050952452
1.4230289251487689	4.935652199883379
1.4342289263495769	4.958565200072173
1.4455170775694612	4.98158661822922
1.456894072596371	5.004718030495993
1.4683606106787388	5.027961022508785
1.4799173965684576	5.051317189467162
1.4915651405641959	5.07478813620738
1.5033045585550535	5.098375477280722
1.515136372064562	5.122080837036555
1.5270613082950304	5.145905849710091
1.5390801001722396	5.169852159515013
1.55119348639049	5.193921420740684
1.5634022114580024	5.218115297853943
1.5757070257426766	5.242435465605566
1.5881086855182112	5.266883609141277
1.6006079530105835	5.291461424117199
1.613205596444899	5.3161706168199085
1.6259023900926064	5.341012904290692
1.638699114319087	5.365990014454557
1.6515965556316154	5.391103686253293
1.6645955067277012	5.416355669783052
1.6776967665438085	5.441747726436228
1.6909011403044598	5.467281629047502
1.704209439571727	5.492959162044296
1.7176224822951112	5.518782121601361
1.731141092861814	5.544752315799636
1.7447661021474077	5.570871564789177
1.7584983475669005	5.597141700956306
1.7723386731262063	5.623564569095038
1.7862879294740188	5.650142026582254
1.800346973954092	5.676875943557508
1.8145166706579374	5.703768203106413
1.8287978904779283	5.73082070144839
1.8431915111608292	5.7580353481283755
1.8576984173617432	5.785414066212728
1.8723195006984825	5.812958792488853
1.8870556598063704	5.840671477669183
1.901907800393473	5.868554086599091
1.916876835296264	5.896608598468657
1.93196368453573	5.924837007028729
1.9471692753739174	5.953241320810726
1.962494542370921	5.98182356335067
1.9779404274423265	6.010585773417192
1.9935078799170995	6.039530005243353
2.009197856595934	6.068658328762776
2.0250113218100605	6.09797282984974
2.040949247480511	6.127475610563069
2.05701261317786	6.157168789394433
2.073202406182426	6.187054501520444
2.0895196215449556	6.217134899058974
2.1059652621477767	6.247412151329432
2.12254033876644	6.277888445117272
2.139245870131842	6.3085659849425175
2.156082882992839	6.339446993332436
2.17305241217935	6.37053371109855
2.1901555006659614	6.4018283976175026
2.2073931996360305	6.433333331116422
2.2247665685462894	6.4650508089623635
2.242276675191965	6.496983147956008
2.2599245957724046	6.529132684629782
2.2777114149572215	6.561501775550107
2.2956382259529633	6.5940927976241435
2.313706130570296	6.626908148410804
2.3319162392917296	6.659950246436293
2.3502696713398668	6.693221531513947
2.3687675547461913	6.726724465068814
2.3874110264204007	6.760461530466434
2.4062012322202833	6.794435233346366
2.4251393270221406	6.828648101960519
2.444226474791772	6.86310268751567
2.4634638486560125	6.897801564521072
2.4828526309748327	6.932747331140752
2.502394013414013	6.967942609550409
2.522089197018381	7.00339004629935
2.5419393922856326	7.039092312677248
2.5619458192407305	7.075052105085871
2.582109707510887	7.11127214541582
2.602432296401142	7.1477551814283276
2.6229148349705302	7.1845039871421195
2.64355858210885	7.221521363225558
2.664364806614041	7.258810137393943
2.6853347872701603	7.29637316481217
2.7064698129259828	7.334213328502747
2.727771182574216	7.372333539759128
2.7492402054313354	7.410736738564875
2.7708782010180526	7.449425894017858
2.792686499240417	7.488404004760677
2.8146664404715507	7.527674099416365
2.8368193756340307	7.56723923703011
2.8591466662829226	7.607102507516748
2.881649684689458	7.647267032114128
2.90432981392538	7.687735963842712
2.9271884479479504	7.728512487971022
2.950226991685619	7.769599822487503
2.9734468611243807	7.811001218578334
2.996849483394796	7.852719961111988
3.0204362968597107	7.89475936912987
3.044208751202658	7.937122796343794
3.068168307516958	7.979813631639635
3.0923164383955197	8.022835299588253
3.116654628021347	8.066191260962682
3.141184372258762	8.109885013262693
3.165907178745341	8.153920091245936
3.1908245669845767	8.198300067466336
3.2159380684392707	8.243028552819844
3.2412492266256563	8.288109197097203
3.2667595972082717	8.33354568954434
3.2924707480955657	8.379341759430071
3.31838425953627	8.425501176621646
3.3445017242165207	8.472027752167714
3.37082474735775	8.518925338889511
3.3973549468153417	8.56619783197961
3.4240939531780725	8.613849169608942
3.4510434098683254	8.661883333542209
3.4782049732431	8.71030434976092
3.5055803126958147	8.759116289095749
3.5331711107589086	8.808323267866625
3.560979063207256	8.85792944853207
3.589005879162388	8.907939040347122
3.617253281197539	8.958356300030076
3.645723005443519	9.009185532438453
3.67441680169542	9.060431091254197
3.7033364335201595	9.11209737967799
3.732483678364874	9.164188851133249
3.761860327666161	9.216710009979725
3.7914681869601865	9.269665412236636
3.8213090759936543	9.323059666316
3.8513848288356507	9.376897433765713
3.8816972939903724	9.431183430023218
3.9122483345107333	9.485922425178991
3.943039828112874	9.541119244751084
3.974073667291569	9.596778770469907
4.005351759436542	9.652905941074035
4.036876026949696	9.709505753116941
4.068648407363273	9.766583261784943
4.1006708534589285	9.824143581726267
4.132945333387758	9.882191887891807
4.165473830791265	9.940733416387458
4.198258344923272	9.999773465338228
4.231300890772808	10.059317395764388
4.264603499187939	10.11937063246982
4.298168217000602	10.179938664942794
4.331997107152395	10.241027048268991
4.366092248821374	10.30264140405774
4.400455737549845	10.364787421380772
4.435089685373153	10.427470857724353
4.469996220949496	10.490697539954565
4.505177489690754	10.554473365296213
4.540635653894348	10.618804302325394
4.576372892876143	10.683696391976037
4.612391403104387	10.749155748560574
4.648693398334712	10.81518856080491
4.685281109746196	10.881801092897962
4.722156786078491	10.948999685556087
4.759322693770039	11.016790757102376
4.796781117097368	11.085180804561166
4.834534358315489	11.154176404768226
4.872584737799392	11.223784215496202
4.910934594186665	11.294010976596635
4.9495862845212315	11.364863511157397
4.988542184398209	11.436348726677059
5.027804688109931	11.508473616255733
5.067376208793092	11.581245259802744
5.107259178577065	11.654670825261595
5.147456048733391	11.728757569852197
5.187969289826429	11.803512841330914
5.22880139186521	11.878944079268445
5.2699548644564675	11.95505881634581
5.31143223695889	12.031864679669093
5.353236058638573	12.109369392102666
5.395368898825706	12.187580773621555
5.437833347072484	12.266506742683081
5.480632013312271	12.346155317618285
5.523767528020005	12.426534618042911
5.5672425423738705	12.507652866288884
5.611059728418249	12.589518388856142
5.655221779227946	12.672139617885357
5.699731409073712	12.755525092651627
5.744591353589059	12.839683461079796
5.789804369938409	12.92462348128142
5.835373236986544	13.010354023113768
5.881300755469402	13.096884069761224
5.927589748166217	13.184222719339747
5.974243060073014	13.272379186523834
6.0212635585774565	13.361362804197489
6.068654133635093	13.451183025128476
6.116417697946968	13.541849423667207
6.164557187138648	13.633371697469743
6.213075559940651	13.72575966924563
6.2619757983702895	13.819023288531458
6.31126090791495	13.91317263348928
6.360933917716821	14.008217912731759
6.410997880759061	14.104169467173215
6.461455874053451	14.201037771907572
6.512310998829499	14.298833438113592
6.5635663807250575	14.397567214987422
6.615225169978423	14.497249991703628
6.66729054162196	14.597892799403953
6.719765695677239	14.69950681321548
6.772653857351722	14.80210335429779
6.82595827723698	14.905693891920048
6.879682231508483	15.010290045567737
6.9338290221269645	15.115903587080616
6.988401977041355	15.222546442821285
7.043404450393336	15.33023069587542
7.098839822723476	15.438968588284082
7.154711501179017	15.548772523308282
7.211022919723277	15.659655067726549
7.267777539346706	15.771628954166193
7.3249788482796045	15.884707083468092
7.382630362206526	15.998902527086328
7.440735624482337	16.114228529522247
7.499298206350014	16.230698510794642
7.558321707160131	16.348326068945635
7.617809754592079	16.46712498258286
7.677766004877039	16.587109213459154
7.73819414302269	16.70829290908968
7.799097883039695	16.830690405407207
7.86048096816998	16.954316229456424
7.9223471711167885	17.07918510212721
7.984700294276563	17.205311940928237
8.047544169972653	17.33271186280082
8.110882660690843	17.461400186974
8.17471965931675	17.591392437861565
8.2390590893751	17.722704348001063
8.303904905270851	17.85535186103614
8.369261092532264	17.98935113474243
8.435131668055835	18.124718544097718
8.501520680353194	18.261470684397075
8.56843220979993	18.39962437441361
8.63587036888638	18.53919665960559
8.703839302470378	18.680204815370463
8.772343188032028	18.822666350346655
8.84138623593043	18.966599009763854
8.910972689662477	19.11202077884219
8.981106826123655	19.258949886241506
9.051792955870914	19.40740480756104
9.123035423387602	19.557404268890867
9.194838607350482	19.708967250414833
9.267206920898849	19.862112990067022
9.340144811905775	20.016860987241454
9.413656763251476	20.17323100655667
9.487747293098849	20.33124308167523
9.562420955171152	20.490917519179664
9.637682339031885	20.65227490250512
9.713536070366882	20.81533609593019
9.789986811268601	20.980122248625996
9.867039260522672	21.146654798765102
9.944698153896692	21.314955477690752
10.022968264431285	21.485046314147652
10.101854402733466	21.656949638574506
10.181361417272313	21.830688087460445
10.261494194676953	22.006284607765004
10.342257660036907	22.183762461403354
10.423656777204796	22.363145229797677
10.505696549101415	22.544456818495544
10.588382018023252	22.727721461856255
10.671718265952348	22.912963727806233
10.755710414868686	23.10020852266451
10.840363627064972	23.289481096039435
10.925683105463932	23.48080704579745
11.011674093938078	23.674212323104932
11.098341877632016	23.86972323754504
11.18569178328728	24.06736646230904
11.273729179569713	24.267169039465116
11.36245947739944	24.46915838530447
11.451888130283423	24.673362295766115
11.542020634650672	24.879808951942348
11.632862530190025	25.08852692566478
11.72441940019064	25.29954518517316
11.81669687188517	25.512893100867952
11.909700616795599	25.72860045114771
12.003436351081836	25.946697428332804
12.097909835893036	26.16721464467614
12.193126877721685	26.39018313846351
12.289093328760487	26.61563438020324
12.385815087262037	26.84360027890788
12.48329809790134	27.074113188468218
12.581548352141198	27.307205914121962
12.680571888600427	27.542911719017514
12.780374793425015	27.781264330875555
12.880963200662185	28.022297948747884
12.982343292637404	28.266047249877616
13.084521300334359	28.512547396659826
13.18750350377792	28.761834043705235
13.291296232420125	29.013943345008784
13.39590586552919	29.26891196122401
13.501338832581602	29.526777067044954
13.607601613657264	29.787576358697436
13.714700739837813	30.051348061540914
13.822642793607978	30.31813093778337
13.931434409260179	30.587964294309593
14.041082273302282	30.860887990626185
14.151593124868556	31.136942446923488
14.262973756133873	31.416168652257188
14.375231012731163	31.69860817285095
14.488371794172165	31.984303160522003
14.602403054271477	32.27329636123174
14.717331801573943	32.565631123762174
14.833165099785415	32.86135140852218
14.94991006820692	33.16050179648283
15.06757388217218	33.46312749824589
15.186163773488655	33.7692743632466
15.305687030882007	34.07898888909256
15.42615100044408	34.39231823104106
15.547563086084402	34.7093102116169
15.669930749985246	35.03001333037285
15.79326151306026	35.35447677379484
15.917562955416717	35.682750425353156
16.042842716821404	36.01488487570385
16.16910849717016	36.350931433040536
16.296368056961168	36.69094213360006
16.42462921777186	37.03496975232359
16.553899862739698	37.38306781367604
16.684187937046662	37.735290602625994
16.815501448407574	38.09169317578822
16.947848467562274	38.4523313727315
17.081237128771647	38.81726182745449
17.215675630317588	39.18654198003122
17.351172235006857	39.56023008842994
17.487735270678936	39.938385240506946
17.625373130717893	40.32106736617836
17.764094274568215	40.708337249772526
17.903907228254756	41.10025654256608
18.04482058490676	41.49688777550528
18.18684300528602	41.898294372116865
18.329983218319153	42.30454066160975
18.474250021634134	42.71569189217236
18.619652282100976	43.131814244465865
18.76619893637672	43.5529748453188
18.913898991454694	43.979241781624204
19.062761525218082	44.410684114444194
19.21279568699792	44.84737189332252
19.364010698135353	45.28937617081043
19.51641585254843	45.73676901720811
19.670020517303335	46.18962353552521
19.824834133190087	46.648013876662766
19.98086621530278	47.11201525482139
20.138126353624408	47.58170396313801
20.296624213616283	48.05715738955479
20.456369536812076	48.538454032923596
20.61737214141656	49.02567351934958
20.77964192290903	49.518896618778534
20.943188854651552	50.01820526182891
21.108022988501872	50.52368255687558
21.27415445543125	51.035412807386116
21.44159346614714	51.553481529515274
21.610350311720733	52.077975469960904
21.780435364219475	52.60898262408478
21.951859077344544	53.146592254302945
22.124631987073364	53.690894908749144
22.298764712307147	54.24198244021599
22.474267955523562	54.79994802537674
22.6511525034345	55.364886184293795
22.829429227649104	55.9368928002167
23.00910908534188	56.516065139673444
23.19020311992618	57.102501872862035
23.372722461732955	57.696303094344
23.556678328694826	58.2975703440456
23.74208202703557	58.90640662857156
23.928944951964997	59.522916442835744
24.11727858837935	60.14720579201226
24.30709451156716	60.779382213814586
24.49840438792069	61.41955480110402
24.691219975652956	62.06783422483632
24.88555312552046	62.72433275734754
25.081415781551478	63.38916429598702
25.278819981780206	64.06244438710202
25.477777858986638	64.74429025037846
25.678301641442246	65.43482080354323
25.88040365366157	66.13415668743497
26.08409631715968	66.84242029144656
26.289392151215644	67.55973577934641
26.496303773641976	68.2862291154836
26.704843901560135	69.0220280913827
26.91502535218214	69.7672623527348
27.126861043598396	70.52206342678834
27.340363995571558	71.28656475014891
27.55554733033681	72.0609016969916
27.77242427340839	72.84521160769349
27.9910081543924	73.639633817891
28.211312407806115	74.44430968797141
28.433350573903667	75.25938263300031
28.65713629950824	76.08499815309692
28.882683338850857	76.92130386425892
29.11000555441571	77.76844952964768
29.339116917792165	78.62658709133768
29.570031510533536	79.49587070253838
29.802763525022478	80.3764567602963
30.037327265343325	81.26850393868189
30.273737148161228	82.17217322247144
30.512007703608234	83.08762794133109
30.75215357617632	84.01503380450556
30.994189525617475	84.95455893602782
31.238130427850855	85.90637391044851
31.48399127587708	86.87065178909943
31.73178718069974	87.84756815689593
31.9815333722541	88.8373011596861
32.23324520034325	89.84003154215699
32.4869381355814	90.85594268630348
32.74262777034483	91.88522065047006
33.00032981973018	92.92805420897464
33.260060122520336	93.98463489231958
33.5218346421579	95.05515702800339
33.78566946772633	96.13981778193869
34.05158081493881	97.23881720048533
34.319585027134885	98.35235825311182
34.58969857628496	99.48064687568831
34.86193806400265	100.62389201442689
35.13632022256524	101.78230567047308
35.41286191594197	102.95610294516231
35.69158014083057	104.14550208595058
35.97249202770191	105.35072453302612
36.25561484185286	106.57199496661747
36.540965984467434	107.80954135500424
36.8285629936863	109.06359500324153
37.1184235456847	110.33439060261199
37.410565455758885	111.62216628081076
37.70500667942099	112.92716365288007
38.00176531350276	114.24962787289974
38.30085959726762	115.58980768644783
38.60230791353184	116.94795548384282
38.906128789794295	118.32432735417646
39.21234089937523	119.71918314015241
39.52096306256392	121.13278649373974
39.83201424777545	122.5654049326559
40.14551357271647	124.01730989768939
40.461480305560265	125.48877681087632
40.77993386613098	126.98008513454167
41.100893827097174	128.49151843122095
41.42437991517486	130.02336442447293
41.750412012339844	131.57591506059634
42.079010157049765	133.14946657126725
42.41019454547567	134.74431953710678
42.743985532743324	136.360778952197
43.08040363418423	137.9991542895545
43.419469526596586	139.65975956758115
43.76120404951606	141.34291341750134
44.10562820649667	143.04893915180548
44.45276316640165	144.7781648337104
44.80263026470456	146.5309233476539
45.15525100480061	148.30755247083923
45.510647059328235	150.1083949458439
45.86884027150116	151.93379855430976
46.229852656450944	153.78411619172886
46.59370640258003	155.65970594334297
46.96042387292551	157.56093116117395
47.33002760653355	159.48816054219876
47.70254031984472	161.44176820768905
48.07798490809018	163.4221337837314
48.45638444669882	165.42964248294678
48.837762192715516	167.46468518742483
49.22214158623066	169.52765853289483
49.609546251820646	171.61896499414632
49.999999999999964	173.73901297172415
