16.58471	0.0001231812619993323
15.09242	0.0005167602754849235
13.73101	0.0008441962156538964
12.4908	0.001112367057339493
11.36274	0.0013302947038737734
10.33823	0.0015120797662028914
9.40923	0.0016691703024017024
8.568205	0.0018134150513941115
7.808046	0.00195591576442494
7.122095	0.002105568362918675
6.504137	0.002266774071698323
5.948331	0.0024404209812482953
5.449233	0.0026252582663151233
5.001779	0.0028151999367796153
4.601244	0.0030030545876259056
4.243252	0.00317694960211697
3.92376	0.003328438688914234
3.639028	0.003445060003819582
3.385624	0.003516974051798057
3.160403	0.0035356213603462494
2.960487	0.003494438984976959
2.783262	0.0033878609860751707
2.626355	0.003213309526517952
2.487623	0.0029683896712076356
2.365136	0.0026528550809674974
2.257164	0.0022669972390915965
2.162161	0.001811198885706515
2.078752	0.0012864417794440721
2.005716	0.0006936412108383283
1.941978	0.00003262974613751749
1.88659	0.0006965136770549523
1.838723	0.0014943508741984387
1.797653	0.002361923893411396

