11.12138	0.000525311319677252
10.25639	0.0006836883792496519
9.460471	0.0008004689178338287
8.728961	0.0008799068617629503
8.057455	0.0009251490779314424
7.441766	0.0009401651237899381
6.877929	0.0009305979369214186
6.362188	0.0009012310274423526
5.890993	0.0008580307286342083
5.46099	0.0008055583779504626
5.069021	0.0007485841853635225
4.712111	0.0006904210327877596
4.387468	0.0006354346630089076
4.092473	0.000584372265597095
3.824678	0.0005387578330932393
3.581797	0.0004982306223057901
3.361702	0.0004615323942058159
3.162415	0.0004263089500442156
2.982105	0.000388810142430042
2.819078	0.0003448500128019752
2.671772	0.00028941042612085755
2.53875	0.00021680180598327003
2.418694	0.00012129485707013514
2.310396	3.0714884602842022e-6
2.212756	0.00016238976350578047
2.124768	0.00036160910083424616
2.04552	0.0006059594157605763
1.974184	0.0008993320325401647
1.91001	0.0012450913974425579
1.852322	0.0016459104737873097
1.80051	0.0021034141771715683
1.754026	0.002619172962485818
1.712378	0.00319362793539953
