4207.778656526951	0.07512814857784318
4109.385977544094	0.07480160858828583
4013.631696455883	0.07448568092174722
3920.4259049684956	0.07419370453983704
3829.6462736177145	0.07396322133465107
3741.287817687293	0.07375012548472872
3655.281432925466	0.0735537272061929
3571.5580150804726	0.07337330150269228
3490.0484599005486	0.07320809139083503
3410.683663133936	0.07305731157394724
3333.3945205288765	0.0729201525747388
3258.082478477456	0.07278940713069118
3184.297200508117	0.07257969188424145
3112.346875546009	0.0724257572400682
3042.2342449410608	0.07228661852539431
2973.9138486273678	0.0721610070533785
2907.338562216766	0.07204909686868291
2842.4612613210898	0.07195110581208805
2779.2348215521793	0.07186730150019986
2717.6121185218663	0.07179800774951668
2657.546027841992	0.07174361147041884
2598.989425124388	0.0717045700604577
2541.8632835887174	0.07171474567275665
2486.151286635908	0.07174401636338067
2431.561291776853	0.07171678969896246
2378.265083260633	0.0716876078617677
2326.274629800092	0.07166940804757824
2275.5572893234844	0.07166312263631178
2226.0804197590696	0.0716697932809816
2177.8113790351067	0.07169057932341326
2130.7167405766313	0.07172773516833506
2084.7416831122955	0.0718106952403422
2039.8786587576838	0.07191055086829908
1996.0969281236453	0.07202639089064547
1953.365751821027	0.07215725958153306
1911.6543904606756	0.07230215901233843
1870.8360792086273	0.07242716434696686
1830.8776664107818	0.07252862817351897
1791.8581067644968	0.07264251742110141
1753.7475207796995	0.07278084150271223
1716.521334111516	0.07294858291020008
1680.1670461465467	0.073132462577254
1644.6629995776234	0.07333254210522168
1609.9875370975822	0.07354891032262675
1576.119001399254	0.07378168791966581
1543.0357351754772	0.07403103246406524
1510.7160811190795	0.07429714382081101
1479.1368651613968	0.07458291474279174
1448.2645127870796	0.07489994010532744
1417.9646697064752	0.07517865671157943
1388.349302821409	0.07547247537027645
1359.4028676653008	0.07578217829060538
1331.1098197715696	0.07610862842827076
1303.4546146736322	0.07645277591038802
1276.421707904906	0.0768156648553081
1249.9940041827983	0.07720161089443552
1224.152402134485	0.07761947402135251
1198.8874216261172	0.07805836899177765
1174.184219718784	0.07851816553512576
1150.0279534735746	0.07899874380891887
1126.40377995158	0.07949999865671141
1103.246681685148	0.0799958168267754
1080.5552573711334	0.08049198594835483
1058.3536340586963	0.08101783008592067
1036.6328471724319	0.08156987809828799
1015.3832610363947	0.08214603989222304
994.5939968063963	0.0827472111214783
974.2541756382456	0.0833743628345613
954.3529186877525	0.0840285478005515
934.879347110726	0.08471090729247584
915.820833319376	0.08542747395641317
897.1677379351605	0.08617640504683254
878.9103175332174	0.08695600526786185
861.0293720694744	0.08776137823878025
843.4724785660126	0.08856635824334046
826.2824227171984	0.08940434417874854
809.4508079012672	0.09027823456632819
792.9686497710062	0.09119298661143613
776.8290206593972	0.09214733855756031
761.0239262659941	0.0931433856293131
745.5453722903497	0.09418336559308273
730.3853644320175	0.09526966842723815
715.5359046076992	0.09640485979533386
700.9889856976037	0.09759171202775184
686.7366355480615	0.09883306092391869
672.7708639264174	0.10013200120028116
659.0496388030184	0.10146639089498674
645.5944015146091	0.10286104779613497
632.4057283049816	0.104322279461632
619.4764492878428	0.1058584915407704
606.7996529253343	0.10747763507469596
594.3687114244451	0.10918703159582746
582.1769969921644	0.11099448266439077
570.220516181931	0.1128969876168339
558.4891871533891	0.11491784490115288
546.9752812715543	0.1170715965287809
535.6712723901558	0.1193728778598612
524.5739499221169	0.12181726364093651
513.6506473336364	0.12442612224231492
502.9040703995803	0.12725038455859264
