3728.6466645068476	0.004913581593396901
3646.7922034415215	0.004067474139399564
3567.0438772440957	0.003216101096846903
3489.3514513965965	0.0023606924678949517
3413.664691381039	0.0015026192817573362
3339.9333626794514	0.0006434011997112686
3268.1072307738505	0.00021528576590725427
3198.136061146257	0.001071601417267485
3129.96961927869	0.0019235334145487643
3063.557670653173	0.0027688891843036696
2998.8167333479387	0.0035763669444437494
2935.6305040923107	0.0042830205544117615
2874.053476258516	0.004975540495847433
2814.0401882261976	0.005655518810147739
2755.5451783749972	0.006324679904066947
2698.5229850845535	0.0069848839799465075
2642.928146734507	0.007638130405960511
2588.715201704495	0.008286561054344997
2535.397086183298	0.009063345878679937
2483.2888481272585	0.009869350166847075
2432.448923827215	0.010676680794359102
2382.8459414288895	0.01148341525360866
2334.4485290780117	0.012287461349277431
2287.2154521862594	0.013075500640472469
2241.0470931425516	0.013766523314394144
2195.993234562768	0.014447195314674166
2152.0255126266084	0.015118353874777104
2109.1155635137725	0.015780902570349867
2067.2350234039627	0.016435812706754465
2026.355528476882	0.01708412464220774
1986.4487149122292	0.01772694905384956
1947.4862188897046	0.01836546815691724
1909.4396765890099	0.019000936890157416
1872.1197881063092	0.01969704876409291
1835.4734052983085	0.020468256655245272
1799.6686308226074	0.02124110128394976
1764.685636097834	0.022013530803666893
1730.4648418242668	0.022725591465550924
1697.0084014574904	0.023404237806379024
1664.317318631467	0.024076787880543408
1632.3736832879822	0.024743607376043034
1601.1595853688264	0.025405085871053563
1570.6571148157852	0.026061636917145935
1540.848361570649	0.02671369807311943
1511.7154155752035	0.027361730891010655
1483.24036677124	0.028006220856504616
1455.4053051005417	0.028647677286721695
1428.192320504899	0.02928663318908449
1401.5835029261011	0.02992364508578555
1375.4493055566668	0.030616032608155725
1349.766888711125	0.03136965987332157
1324.6027609589896	0.03205109471198436
1299.9843186522287	0.03273019150103962
1275.9001118993024	0.03340699531757483
1252.338690808671	0.034081548307193225
1229.288605488796	0.034753889023009965
1206.73840604814	0.035424051728857965
1184.6766425951628	0.03609206566666313
1163.0918652383257	0.03675795428790726
1141.972624086089	0.03742173444903164
1121.307469246915	0.03808341557047509
1101.0849508292636	0.038742998758901755
1081.2936189415973	0.03940047589185637
1061.922023692376	0.040055828663837
1042.9550203149927	0.04070045847208647
1024.3626393645613	0.04129022921897063
1006.0134938322956	0.0419734299884927
988.0341839429983	0.042663392977214894
970.4255808261103	0.04335450475387643
953.1802652411346	0.044046584779754455
936.2908179475755	0.04473943089190201
919.7498197049373	0.045432818130823394
903.5498512727227	0.04612649754248828
887.6834934104346	0.04682019495449947
872.1433268775776	0.04751360972586682
856.9219324336553	0.04820641346944666
842.0118908381712	0.04889824874557462
827.4057828506279	0.04958872772486564
813.0933672669757	0.050269211613944514
799.0555415862893	0.050904280478619376
785.3000025607214	0.05153683324720091
771.8198649279122	0.052168034173616644
758.608243425502	0.05279911476335061
745.5693029735489	0.05350850988455905
732.7753869539908	0.05423133434032664
720.2328251798431	0.05495765240876021
707.9367459549287	0.05568706325369684
695.8822775830713	0.05641913030034471
684.0645483680939	0.057153379776012814
672.478686613821	0.057889299232322666
661.1198206240763	0.058626336048213525
649.9830787026832	0.05936389591249829
639.0620889115232	0.0600959044755601
628.3433590810421	0.060789708051332034
617.8325430621294	0.061482186983765355
607.5251262633925	0.0621739649594791
597.4165940934394	0.0628656998038096
587.5024319608785	0.06355808420249152
577.7781252743184	0.0642518464304895
568.239159442367	0.06494775109257352
