6130.469788553471	0.09293926872409128
5989.065598828029	0.09266378330200757
5851.4053343466185	0.09239819570669187
5717.386232353723	0.09214487699659522
5586.891526095649	0.09191341624022976
5459.735709611056	0.09174924387333422
5335.921637466805	0.09160389058432228
5215.354224488411	0.09147651253285252
5097.938385501389	0.09136621778903103
4983.579035331263	0.0912720691324518
4872.181088803554	0.09119308728776428
4763.649460743776	0.09112825460350601
4657.624990942514	0.09103504416745507
4553.923241424823	0.0908957066546984
4452.777532326662	0.09080537837696122
4354.164848770639	0.0907400013505037
4258.036652338606	0.09068980825052152
4164.328172807619	0.09065486935884678
4072.974639954751	0.09063528833064602
3983.9112835570563	0.09063120774338143
3897.0733333916046	0.09064281508203002
3812.396019235453	0.09067034918420595
3729.8145708656693	0.09071410717190169
3649.234062278595	0.09079694901599294
3570.5802417258906	0.09090735599867562
3493.4411313036926	0.09095349034644801
3418.16485542207	0.09101163982352764
3344.7065097353616	0.09108252387534758
3273.0211898979096	0.0911669511756917
3203.063991564058	0.09126582704792831
3134.7900103881448	0.09138016131212315
3068.154342024507	0.09151107658538414
3003.0914396054827	0.09167835436284888
2939.5656557415514	0.09187602924221665
2877.547894106001	0.09209149480818188
2816.9958536466065	0.09232371242600373
2757.867233311146	0.09257159483505462
2699.970999449338	0.09279738052349179
2643.2879692742	0.09300379135036096
2587.9174607058203	0.0932240520622905
2533.8278223640837	0.0934598322416199
2480.967327494955	0.09373458447637902
2429.323738527939	0.09403028661450605
2378.869806396379	0.09434425132773694
2329.575754313056	0.09467647889703533
2281.4118054907617	0.09502699297861807
2234.3481831422723	0.09539584526695645
2188.3551104803773	0.09578312055184782
2143.402810717863	0.09618894219263195
2099.454251556863	0.09662264042193573
2056.3077609212028	0.09703184748301255
2014.1073510854644	0.09745411293935793
1972.8456266577498	0.09789434595118884
1932.5012011497647	0.09835331606974304
1893.0526880732157	0.09883187070463488
1854.4787009398117	0.09933094153018614
1816.7578532612624	0.09985155130215558
1779.8642823938342	0.10040143685660138
1743.7761952933204	0.1009828294721262
1708.4786459592187	0.10158761456875472
1673.9512263564725	0.10221559747297676
1640.1735284500198	0.10286659086181178
1607.0876519594233	0.10352654945342704
1574.6243223089566	0.10417631392118928
1542.8557342671886	0.10484956509547823
1511.761100089096	0.10555697251300962
1481.3295645160754	0.10629255762185187
1451.5471586915542	0.10705544584758869
1422.398909124204	0.10784653257221892
1393.8698423226951	0.10866678748657324
1365.9449847957	0.109517261039142
1338.609363051891	0.11039909136377708
1311.8454519497573	0.1113185574740726
1285.6400899965342	0.11227363760000984
1259.9799263575985	0.1132625376665034
1234.789628268623	0.11425843440364315
1210.0945442500063	0.11527882171404694
1185.906872602969	0.1163361948870647
1162.215251273269	0.11743304611121969
1139.0069436252413	0.11857515604930423
1116.2725898261504	0.11976094391802332
1094.0011900702557	0.12099253381759137
1072.1817445518157	0.12227219252820345
1050.803253465091	0.12360233939813103
1029.8547170043403	0.12498555696763329
1009.3250191085618	0.12642489786061734
989.203298374851	0.12792296487195232
969.4632620692978	0.1294747334229902
950.0687389152254	0.13106969744584504
931.0522452741742	0.13273412563946674
912.4058362861372	0.13447081426428878
894.1206697823299	0.13628526628430213
876.186632734155	0.13818704148090646
858.5945813789282	0.14018349120590515
841.3353719539646	0.14228244754542482
824.4021978926144	0.14448503328261683
807.7846057276303	0.1468038258293781
791.4702267437499	0.14925844275510325
775.4486673935891	0.15186346271923734
759.7113154845501	0.15462591275942028
