1637.4670777697893	0.035941650727286535
1598.4960008712956	0.03598753085532692
1560.5437034121978	0.03601905259244718
1523.6033389141692	0.03606167313227117
1487.6504596305333	0.03611438924819461
1452.6606178146185	0.03617604273615304
1418.6093657197496	0.0362453097301621
1385.4722555992525	0.03632068965922037
1353.2248397064523	0.03640049383726924
1321.842670294676	0.03648283367197494
1291.3012996172508	0.0365656084705885
1261.5585434954512	0.036612456726084985
1232.595802861618	0.0366300008131568
1204.4033943131617	0.036643436353005925
1176.9587001367283	0.0366537490383501
1150.2391026189619	0.036661988798357886
1124.2219840465075	0.036669269402564986
1098.8847267060087	0.036676767834371106
1074.1384886630526	0.03672233414747194
1049.9335934647618	0.036824757336596084
1026.3488017367993	0.03693028483305703
1003.3566984503639	0.037010305475820494
980.9426468772135	0.0370648617815891
959.1012970887022	0.03711720535808969
937.8174549077196	0.037167588613852685
917.0759261571537	0.03721626433143064
896.8615166598928	0.037263483128473676
877.1590322388248	0.037309490672522136
857.953278716839	0.037354524641821464
839.2290619168244	0.03739881142412616
820.971187661669	0.03744256254474665
803.0778795576875	0.037521472574458634
785.5867202214775	0.03760138180819364
768.5242086948882	0.037681670250115415
751.8800101724531	0.03776211754686826
735.6437898487063	0.03784246178229994
719.8052129181825	0.03792239556218533
704.3539445754175	0.038001561867937274
689.2796500149431	0.03807954966789716
674.5719944312954	0.038155889272804375
660.2206430190078	0.038230047419691514
646.2098570075628	0.03828183845150478
632.5307753445697	0.03831483620640627
619.177949339515	0.03834581222669762
606.0833681830387	0.03842940120001145
593.2821782878224	0.03852868921830894
580.7825213675612	0.03862937709104259
568.5772626594794	0.03873072933634029
556.6592674008001	0.03883192707919964
545.0214008287459	0.038932062569485164
533.656528180539	0.03903013344684111
522.5526219947583	0.03910337405087236
511.70604256517026	0.03916506212069578
501.11181244751583	0.039223411525911994
490.7632192249019	0.039279141121388146
480.6535504804365	0.03933300510460076
470.7760937972271	0.03938579207654601
461.09145556122485	0.039475788389187715
451.60941608056794	0.039586577740823505
442.34221077227255	0.039697572841868395
433.2843989861042	0.03980512426903748
424.4274196611906	0.03988848023902276
415.7706448823004	0.039968797520975326
407.3093807929409	0.04004617192553408
399.0389335366203	0.040120691459870204
390.95460925684574	0.04019243416087274
383.0517140971257	0.040261465745957355
375.3255542009674	0.04032783707321594
367.7714357118788	0.04039158140190865
360.3846647733672	0.04045271144338886
353.1459282123526	0.04051561429989708
346.04342144072365	0.04060102124051775
339.09609795408755	0.04068487461900487
332.30062454046526	0.04076686520431213
325.6536679878783	0.04084664505758002
319.15189508434804	0.04092382436720392
312.7919726178955	0.040997968098970654
306.5705673765417	0.04106859245085243
300.48434614830796	0.04113516110071592
294.5288315917066	0.04118841389255127
288.7009671057908	0.04122934320600487
282.9985472520213	0.04126571265989542
277.4183966626938	0.041298098290669445
271.95733997010467	0.04132709922606997
266.5893795125646	0.041394271205423744
261.33480517634524	0.04145944740682558
256.1913318316544	0.04152160792064094
251.15655615609464	0.0415798673647556
246.2270429562655	0.04162402601612122
241.40111391607076	0.041659131419022374
236.67688678500838	0.04168872175573845
232.05207459300826	0.04171276656415883
227.5243903700003	0.04173122081412595
223.0915471459148	0.04174402256002314
218.75125795068203	0.04175109040623005
214.5012358142319	0.04175232077472063
210.33894069336102	0.041744962844298114
206.25238467737665	0.04174446431737361
202.24330987827963	0.04175262913655803
198.31640179683478	0.041755303168463265
