11265.321582142904	0.011310426481945595
11039.182514446356	0.010539480693896475
10818.345527849553	0.009749843095900644
10602.70302380802	0.008942891408294212
10392.14740377725	0.00812016931963665
10186.571069212767	0.007283394899898517
9985.86642157007	0.006434469089974441
9789.92586230467	0.005575484255100364
9598.641792872068	0.0047087327919444685
9411.906614727777	0.0038367157820393136
9229.612729327315	0.0029621516878733448
9051.652538126182	0.0020879850924180087
8877.918442579881	0.0012173954882471803
8707.890920229933	0.00048403009082995276
8541.70566038564	0.00017962737383233696
8379.444251225434	0.0008285914320583416
8221.012850921941	0.0014634709924462351
8066.317617647775	0.0020849329439127998
7915.264709575568	0.0026937033148726917
7767.760284877935	0.0032905683494950573
7623.710501727506	0.0038763755021809193
7483.021518296893	0.004452034353211426
7345.59949275873	0.0050185174503692
7211.350583285627	0.005576861083477346
7080.180948050216	0.006128166001042815
6951.996745225117	0.006673598080636749
6825.706298992123	0.007341516038800918
6701.43208986613	0.008111483700820703
6579.899922742528	0.008882037150329591
6460.90690054497	0.009591714289157033
6344.301958868198	0.010196880723915116
6230.260207551653	0.010792308155207316
6118.726892964746	0.011378196582885573
6009.647261476889	0.011954764648511312
5902.966559457481	0.012522249688338573
5798.630033275926	0.013080907736620389
5696.582929301633	0.013631013478281344
5596.770493904016	0.014172860150338544
5499.137973452465	0.014706759391801133
5403.630614316398	0.015233041042137017
5310.193662865213	0.015752052888800935
5218.772365468324	0.01626416036467112
5129.31196849513	0.016769746196667226
5041.757718315042	0.017269210007155804
4956.054861297462	0.01776296787017554
4871.627053893288	0.018341213711702185
4788.231986968245	0.018956627216826238
4706.427449521138	0.019502145949600813
4626.299399598956	0.02004236595668491
4547.8154216213425	0.02057725541380389
4470.94310000794	0.021106778662735512
4395.650019178398	0.021630895643110666
4321.903763552366	0.022149561292794093
4249.671917549487	0.02266272491623306
4178.922065589406	0.023170329520079278
4109.62179209177	0.023672311115300163
4041.7386814762285	0.024168597984911725
3975.2403181624263	0.024659109916268514
3910.094286570009	0.025143757396687602
3846.26817111862	0.025622440770950796
3783.7295562279105	0.026095049358942347
3722.4460263175233	0.026561460531355954
3662.385165807108	0.02702153874099842
3603.4957379853277	0.02746149583236345
3545.634527167177	0.02779902017039765
3488.602499209959	0.02819773854416445
3432.2696587918717	0.028686246437285526
3377.017380026318	0.029172934509539113
3322.8261628109176	0.029657614846059603
3269.67650704329	0.030140082057828282
3217.548912621056	0.03062011237084922
3166.4238794418366	0.03109746269301194
3116.2819074032495	0.03157186965832766
3067.103496402913	0.032043048648081496
3018.8691463384484	0.03251069278817321
2971.5593571074774	0.032974471921722426
2925.1546286076173	0.033434031555664497
2879.6354607364865	0.03388899177975173
2834.982353391705	0.03433894615594869
2791.175806470896	0.03478346057578015
2748.196319871676	0.03522207208267999
2705.9903669304363	0.035622035289545766
2664.512274566461	0.03595624640731154
2623.804970531114	0.036282517514214484
2583.850726278035	0.03660206135943598
2544.6318132608685	0.036916157813705684
2505.91377525029	0.037293282558338026
2467.6731196756227	0.0377393789943525
2430.121662275087	0.038185756408922016
2393.2474781173587	0.03863207253644184
2357.0386422711135	0.039077958048397386
2321.483229805024	0.03952301546943099
2286.569315787765	0.03996681807582989
2252.28497528801	0.04040890877596038
2218.618283374437	0.04084879897194742
2185.557315115717	0.04128596740157096
2153.090145580524	0.041719858959071224
2121.2048498375348	0.042149883493137925
2089.8895029554237	0.04257541457998569
2059.114719012209	0.042974419609330294
