1927.1118929925483	0.04145294301496032
1876.8590266369483	0.04150403414774464
1828.0665862156798	0.0415442098479095
1780.6935082335453	0.041575723859377786
1734.6987291953405	0.04160115042757369
1690.0286984898808	0.04164206246413099
1646.64070164684	0.0417056902115816
1604.5115504169762	0.04176930783641015
1563.6027659681492	0.04183247331668713
1523.875869468222	0.04189475656567918
1485.292382085057	0.04195574569506458
1447.8138249865135	0.0420150538644658
1411.4017193404516	0.042072326736526014
1375.8886334472172	0.04209460140144151
1341.3242764028846	0.042122121617323476
1307.7294905727972	0.042147383715702064
1275.0770085246868	0.042170547629567935
1243.3395628262838	0.042191842999808125
1212.489886045323	0.04221157751042426
1182.5007107495333	0.04223014579577682
1153.3447695066493	0.04224803895121426
1124.9895306065198	0.04227747264504873
1097.4044069280328	0.04232750085086548
1070.5040681602668	0.04234296257343428
1044.2914191924117	0.042333514093666494
1018.7901968250328	0.04232035070211972
993.9808891952545	0.04230424998419243
969.843984440201	0.04228611727822189
946.3599706969983	0.04226699643300003
923.5054242860605	0.04225850254933539
901.2588057103096	0.04226825413895934
879.6079186074263	0.04227851998482361
858.5342293071316	0.04228799456250843
837.9966063758845	0.042281775611922645
817.9431886766918	0.042237211690652345
798.4168369144243	0.04218896120893334
779.4034474577537	0.04213844293368312
760.8854094484843	0.04209848803152123
742.8485902711262	0.04207175803290125
725.2835148205238	0.04204554977954134
708.176803300346	0.042019379075714146
691.5150759142651	0.04199276099208252
675.2849528659502	0.04196521408580445
659.4730543590733	0.041936265030263965
644.0198961745019	0.04187096992706895
628.9460050472602	0.041809020208427417
614.2543320121329	0.04175289000909171
599.9368770687936	0.04169611737803666
585.9838984076762	0.04163881777784904
572.3856542192132	0.0415811559145224
559.1324026938374	0.041523351729984864
546.2144020219828	0.04146568682649231
533.6218769160795	0.04140866134040252
521.3413950633259	0.04136961296329393
509.35851163594737	0.04132271158636111
497.6414603994135	0.041245299791200604
486.2147511426375	0.0411661595927403
475.07120503930446	0.04108590918478263
464.2036432631001	0.041005258713517644
453.60488698770945	0.04092501796651892
443.2663653831942	0.04085353135832627
433.1811270475713	0.04079108010270736
423.34363129904244	0.04073012285856353
413.7469998163068	0.04067008969104175
404.3843542780648	0.04061040149774101
395.23286761626144	0.0405326678026334
386.28905300815495	0.04043917208933241
377.56053291577945	0.040348339849786835
369.04089338031275	0.04026851966681274
360.72657723523463	0.0401903107788227
352.61247604488744	0.04011376076303234
344.6934813736135	0.0400389521567514
336.96448478575456	0.039966007361015694
329.42037784565235	0.03989509393254282
322.0558735428338	0.03982771568527495
314.86487188119725	0.039771519915212265
307.82654630839164	0.03969377684086833
300.95023426783484	0.039612000355699395
294.2358092441681	0.039531692789103554
287.67942677563065	0.0394534609080926
281.2772424004612	0.03937799115408947
275.0251119819837	0.03930855604567962
268.9188343355239	0.0392492191862526
262.9554100177771	0.03919395636360498
257.13113048305615	0.03914254438378894
251.4422871856748	0.03909477292037774
245.88385362817604	0.03904831969626961
240.43986395727848	0.03898276933480053
235.12053874039864	0.03892586505650323
229.9233664721905	0.0388751476930478
224.84570980737064	0.038829225715010456
219.88474875283904	0.03878848411952375
215.03766331549588	0.03875336298974172
210.30163350224163	0.03872436314915307
205.67359983318067	0.0387046700586683
201.1507664895703	0.03869481883195312
196.73065800178082	0.038691759706336155
192.406455001425	0.03868737342144345
188.17301287895543	0.03867634065533824
184.03487689948648	0.038672400253392025
