2795.0687603036113	0.01379608899030467
2733.6084637304707	0.014632720923132047
2673.7565757407356	0.015470306133198084
2615.4709810622867	0.01630714554140755
2558.709564422997	0.017141371403392704
2503.4302105507495	0.017970939009610134
2449.5908041734174	0.018793618233246254
2397.1006365797757	0.019555030120713916
2345.909135716025	0.020240154530284778
2296.0366297295477	0.0209118239688047
2247.4449809037114	0.02157174794616767
2200.0960515218803	0.022221775931445396
2153.9517038674203	0.022863900929531143
2108.973800223698	0.02350026300249247
2065.0030426445755	0.024176640286741005
2021.805376051155	0.024969558858356243
1979.6724732881275	0.02576530192507428
1938.578043371119	0.026562006507786173
1898.4957953157607	0.027357637507966628
1859.3994381376779	0.02814997993284942
1821.2213745273516	0.028879585002860583
1783.9488581991109	0.029559605871190397
1747.5871398274069	0.030230189203282333
1712.1124351859416	0.030892214500833504
1677.5009600484223	0.031546628496588486
1643.7289301885519	0.032194446458272234
1610.772561380035	0.03283675342641348
1578.6080693965753	0.03347470539551846
1547.2116700118781	0.034109530451113534
1516.5492339927837	0.034747403482157935
1486.3311053838856	0.03551743908804381
1456.8157946549784	0.036290375254073685
1427.9866741337314	0.037064131163916825
1399.8046398888794	0.03779682607889636
1372.2522273934305	0.038482317404328274
1345.3384067720635	0.039162442308954014
1319.0481547378256	0.039837530782485184
1293.366448003765	0.040507933184475195
1268.278263282924	0.041174020167989496
1243.7685772883517	0.0418361825500973
1219.8223667330924	0.04249483113058824
1196.4246083301946	0.04315039646090933
1173.5602787927023	0.04380332856596396
1151.2143548336635	0.04445409662208463
1129.3718131661235	0.04510318859510832
1107.9732679040478	0.045778627929342154
1086.8998060295462	0.04653017317798667
1066.265056405856	0.04722714739775641
1046.0838098155375	0.04792297484473348
1026.3464382558768	0.048617650356543536
1007.0433137241602	0.04931116014229143
988.164808217675	0.0500034808702259
969.7012937337092	0.05069457871763101
951.6431422695489	0.051384408383023834
933.9807258224802	0.05207291206055791
916.7044163897908	0.05276001837635564
899.8045859687683	0.05344564128619214
883.2716065566988	0.05412967893357476
867.0958501508693	0.054812012466805476
851.267688748566	0.05549250481303959
835.7611307396547	0.05612464253687829
820.5794797548069	0.05674315415538174
805.6044216198682	0.05745370113855703
790.9334119556058	0.058174175132114696
776.5692033811704	0.05889707636239846
762.5055357387126	0.05962213855003747
748.7361488703856	0.06034906586882757
735.2547826183404	0.061077531474204756
722.0551768247292	0.0618071760054109
709.1310713317035	0.06253760606105378
696.4762059814158	0.0632683926472566
684.0843206160183	0.06399906959697955
671.9491550776627	0.06472913195834776
660.0595361941263	0.06544078715330395
648.4056580404524	0.06611995807949712
636.9903373747651	0.06679744407454395
625.8077651050567	0.06747430894430975
614.8521321393199	0.06815167804086632
604.1046679099024	0.0688443541644472
593.505343252968	0.06961204058757962
583.1172611152066	0.07038473299538506
572.936290435833	0.07116193697103008
562.9583001540618	0.07194311402551484
553.1791592091085	0.07272767984255372
543.5947365401875	0.07351500250563515
534.2009010865142	0.07430440070660253
524.993521787303	0.0750951419345056
515.9600077942121	0.07584937775212398
507.10447145065643	0.07660121293194949
498.4235956923168	0.0773533625147243
489.9135520612821	0.07810636271458614
481.5705120996407	0.07886077743166418
473.39064734948136	0.07961719881185964
465.37012935289295	0.08037624781681259
457.5051296519646	0.08113857480865135
449.7914904249788	0.08190530624027116
442.1733365626442	0.08274870349691586
434.70016807800914	0.08359831547307374
427.36921405172626	0.08445340114671253
420.1777035644477	0.0853131638538982
