9004.574097203058	0.05345205919252813
8811.767543264983	0.05291682728010891
8623.71565808066	0.05237580786452452
8440.312134781147	0.051830374684264595
8261.450666497472	0.051282062640433154
8087.024946360695	0.05073257717521874
7916.928667501848	0.05018380387007723
7751.055523051977	0.0496378182656074
7589.299206142117	0.0490968959094335
7431.553409903318	0.04856352264382022
7277.7062282922525	0.04804253919091407
7127.416014809001	0.047628493216703975
6980.827392463812	0.04723066323918218
6837.84415366666	0.04684825736110468
6698.370090827517	0.04648042284033527
6562.308996356349	0.04612624600383016
6429.564662663124	0.04578475234209697
6300.040882157808	0.045454906781843704
6173.641447250376	0.04513561413202003
6050.27015035079	0.04482571969578119
5929.405164050035	0.04446628660233954
5810.7591453274945	0.04402661327948794
5694.887915353536	0.04359241583768411
5581.589038674442	0.043232301176079735
5470.906568725164	0.042897067569086254
5362.806524920447	0.042573310456335466
5257.227356904764	0.042260873985531425
5154.107514322585	0.04195959943803391
5053.385446818388	0.04166932692586072
4954.999604036651	0.041389897244507715
4858.888435621845	0.04112115388644418
4764.990391218439	0.04086294522029886
4673.243920470912	0.04061512684108931
4583.587473023738	0.04037756409731631
4495.959498521392	0.04015013480143341
4410.0983729274985	0.03994881969480909
4325.563289615298	0.03968569505112165
4242.897435734909	0.03942970724804381
4162.060746175215	0.03918110763030716
4083.013155825128	0.038940179626917724
4005.7145995735395	0.03870724140809133
3930.125012309356	0.038482648672998526
3856.2043289214707	0.038266797573561544
3783.9124842987903	0.03806012778042869
3713.209413330207	0.037863125698308485
3644.0550509046316	0.03767632783913925
3576.4093319109497	0.03750032436308319
3510.20104660407	0.03735943262348619
3445.3845183582985	0.03725996607206884
3381.9606922107046	0.037171945879998974
3319.8923498498584	0.037093798777377604
3258.8745073600858	0.03696315991438824
3198.9710262178664	0.036798677115450276
3140.327421223568	0.03663939558930591
3082.9171306777653	0.03648602190691509
3026.7135928810394	0.03633932849573013
2971.69024613397	0.03620015734306822
2917.820528737132	0.03606942383573989
2865.077878991104	0.03594812074418252
2813.416600144532	0.03585525264811509
2762.803812466327	0.035798934023540126
2713.241283619489	0.035754214096429836
2664.7043782527408	0.03572042591942084
2617.168461014802	0.03569686833905254
2570.6088965543972	0.035682806367945664
2525.0010495202446	0.035677471651376996
2480.32028456107	0.03568006302672226
2436.338981312095	0.03563096276102856
2393.156778727296	0.035563192046121836
2350.8387089283797	0.035501538714694934
2309.3668372583197	0.035447209510440926
2268.705135659431	0.035422288133764614
2228.8430678746786	0.0354205862534528
2189.7756441522233	0.035428879388512136
2151.486245289567	0.03544708065357092
2113.9582520842123	0.03547510651344799
2077.1750453336585	0.03551287810530393
2041.1200058354054	0.035560322660255
2005.7765143869556	0.03561737502822027
1971.1279517858106	0.03568397930994706
1937.1576988294705	0.035760090600500664
1903.8491363154362	0.03584567684884445
1871.1836710409084	0.03594344128969462
1839.0202744870608	0.036035077617957385
1807.3953083086476	0.036106712572631997
1776.3741679215916	0.03618629909282277
1745.9454099363106	0.036274126973975
1716.0975909632234	0.036370514272235165
1686.8192676127474	0.036475809279009994
1658.0989964953021	0.03659039259154395
1629.9253342213078	0.0367146792840962
1602.286837401182	0.03684912118486241
1575.1720626453425	0.03699420926441373
1548.5695665642088	0.03715047614213915
1522.45570326299	0.03733893222046415
1496.831675493483	0.03753967337502151
1471.6869596824204	0.03775176067290629
1447.0107516667672	0.03797469801676332
1422.7922472834873	0.03820797044306433
1398.9803745522859	0.03843268187524481
