6702.202312275609	0.04753543866060435
6555.737691802868	0.04673851257494437
6413.105141391972	0.04594746210812447
6274.171871529754	0.04517631371223851
6138.625128946577	0.04452084145370746
6006.597795899177	0.04388108153297621
5877.99258032072	0.04325586199402547
5752.7121901443825	0.04264391186311461
5630.659333303335	0.04204385941125104
5511.736717730755	0.04145423056769657
5395.847051359822	0.0408734474707323
5282.893042123706	0.04029982713624731
5172.406210986994	0.0396747527072395
5064.052504643179	0.03895620325060806
4958.377004469446	0.038238874181508654
4855.311337223947	0.03752550988963287
4754.655118115461	0.036894273310493005
4656.436700165711	0.03629669817139881
4560.634221777387	0.03571002703090864
4467.185972397542	0.035133715090602556
4376.030241473246	0.03456718016097931
4287.105318451553	0.03400980291673176
4200.349492779531	0.03346092727785529
4115.701053904235	0.032919860914778894
4033.0982912727322	0.032385875874281926
3952.4794943320826	0.031858209321446895
3873.7829525293464	0.031336064391396766
3796.4331770177214	0.03071538657481498
3720.7319402741095	0.030084242841020976
3646.703741565133	0.029525716068217068
3574.4022371144397	0.028974062039907326
3503.7878146546814	0.028429182629725977
3434.820861918515	0.027890981520785653
3367.4617666385975	0.027359365545668313
3301.6709165475813	0.02683424612667626
3237.4086993781166	0.026315540818399805
3174.635502862862	0.02580317495485687
3113.311714734475	0.025297083403645716
3053.397722725602	0.02479721242991252
2994.8539145689024	0.02430352167348295
2937.6406779970275	0.02381598624312077
2881.6867278409227	0.023363483754035876
2826.6482887956004	0.0228844196068516
2772.68871888771	0.02237183477072657
2719.9245647741095	0.021862276137017054
2668.330066305838	0.02135593343297237
2617.8794633339194	0.020853024243088
2568.5469957093924	0.0203537961013248
2520.306903283291	0.019858528666274453
2473.1334259066466	0.0193675359816897
2427.0008034304915	0.018881168825512624
2381.8832757058594	0.01839981715133775
2337.755082583786	0.01792391262732189
2294.5904639153023	0.017453931278754522
2252.338757352906	0.017019008489897132
2210.9724743585452	0.016623241168609075
2170.495182502013	0.01623402116008394
2130.863545316435	0.01584318616626523
2091.8041706365766	0.015364384880031666
2053.568483427415	0.01488579146722057
2016.139521563895	0.014407855310607351
1979.5003229209565	0.013931073297447387
1943.6339253735432	0.013455992401886123
1908.523366796594	0.012983212340259186
1874.1516850650535	0.012513388302215267
1840.501918053861	0.012047233761542486
1807.5571036379602	0.011585523371758194
1775.2843111907102	0.01115201735421693
1743.6635435241333	0.010753215140770496
1712.6986459433592	0.010360627700662692
1682.3739109780436	0.009973312049130524
1652.6736311578397	0.009590272473076053
1623.582099012401	0.009210459797481516
1595.0796927532595	0.008831100791547997
1566.9662878855693	0.008371079798408535
1539.4184079334786	0.007909978234052104
1512.4247289146028	0.007448514399393352
1485.9739268465578	0.006987469699435103
1460.0546777469617	0.0065276915239229774
1434.6556576334317	0.006070096197100022
1409.756189189742	0.005632316310036458
1385.3399340827862	0.005225301718028336
1361.4111226096688	0.004822886099529205
1337.9592800798039	0.0044246275505692035
1314.9739318026009	0.004030063713385879
1292.4446030874738	0.0036387118594894668
1270.3608192438328	0.0032500690092563005
1248.71210558109	0.002863612086503488
1227.4879874086569	0.0024787981060633976
1206.6779900359456	0.002095064391934622
1186.1965860583205	0.0016705681447332552
1166.0556566148334	0.0012153629267894878
1146.3015558015813	0.0007596808444715403
1126.920830268525	0.00031724488430259404
1107.9012592705549	0.00010008258132858201
1089.2463311889362	0.0005152128887802729
1070.948964797492	0.0009282655162146995
1053.0020788700472	0.0013393590286027257
1035.3985921804265	0.0017486104721190238
1018.1314235024533	0.0021561347337022705
