1582.7982497713715	0.029798196746493075
1544.7560491556608	0.029770234891093667
1507.7503130663122	0.029750551605679104
1471.7536811405262	0.029737249610909993
1436.7387930154982	0.029728192665866918
1402.6782883284288	0.029720990373942716
1369.5335655053711	0.029692987079866368
1337.2692616466375	0.02962528802472858
1305.8800648862089	0.029553248240005325
1275.3406701954048	0.02947749736841227
1245.6257725455434	0.029398694865070393
1216.7100669079423	0.029317527618671724
1188.5682482539178	0.02923470722797508
1161.1750115547893	0.02915096693027106
1134.4709563732547	0.029084805529806954
1108.334636983047	0.029089161041742372
1082.86153168363	0.029056445482045373
1058.047073831873	0.02901280404541556
1033.8783594718057	0.028967406798290265
1010.3382626311159	0.028920198299214248
987.4096573374947	0.028871089211623808
965.07541761863	0.028819951658048786
943.3184175022127	0.028766614233271398
922.1215310159309	0.028710856659294192
901.4676321874757	0.028652404062298215
881.3350870447763	0.02857870351251892
861.7016305794862	0.02847432804301821
842.4558135850552	0.028439087550383706
823.6846787703978	0.028408663952567567
805.3824187627176	0.028378589443376394
787.5372743672144	0.028348255598576413
770.1374863890883	0.02831697068172257
753.1712956335397	0.0282839531702161
736.6269429057701	0.02824832493660563
720.492669010979	0.028209104062042488
704.7476176070763	0.028134706862786275
689.3891257395139	0.028053120249067143
674.4067970769117	0.027967731172013167
659.7895583696553	0.027879773524749876
645.4901315979762	0.02782120591877973
631.4956392361026	0.027796669738136614
617.8371299141749	0.02777244681283015
604.5064114729512	0.027747313181758864
591.4952917531924	0.02771991481177102
578.7907665629091	0.027669324860431336
566.3879051248977	0.02760614254427301
554.2809415820514	0.027538363903065778
542.4621743512604	0.027466333273438413
530.9239018494145	0.02739039996997167
519.6584224934027	0.027310915679075887
508.658034700114	0.02722823158882915
497.9150368864381	0.02714269524495823
487.3781906979318	0.02710128379238548
477.07433679012655	0.027049979050832
467.00718334373164	0.02698897831971537
457.1726252081855	0.026924447374526844
447.5652179308212	0.02685615455235028
438.1795170589714	0.02678382975504578
429.010078139969	0.02670716049723506
420.05145672114656	0.02662578768411725
411.29820834983764	0.026539301102957453
402.74488857337457	0.026447234610044095
394.3830760728057	0.02633179865042219
386.2104493579553	0.02620983929761319
378.2173371308117	0.0260890954111424
370.37338116839527	0.02600459412055424
362.7046055979679	0.02591688434915026
355.20710343151944	0.025825212254617525
347.8769676810402	0.025728745675745502
340.71029135851984	0.02562656865272236
333.702081499305	0.025510308438399024
326.84860524011555	0.02537963391455415
320.14717099916584	0.025241535045848636
313.59405802101503	0.02509615000399914
307.1855455502225	0.02494360956188861
300.9179128313478	0.024784034196625955
294.78743910894997	0.024617530924849047
288.78173773040504	0.024458318293099687
282.890690915025	0.024312057007187273
277.12606922870873	0.024151931148018918
271.4859970643703	0.023984084114283506
265.96775886974376	0.02380809339974917
260.56863909256356	0.02362349222182439
255.28592218056423	0.023429765564190817
250.1168925814798	0.02322634594457054
245.05883474304508	0.0230126088889433
240.10837150227803	0.0227817592079799
235.2632474126941	0.02253702095816621
230.52113650021565	0.02228118936768602
225.8794253892909	0.022014454365393912
221.3254763735343	0.021756988805798187
216.86110881941408	0.021500901465160722
212.49028876628114	0.02123335953088166
208.2107445099911	0.020950501565254267
204.02038289987266	0.020650084621119346
199.917637139019	0.02033546348621662
195.90056651254915	0.020006079525494925
191.9672303055822	0.019661326956028468
188.11568780323745	0.019300548526192996
184.34399829063378	0.018923030861595223
