752.6199117116881	0.0029082147930165917
732.7780890513693	0.0031025144738580273
713.5163496775318	0.0033025984484331074
694.8177200735339	0.0035057702955085825
676.6567336047842	0.003679126817913733
659.0240155005137	0.003844410198332344
641.9054228808939	0.004008011469972845
625.2850252432274	0.004170174151576046
609.1468920848165	0.004331119329619106
593.4750929029644	0.004491038503903635
578.2536971949743	0.004650085724759921
563.4657625314553	0.004804139172578532
549.0238801676412	0.00499334567281704
534.9886218493627	0.005183967404144413
521.349254779291	0.005375057835156387
508.094493803654	0.005566086530292513
495.2130537686803	0.005756425842855288
482.69364952059783	0.0059453407975842785
470.52499590563616	0.0061319782525748314
458.6929042392196	0.006300629605612268
447.18714192981054	0.006454571170197543
435.99916347608837	0.006606378087437077
425.0842744822045	0.006797126092964435
414.454484510345	0.007004410325381021
404.1147519725061	0.007212254926554353
394.05699576472136	0.00741927777365921
384.2725787361054	0.007620593685915618
374.75111220383576	0.00780007911865514
365.48786207203375	0.007975534126207762
356.47514349017496	0.00814752239904887
347.70527160773406	0.008316621055275702
339.1705615741861	0.008483415885620444
330.8518681902982	0.008664764942921083
322.7324733921958	0.008875328506409302
314.82531229431186	0.009067208370099675
307.1269170315399	0.009254676510734557
299.6318816556916	0.00943872684425842
292.3346280003032	0.00961908778908796
285.2295778989095	0.009795428749245839
278.3111531850471	0.00996735247545406
271.57377569225133	0.010134386785077927
265.01030139718324	0.010282720102138564
258.61681003943863	0.010425146634369147
252.36724932333107	0.010600735297773061
246.27629924567984	0.010776986834502471
240.34179049063783	0.01094960894280067
234.5596242407389	0.011117526782252701
228.92549822655047	0.011277564399673723
223.4345756344847	0.011420925494643037
218.0839067882036	0.01155713504164933
212.86955730340878	0.011686371072864443
207.78759279580237	0.011808795690746105
202.8340788810863	0.011924549188093702
197.99777164405424	0.012049279227021365
193.2732787246235	0.012179285013292948
188.66656211644326	0.01229911266637646
184.1749502420693	0.012411086596937888
179.79551273595553	0.012514590930303576
175.5253192325563	0.012608932917619105
171.3614393663256	0.012693334820755547
167.3006495388376	0.012763123772821763
163.34010323937167	0.012818181145328867
159.47723363293346	0.012862152926636353
155.7089165985838	0.012895995066275149
152.02186167047793	0.01294696886221315
148.4246240022621	0.012986760494339973
144.9147320450533	0.013010042774083467
141.49015914281097	0.01301773362661323
138.14887922975274	0.013010843323519617
134.8887459845781	0.012988565176396672
131.70761308598668	0.012950008498873072
128.60328657705946	0.012893402437801564
125.57348826646746	0.012815380447512438
122.61632062313438	0.012718835926957595
119.72456704590279	0.012619081752691955
116.89892117966549	0.012507855578668528
114.14036154620678	0.01237516486383386
111.4471192990435	0.012216807713707338
108.8177102219726	0.012033703664509024
106.25051692027107	0.011824246408201252
103.74392199921569	0.01158669632232288
101.29628940058139	0.011318784335953742
98.90599110113806	0.011018218421197034
96.57146306115413	0.010683890753723448
94.2888805991457	0.010321701254857124
92.05580496634695	0.009932836793945627
89.87417418785068	0.009502875834606418
87.74268055658501	0.009027503059045256
85.6600327036319	0.008502460944743755
83.62494484871642	0.007923306319728568
81.63619844912444	0.007286952595455748
79.69237494696674	0.006584966041366553
77.79214201821557	0.005810492208255474
75.93428809743367	0.004959393500507792
74.11616410547954	0.004026238449796744
72.3348956030933	0.0030012311620689937
70.59202365419209	0.0018641987367598726
68.88622802371962	0.0005973582366344106
67.2157550230561	0.0008315589750408784
65.57959901431002	0.002434512812920919
