1681.7743807247857	0.028103098770471083
1638.3882351423554	0.02823723945357066
1596.242824516043	0.028361649313586496
1555.3043882292259	0.028478116288311362
1515.539165665275	0.02858869711528141
1476.9133962075684	0.02869573742742189
1439.3847045751895	0.02881683410353763
1402.9150176037192	0.02896375888329682
1367.486438912384	0.029112688643943098
1333.0673095399325	0.029263083644458187
1299.6259705251127	0.02941440599426493
1267.1307629066714	0.02956612567775434
1235.5500277233539	0.029717727190381068
1204.8449910695722	0.029865532691346595
1174.8565255420194	0.029966614138621447
1145.68627207244	0.03008710873838681
1117.321424784841	0.03020733074429327
1089.7395654398515	0.030327428155978532
1062.9182757981048	0.030447615802329988
1036.8351376202295	0.03056818372340528
1011.4677326668576	0.03068950616004106
986.7936426986184	0.03081205118604656
962.7851306398195	0.03094995091651994
939.4197468266103	0.031104940274341988
916.6183727413134	0.031224107718351407
894.3947150006966	0.031323117997975346
872.7646451612162	0.031420391164569315
851.712101480397	0.03151677325252489
831.2210222157651	0.03161324263503797
811.2753456248468	0.031710921234233
791.8537705111129	0.031827179570440414
772.9432775992589	0.03195502380355325
754.5313698262714	0.032085120301222236
736.6027894396361	0.03221637389212867
719.13254901514	0.03234088908311207
702.0581366766901	0.03242360207500418
685.425301129608	0.032504932954847264
669.2224090861928	0.03258642926960599
653.4324224760439	0.03268975424791626
638.0495624996732	0.032796134996329045
623.0629387382975	0.0329047736213964
608.4615061363493	0.033015449537278814
594.2342196382588	0.033127967496643644
580.3700341884585	0.03324216346153688
566.8579047313785	0.033357910983582005
553.660223643662	0.03346174632423384
540.7688621920342	0.03355632806404381
528.2008704809614	0.03365190504368685
515.9481691238648	0.03374880684059258
504.0026787341652	0.03384743157770468
492.3563199252831	0.03394825308388411
481.0010133106401	0.03405182855207627
469.9283178875982	0.03416062808704999
459.12812593747674	0.03428596475020224
448.5951421385185	0.03441486589818214
438.3216151558335	0.03454642687056243
428.27210855657756	0.03465037428451818
418.4622182075755	0.03474931753495112
408.89173305366853	0.034850279041492405
399.55461310583996	0.034954683474057516
390.4429740646607	0.035075178178522876
381.5530479164575	0.03520032259142364
372.87909652141883	0.03533001132424608
364.41538173973186	0.03546416512567034
356.15616543158507	0.03560273620189725
348.0957094571657	0.03574571401039299
340.2254333422696	0.03589151185389958
332.52043753999646	0.036022720372124534
324.9986120569386	0.036158034193269566
317.6556521960339	0.036297902841989665
310.48725326022065	0.03644284391589182
303.4891105524373	0.03659344980812333
296.6569193756215	0.03675039491375876
289.9857862998394	0.03691911257487196
283.4716873972315	0.03709849170447257
277.1108732036453	0.03728507327947667
270.8991851347874	0.037478585289997916
264.8256922712965	0.03766839233661524
258.8833359951339	0.03784921683743262
253.07866684792484	0.038039410972903025
247.40819653934355	0.03824243280547212
241.8692541300977	0.038454370473268336
236.4586820412307	0.038675658895485965
231.1733226937865	0.038906793585168374
226.01001850880834	0.03914833729681161
220.96544425953167	0.03940264203683499
216.03634246354073	0.0396715804835072
211.21994859404137	0.039951949872882975
206.50429639041883	0.04022735607984582
201.89269851865456	0.04050883261396292
197.3857272564592	0.040802996957879215
192.9807181394493	0.04111383008055837
188.67543518626513	0.04144058521980667
184.4675963613942	0.04178301448453485
180.35483262492392	0.04214193473517521
176.33477493694144	0.04251824622811892
172.4049591630306	0.04291416724160374
168.56302805861526	0.04333071294306996
164.80517768287734	0.04376360525883609
161.12396875534125	0.04420222768906035
