4485.1315730277765	0.0894683150728969
4378.767726804969	0.08893097326619671
4275.2540135609315	0.08838995032077974
4174.517883858917	0.08784738000742989
4076.4867882621684	0.08730565763868528
3981.088177333938	0.08676745671429144
3888.2381160714717	0.08624373057259242
3797.8039957418337	0.08578136273306687
3709.791007450539	0.08533042565892492
3624.1321989628627	0.08489045474588403
3540.7606180440807	0.08446097353049624
3459.6093124594618	0.08404149713740736
3380.6113299742756	0.08363153608264853
3303.6997183537974	0.0832306004408739
3228.807525363302	0.08283820438448847
3155.8677987680585	0.08245387110314488
3084.409668042062	0.08202636279142758
3014.7294769217037	0.08161690975614952
2946.8386186422827	0.08121446030552462
2880.69122656088	0.08081913961472259
2816.241434034588	0.08043111752554563
2753.44337442049	0.08005061387392289
2692.2511810756764	0.0796779041462186
2632.6189873572293	0.07931332547861569
2574.5009266222414	0.07895728301672483
2517.8464767648525	0.07861517567333198
2462.5790328166377	0.07832104174691572
2408.691189721556	0.07803557923102658
2355.8889539534375	0.07768574527197332
2304.3635024704354	0.07733210762005699
2254.108999696954	0.07698245294557442
2205.0936484210465	0.07663748784517628
2157.2856514307696	0.07629801491648247
2110.653211514181	0.07596493989157863
2065.1645314593325	0.07563927910352537
2020.7693671001075	0.07534614038114808
1977.4458669021049	0.07507507405957359
1935.1739654485245	0.07481231730533633
1893.9237851187877	0.07455652993632512
1853.6654482923277	0.07430630100671974
1814.240097015328	0.0740149565453944
1775.6898170520612	0.07370416852481901
1738.053947383988	0.07339631781882694
1701.3101598279106	0.07309269251249538
1665.4305763327025	0.0728033678694497
1630.3846816896182	0.0725434550360325
1596.1656992988057	0.07229078678680362
1562.752672395178	0.07204484259940976
1530.1246442136471	0.07180508960213544
1498.2606579891217	0.0715709847588187
1467.1397569565115	0.07134197725712045
1436.7409843507282	0.07111751110290739
1407.008519109094	0.0708819385734758
1377.8603540430463	0.07060815714521257
1349.3644829972711	0.07036301507786787
1321.519254959653	0.0701223162321365
1294.3097798339275	0.06988605173551489
1267.7211675238286	0.06965423934116233
1241.738527933091	0.06942692672751088
1216.3469709654491	0.06920419499743503
1191.5316065246393	0.06898616238450773
1167.2775445143945	0.06877298817491054
1143.5698948384515	0.06856487685491487
1120.3846627008425	0.06838263968810794
1097.7164022262964	0.06820603717540123
1075.4864133142014	0.0679977647809097
1053.7216733338953	0.0677771752997184
1032.4375939684965	0.06755856199785952
1011.6234536881564	0.06734241362225483
991.2685309630259	0.06712928515007749
971.3621042632575	0.06691980248170251
951.8928367183089	0.06671628416301038
932.8445727759997	0.06653415318633593
914.2132667872123	0.06635698729913131
895.988731377844	0.06618418296528847
878.1607791737919	0.06601511999715978
860.7192228009523	0.06584916308508877
843.649427152122	0.06568274328948352
826.8874471828218	0.06547919181814413
810.4837955144127	0.0652771074686893
794.428448207579	0.06508432247684953
778.7135092228086	0.06490254453289511
763.3340346353733	0.06472410075039013
748.2825910212807	0.06454892876550727
733.5517449565364	0.06437698646312576
719.1340630171479	0.06420825458573362
705.0221117791211	0.06404273949739277
691.208457818463	0.06388047610857596
677.6852260700781	0.06372311969703126
664.4426425205045	0.06357943313463116
651.4595479003664	0.06342474992922653
638.7194424476746	0.06324974735120197
626.243702557092	0.06307607735424565
614.0268280860957	0.06290409775777157
602.0633188921629	0.06273421655950974
590.3476748327703	0.06256689549409086
578.8741301812024	0.06240375776576312
567.6355104968138	0.062252529652613756
556.6285295394512	0.06210476410936062
545.8479091534964	0.06196014743579709
