8711.009033235192	0.002511199247768234
8534.838439261099	0.003379170185401357
8362.884316152877	0.004263474999384399
8195.057379902926	0.005162577497101859
8031.268346503624	0.006074768835761423
7871.4279319473735	0.006998159263724778
7715.446852226553	0.007930669822650855
7563.235823333554	0.008870024021091067
7414.705561260759	0.009813739486932265
7269.766782000563	0.01075911960200686
7128.330201545357	0.01170324511723607
6990.306535887527	0.012642965740736504
6855.229051761518	0.013425748221255245
6723.263909337078	0.014142530971139036
6594.460941610745	0.01484362014362461
6468.742275013133	0.015529850691623976
6346.030035974858	0.016202136107938477
6226.246350926533	0.016861470366127475
6109.313346298785	0.017508929782047968
5995.153148522222	0.01814567480003466
5883.68788402747	0.01877295171034479
5774.83967924514	0.019392094307555997
5668.530660605856	0.020004525502813557
5564.682954540227	0.020611758906486047
5462.465258298659	0.021333344821146138
5361.792444033434	0.02217805916329549
5263.377253647213	0.02302589155755854
5167.16813679419	0.023874315162061698
5073.090622046718	0.02470859823774436
4980.819549519098	0.025379307879227597
4890.605455151848	0.026038997821290124
4802.403413977991	0.026688034894059146
4716.168501030547	0.027326820693498857
4631.855791342543	0.027955792287914238
4549.420359946994	0.028575422878698287
4468.81728187692	0.029186222414959336
4390.001632165344	0.029788738162407714
4312.928485845294	0.0303835552276964
4237.552917949779	0.030971297040261914
4163.830003511826	0.031552625794699765
4091.714817564455	0.03212824285772092
4021.162435140689	0.03269888914482698
3952.127931273546	0.033265345473025475
3884.238775389941	0.03389804721117917
3817.153717344552	0.0346650737562044
3751.4663844642755	0.03543370202502797
3687.005116421278	0.036101525397813916
3623.821667715423	0.03671996190091101
3561.951247814276	0.03733187372625529
3501.367593623624	0.037937377223241926
3442.044442049256	0.03853659838000489
3383.955529996964	0.03912967278840336
3327.0745943725406	0.039716745582635576
3271.375372081774	0.04029797135106284
3216.831600030452	0.04087351402098862
3163.4170151243675	0.041443546716257794
3111.105354269312	0.04200825158767974
3059.8703543710744	0.042567819616431704
3009.6857523354447	0.043122450390702685
2960.5252850682114	0.04367235185598737
2912.362689475168	0.044217740039554546
2865.171702462101	0.04475883874971743
2818.9260609348053	0.045295879250596076
2773.5210775822616	0.045851612217326476
2728.3993376061408	0.04647439094594959
2684.110168258249	0.04705587964287517
2640.679722615888	0.04763451792957315
2598.0924453131925	0.04821026098364876
2556.3327809842995	0.04878305894978535
2515.3851742633456	0.04935285652169792
2475.234069784469	0.04991959250834071
2435.863912181808	0.050483199384271836
2397.2591460894987	0.051043602824013615
2359.404216141677	0.05160072122019811
2322.2835669724814	0.052154465185189576
2285.88164321605	0.052704737035795944
2250.1828895065196	0.05325143026054708
2215.171750478026	0.053794428968843754
2180.8326707647066	0.054333607321162145
2147.1500950007003	0.05486882893923519
2114.1084678201432	0.05539994629493273
2081.692233857173	0.05592680007625927
2049.879422282755	0.05644137270658397
2018.5848573122635	0.0568567693444493
1987.8702881148843	0.057266002356865416
1957.3857005227765	0.0578020424503626
1927.412303971485	0.05835481354864699
1897.9839133178184	0.05890750701717947
1869.0911818484037	0.05945995721261568
1840.7247628498715	0.06001198410997045
1812.8753096088515	0.06056339267535754
1785.5334754119704	0.06111397222866988
1758.6899135458566	0.061663495796220665
1732.3352772971402	0.062211719453241006
1706.4602199524504	0.06275838165599877
1681.0553947984151	0.06330320256313901
1656.111455121662	0.06384588334565433
1631.6190542088207	0.06438610548469907
1607.5688453465211	0.06492353005619964
1583.951481821391	0.06545779700096535
