10916.426082816335	0.018237143414622504
10694.826456399285	0.01735663070063749
10478.639891549385	0.016467218265217992
10267.737105770368	0.015572062964320621
10061.988816565927	0.01467460208453184
9861.26574143979	0.013778565015074528
9664.915917369079	0.013038228309828426
9473.236696557658	0.012341529752271069
9286.222239849823	0.011658022951032595
9103.759892719136	0.010987354505879862
8925.737000639167	0.010329133908817
8752.040909083466	0.009682933213036688
8582.558963525586	0.00904828679914449
8417.17850943909	0.008424691239723987
8255.78689229755	0.0078116052622202205
8098.271457574513	0.007208449808947825
7944.519550743542	0.006614608191817151
7794.418517278188	0.006029426338055415
7647.855702652022	0.005452213121871758
7504.718452338593	0.004882240775648221
7363.424319448461	0.004145416703645326
7224.746994446405	0.0034330998211264097
7089.004733564276	0.0028065796248249956
6956.340426476697	0.0021880758835964736
6826.6875214715665	0.0015775844133231094
6699.979466836774	0.0009751003168106789
6576.14971086021	0.0003806187071477843
6455.131701829763	0.00020586450825244904
6336.858888033328	0.000784351781389245
6221.264717758803	0.0013548430136269384
6108.282639294074	0.001917334580188071
5997.84610092703	0.002471818287361797
5889.888550945567	0.003018280260386684
5784.34343763758	0.0035566997596569168
5681.144209290958	0.004087047922498351
5580.224314193587	0.004609286427271436
5481.517200633366	0.005123366075920773
5384.7949929216575	0.00554879710139011
5289.251341875231	0.006045572649159619
5195.366124509897	0.00659673200811375
5103.4713166811935	0.007144159767048126
5013.527003270756	0.007687648713937437
4925.49326916021	0.008226970987252486
4839.33019923119	0.008761876755787682
4754.997878365322	0.009292092856018983
4672.456391444245	0.009817321386074393
4591.665823349576	0.01033723825511543
4512.586258962953	0.010851491686404865
4435.177783166008	0.011359700671886514
4359.40048084037	0.011861453375423284
4285.214436867664	0.012356305481129
4212.579736129524	0.012843778482377664
4141.456463507582	0.013323357906098425
4071.7437614464	0.013754975093751964
4003.3619526760453	0.014109938935539265
3936.3763983052677	0.014454877541706589
3870.750804336518	0.014791658982992584
3805.8966097583343	0.015239163278415067
3742.1413905672207	0.015726532747797412
3679.654899896747	0.016212919484318904
3618.41281743223	0.01669791789958985
3558.3908228589803	0.017181087008025887
3499.5645958623163	0.017661948790342052
3441.9098161275465	0.018139986523759723
3385.40216333999	0.01861464307776204
3330.0173171849547	0.01908531917384385
3275.730957347761	0.01955137160697613
3222.5187635137186	0.020012111425907236
3170.356415368142	0.020466802068564778
3119.219592596343	0.02091465744795215
3069.002614533578	0.021286037687643634
3019.7411460620738	0.02162839684552595
2971.436051476041	0.021961864370237512
2924.065252958069	0.0222875237433554
2877.6066726907493	0.022606521315410653
2832.0382328566748	0.022920067437123298
2787.337855638434	0.02322943758153149
2743.012510939945	0.023668907339583153
2699.515052463794	0.024109534565346136
2656.831724670252	0.024550394527650732
2614.9474646666877	0.024990882564303027
2573.8472095604707	0.025430348435549897
2533.51589645897	0.025868094560576586
2493.9384624695576	0.026303374224474707
2455.0998446996014	0.026735389753880887
2416.984980256474	0.02716329065891164
2379.578806247543	0.027586171738324488
2342.803167322651	0.027934345795446076
2306.7034382994625	0.028270572309051778
2271.269879097077	0.028599575958447133
2236.488836095517	0.028921910267021837
2202.346655674802	0.029238159287896553
2168.829684214952	0.029548938001749063
2135.924268095989	0.02985489269542648
2103.6167536979356	0.030156701323311892
2071.893487400811	0.03045507385389332
2040.7408155846347	0.030750752604496612
2009.98788907662	0.031102726335040826
1979.6368321955479	0.03150819696468783
1949.820850734773	0.03191429844452437
