7592.442220395462	0.0019572457583728145
7437.075770178712	0.0028843343108097053
7285.5260581716075	0.003823326157408056
7137.703770707986	0.004771518864064723
6993.5195941216625	0.005725955870892252
6852.8842147464775	0.006683415703638759
6715.708318916249	0.0076404011384436825
6581.677438377912	0.008500487435543365
6450.698037655889	0.009252546511465206
6322.92483074931	0.00999090750725424
6198.2800003479515	0.010716064675070006
6076.68572914158	0.011428563753827612
5958.064199819964	0.012129003048999424
5842.3375950728805	0.012818034428958465
5729.428097590102	0.013496364237919322
5619.257890061401	0.014164754127194566
5511.749155176543	0.014824021808274215
5406.824075625302	0.01547504173328866
5304.404834097451	0.016118745710511834
5204.413613282759	0.016756123464930883
5106.772595871003	0.0173882231563584
5010.05802185107	0.018242239251576916
4915.5483024606	0.019099237764615064
4822.994299561187	0.01984267066585101
4732.463051885781	0.020529969205932964
4643.996777952706	0.021208746869405708
4557.549958306162	0.02187915125237406
4473.07707349035	0.02254134425521923
4390.532604049475	0.02319550200626543
4309.871030527743	0.02384181473637144
4231.046833469352	0.02448048660355981
4154.014493418503	0.025111735467058856
4078.7284909193995	0.02573579261045614
4005.1433065162473	0.026352902413892834
3933.2134207532467	0.02696332197553572
3862.8933141745974	0.02756732068278542
3794.1374673245036	0.028165179733945573
3726.9003607471727	0.02875719161125422
3661.136474986797	0.029343659506357443
3596.167709241666	0.030014419604910712
3532.179013474905	0.030650357284503986
3469.5511779578237	0.031282141936628836
3408.2572251327297	0.03190971223236999
3348.2701774419384	0.03253300002830211
3289.5630573277567	0.033151929695549386
3232.1088872325017	0.03376641741885723
3175.8806895984762	0.03437637046530185
3120.851486867995	0.03498168642215887
3066.9943014833725	0.03558225240331333
3014.282155886916	0.03617794422340009
2962.688072520936	0.036768625538648854
2912.1850738277453	0.03735414695307304
2862.746182249656	0.037934345088357864
2814.344420228979	0.03850904161532762
2766.952810208021	0.03907804224440011
2720.5443746290975	0.03964113567187671
2675.049815258528	0.040157605889276526
2630.4082030832797	0.04059228451104339
2586.4545799759335	0.0410852896619161
2543.058998344883	0.04167418248021342
2500.528583822107	0.04226228290244015
2458.847125314453	0.042849378192114325
2417.998411728774	0.04343523535993893
2377.966231971919	0.04401960015490854
2338.7343749507404	0.04460219603521667
2300.2866295720864	0.04518272311888552
2262.6067847428103	0.04576085711375751
2225.678629369761	0.04633624822621384
2189.4859523597893	0.046908520047644
2154.0125426197446	0.04747726841725659
2119.242189056479	0.048042060259378336
2085.158680576844	0.04860243239283227
2051.745806087689	0.049157890309383806
2018.9873544958637	0.049707906917528244
1986.7961912723047	0.050162386849228205
1955.222582227087	0.05060188150163758
1924.2574139836263	0.051034687287565834
1893.8859552136105	0.051462191233939886
1864.0206991097048	0.05191532069273328
1834.4492574689004	0.05247801290500794
1805.4318060564783	0.05304214761358483
1776.9584635692925	0.05360737750235637
1749.0193487041959	0.054173326483822025
1721.6045801580447	0.054739588555930356
1694.7042766276913	0.05530572664457259
1668.3085568099916	0.055871271431516024
1642.4075394017987	0.05643572016728565
1616.9913430999663	0.05699853546813793
1592.050086601348	0.057559144095917524
1567.5738886027993	0.05811693571909139
1543.552867801174	0.05867126165280351
1519.972531382501	0.05921396788414841
1496.782953485353	0.05967824566032349
1474.0198119932074	0.060136060137516704
1451.6741412708402	0.06058816954410856
1429.736975683026	0.0610353757314844
1408.199349594538	0.061478525028200455
1387.0522973701527	0.061918509089476756
1366.286853374645	0.06235626574584624
1345.8601307531326	0.06281107703685396
