977.4885441563623	0.005575024591193618
952.348471948635	0.005685993236796402
927.9284329760753	0.005803776674056511
904.2086521202743	0.005927109572769961
881.1693542628195	0.006054536714266023
858.7907642853015	0.006184398286316308
837.0531070693086	0.006314814472575636
815.9313618740025	0.0064282389064527976
795.4033820650965	0.006514024021310703
775.4586966578985	0.006596549791004422
756.0787229779543	0.006676977035222956
737.2448783508084	0.00675653521776559
718.9385801020053	0.006836520273189646
701.072898297115	0.006970335398580017
683.6800579497271	0.007123267494598866
666.7651148832654	0.007270349856734326
650.3090806022616	0.007389717498850807
634.3062642114093	0.007507052394011822
618.7436589681107	0.0076225821129325315
603.6082581297662	0.007736519524299752
588.8870549537779	0.00784905755972778
574.5670426975462	0.00796036347085407
560.6352146184734	0.008070572553823312
547.0765604996	0.008177051396215006
533.8142533973921	0.008316273763824824
520.9049223432281	0.008455915338603393
508.339349042741	0.008595604988112121
496.1083152015635	0.008734900916074746
484.2026025253292	0.008873283382433692
472.61299271967175	0.009010146925965608
461.33026749022383	0.009144792058279649
450.3442994912341	0.009271731119738863
439.6432811737359	0.009376078787459467
429.22205132199997	0.009477406473160888
419.0661338495324	0.009583865160628374
409.13559130055154	0.00973474572080093
399.4608914135971	0.009886327117576607
390.0354201942735	0.010037488321964475
380.85256364818315	0.010186971294324028
371.9043054275665	0.010324723225408729
363.1838314436289	0.010447336954035867
354.6866243471476	0.010565904020157578
346.40639668868175	0.01068084912021285
338.3368610187918	0.010792601455506971
330.471729888037	0.010901590664550936
322.80021716130045	0.011014784892375807
315.2955998241444	0.011163261552594892
307.9762467243291	0.011295008419561697
300.8393061389596	0.011421816417557575
293.8804330970792	0.01154506460609452
287.09505653078577	0.011664457750385769
280.4786053721776	0.011779647422933135
274.026508553353	0.01189022585512295
267.7341950064097	0.011995719309103613
261.5961766912617	0.01208772978079924
255.60830752756817	0.012168834742454228
249.76437606407163	0.012249507810033883
244.04432338039504	0.012359420911146278
238.46300835710832	0.012465835789380358
233.0170644992585	0.012567820428976428
227.70312531189336	0.012664337909203514
222.51721740221518	0.012748198856252828
217.45623006830527	0.01282034046276326
212.51737451732097	0.012885119886009154
207.69741888652698	0.012942559351473431
202.99313131318723	0.012992657174863169
198.40127993456656	0.01303538261772886
193.91751050155247	0.013073098499140791
189.52591169757977	0.013125136698629138
185.23783779112526	0.01316855752285625
181.05097130213284	0.0132038602043079
176.96289801275816	0.013230384083158356
172.97120370515663	0.013247395961858277
169.07347416148352	0.013254083334644715
165.26705433103743	0.013246390148583873
161.5495676430131	0.013223625434047964
157.91892772993344	0.01318899761252568
154.37279770307873	0.013142478792476028
150.90803972540974	0.01308609634889489
147.5139747705165	0.013041894444576716
144.19781243661052	0.01298258390969667
140.9577361098589	0.012906679398690031
137.79214307305423	0.012815887530870753
134.69925785135442	0.012709325897178643
131.67730496991695	0.012586031765761358
128.7245089538997	0.012444954685623956
125.83893207140696	0.012282212128692198
123.01896817175582	0.012099295791026157
120.26291504870265	0.011896133932146436
117.56783341191229	0.011675770038324231
114.92749034932862	0.011451705509416163
112.34622538878699	0.011203203899878948
109.82270203030629	0.010928836147427151
107.35561479375679	0.010627675182974689
104.94361364492738	0.01029784455547822
102.58534854960689	0.009937325372142642
100.2794497354906	0.00954353477723028
98.02458773082802	0.009114545973683027
95.81942610710614	0.00864813930157538
93.66262236780697	0.008141794014359393
