5555.632168599281	0.025224253029809185
5435.223310222111	0.024485187654854617
5317.816866294021	0.02373887169121825
5203.34716693222	0.022986180425630727
5091.7485422538975	0.022228106787924303
4982.95532237626	0.021465768468474474
4876.901837416501	0.02070041517885305
4773.5224174918185	0.019933436049580765
4672.751392719408	0.01916636716112487
4574.52309321647	0.01840089920737863
4478.77184910021	0.017638885294753458
4385.431990487819	0.016882348884841067
4294.437847496494	0.016133491894465064
4205.650321057842	0.015441347257123372
4118.977054382276	0.014828546279312188
4034.4607216814475	0.01423018083688858
3952.041904242089	0.013644824208039828
3871.6611833509264	0.013070936333253194
3793.2591402946978	0.012506861329843145
3716.7763563601275	0.011950825089726044
3642.1534128339517	0.011400932939535473
3568.9308734734427	0.010768433630296738
3497.1524195587976	0.010069260000018834
3427.0803497083284	0.00936983620320142
3358.6734161359627	0.008672099179578131
3291.8903710556197	0.007978154738463056
3226.65822776981	0.007316140972382843
3162.883916989496	0.006733000450397343
3100.614466697402	0.006160675908369333
3039.8125949577093	0.005598464362493279
2980.441019834596	0.005045610793894642
2922.462459392239	0.004501307467557785
2865.839631694821	0.003964693333056498
2810.5352548065234	0.003434853502917174
2756.5120467915244	0.002910818802567861
2703.732725714002	0.0023915653837660996
2652.1543268566215	0.0018744142365424248
2601.2900590597756	0.001229415229677073
2551.566909370441	0.0005839466217686193
2502.9586386858464	0.00005992185242041352
2455.3715721822928	0.0006289930465414214
2408.8394509278496	0.0011812706713033047
2363.3481022232436	0.0017268357408329752
2318.8738309818364	0.00226594033315495
2275.3929421169846	0.002798849143140938
2232.881740542053	0.0033258390014753226
2191.3165311703942	0.0038471983278330906
2150.6736189153703	0.0043632265180183595
2110.9293086903426	0.004874233265114325
2072.059905408669	0.005380537814946541
2034.0417139837068	0.005882468156420721
1996.8510393288175	0.00638036014747675
1960.4641863573622	0.006874556577572067
1924.5741752873803	0.007445954235021315
1889.3746402471859	0.007979784785816402
1854.921504051109	0.00851062340000537
1821.1995076503404	0.009038427226126874
1788.193391996069	0.009563141811778999
1755.8878980394848	0.01008469998391687
1724.2677667317762	0.010603020678045414
1693.3177390241358	0.011118007715342326
1663.022555867751	0.011629548526540795
1633.366958213814	0.012137512821107308
1604.3356870135128	0.012641751199921537
1575.9134832180393	0.01314209370922462
1548.085087778581	0.013638348333081397
1520.8352416463308	0.014130299420964944
1494.129167605818	0.014585061093878693
1467.9570495838225	0.015009998048957725
1442.272579472761	0.015453267811714312
1416.95645016849	0.01596872429405849
1392.1509619043459	0.016484292098999334
1367.8461430584757	0.016999698834534196
1344.0320220090257	0.01751464255466668
1320.6986271341443	0.018028790162213603
1297.8359868119792	0.018541775768627974
1275.4341294206772	0.019053199009688444
1253.483083338385	0.019562623315423692
1231.9728769432509	0.02006957413212296
1210.8935386134226	0.020573537093609408
1190.2350967270472	0.021073956138237846
1169.969496351665	0.021532290506451134
1150.100684174688	0.02197574682944542
1130.6241536735183	0.022415019925263468
1111.5306570885527	0.02285106421698584
1092.810946660191	0.02328488559743213
1074.440788385796	0.023726797419635178
1056.3094025205698	0.024241941804085648
1038.5266396876143	0.02475897090022507
1021.0858893394746	0.025277375361172208
1003.980540928696	0.025796601988762383
987.2039839078226	0.026316051837859802
970.7496077293983	0.026835078281784653
954.6108018459686	0.02735298503701181
938.7805805737634	0.027868059893292597
923.2378235163034	0.02834158389331097
907.991319660741	0.02881171706912126
893.0349474274269	0.029278899726934805
878.3625852367119	0.02974359377769866
863.9681115089455	0.030206282910546705
