1565.699079770125	0.029771656980766878
1528.072706225771	0.029707325407532816
1491.4735154367288	0.029649063938525323
1455.8736875744326	0.029594688665670707
1421.2454028103107	0.029541754396150886
1387.5491380036055	0.02946697805033261
1354.750344542348	0.029353816472467865
1322.8425387896145	0.029235854777377477
1291.7999896957642	0.029113659093440887
1261.5969662111575	0.02898781829271416
1232.2077372861554	0.0288589410848615
1203.606571871117	0.028727652731874106
1175.7677389164014	0.028594591376452816
1148.6529541900059	0.028466860737277517
1122.0959252301536	0.028419300047749212
1096.2110520870006	0.02832822863166668
1070.9996716552012	0.028232975712846164
1046.4453364942851	0.02813558094162952
1022.5306018752813	0.028035897728911782
999.238023069214	0.02793373559995261
976.5501553471113	0.02782885487545402
954.4495539799979	0.027720960975873097
932.9187742389017	0.027609698328205787
911.9403713948475	0.027494643851100953
891.4881352952483	0.027351790646760847
871.548547242723	0.027189781283380596
852.0136971315694	0.027089870532037305
832.9532748566089	0.02699967691460046
814.3696833585676	0.026909135066525945
796.2509117200971	0.026817510817293024
778.5849490238471	0.026723974406081156
761.3597843524682	0.02662759322457719
744.5634067886119	0.026527324172682144
728.17978022776	0.026408917506508003
712.1956184689639	0.02626601280786087
696.6052488733058	0.02611754375886749
681.3973619890098	0.02596455690770462
666.5606483643003	0.025808155523574218
652.047787444007	0.02567961998928453
637.8453098995358	0.025583686123012005
623.9842595454886	0.025486697468156915
610.4562470170705	0.0253872385544827
597.250213943485	0.02527327323217227
584.3567814583234	0.025138463660458854
571.7719618746114	0.024998001619419168
559.4878660526007	0.02485207816821235
547.49660485254	0.024700877675132706
535.7902891346807	0.024544574592621674
524.3610297592738	0.024383329930263715
513.2009375865694	0.024217287411204106
502.30212347681754	0.024046569296180275
491.6059143152373	0.02390872033071163
481.15300713139015	0.023761876886078354
470.9420490027225	0.02361057622914818
460.9674427744778	0.023454449003870708
451.2235912919004	0.023293075821986173
441.7048974002346	0.023125982639333995
432.4057639447239	0.022952635826715504
423.3205937706124	0.022772436916043873
414.44334650392466	0.022582260125742534
405.76638570431777	0.022369679578412988
397.2869249264343	0.022149231646386807
388.9996279497615	0.021921630005102447
380.88729902268057	0.02170302665999105
372.934384304321	0.021508468787733714
365.15936632059805	0.02130823343895106
357.55820853451735	0.021101275458472547
350.1268744090832	0.02088644915418896
342.85936157151355	0.020649473689988696
335.7537969698839	0.02040282709724332
328.80635164907073	0.020146516423976014
322.01318051789576	0.01988042139244435
315.37043848518033	0.019604395633168688
308.8742804597459	0.01931826276035892
302.5208613504142	0.01902181211497751
296.30605002149474	0.01871261962880719
290.20840245599754	0.018411650128557916
284.23644698635945	0.018110753717842407
278.3937212822537	0.017799221040935703
272.6774039068485	0.017476328655058045
267.0846734233115	0.017141287480670793
261.6127083948107	0.01679323766510562
256.25868738451373	0.016431243102233515
251.01906905351382	0.016047890367289985
245.89171654698285	0.015647897948058334
240.87404842789533	0.015232254750690679
235.96334598477569	0.014800727334235514
231.15689050614844	0.01435305182306072
226.44943828702517	0.013893797717421653
221.82772235890948	0.01344348152662813
217.30232936583866	0.012970437645956854
212.871677087465	0.012478179653515857
208.53376750171202	0.011966114663468294
204.28656077326644	0.011433157817329122
200.12801706681495	0.010878143811838131
196.05609654704386	0.010299820850285435
192.06861696911346	0.009695217557887763
188.16355851050224	0.009063027133819452
184.3390809569503	0.008403982010467324
180.5931911572553	0.00771702955531755
