3492.256069803745	0.014188171945544854
3414.58390962707	0.013519611290335343
3338.978870562116	0.012864945281974302
3265.382230303413	0.012223148502146848
3193.735266545481	0.011593110975720144
3123.979256982853	0.010973637035231945
3056.0554793100487	0.010363444351174396
2989.905211221596	0.009761163115437847
2925.4697304120173	0.009165335359976016
2862.4050146882173	0.008499695395520939
2800.6599014964204	0.007760306218041493
2740.4766029942703	0.0070229828051121745
2681.7324755449345	0.006369915941997929
2624.4572214242235	0.005739167686165857
2568.627114422709	0.005117524245925577
2514.20486608683	0.004504648609160043
2461.1531879630274	0.0039001844190843416
2409.434791597739	0.003303756920632126
2359.0123885374096	0.002714974046592613
2309.8486903284766	0.002133427644500223
2261.9064085173836	0.001558694844686974
2215.148254650568	0.0009903395693170887
2169.5369402744736	0.00042791418182578777
2124.9450806089317	0.00015967054930690462
2081.091847898753	0.0007767322096196643
2038.2763103718407	0.0013762497844846528
1996.4853676654907	0.0019713103342276933
1955.69500622026	0.002561814465937324
1915.8812124767094	0.0031476415070064746
1877.0199728753992	0.003728647329982849
1839.0872738568874	0.004304662066261514
1802.0591018617315	0.004875487705277964
1765.911443330492	0.005440895575064269
1730.6202847037293	0.006000623698974292
1696.1616124220009	0.006554374022077458
1662.511412925865	0.007101809499081609
1629.616823749429	0.007597968197933098
1597.470540867369	0.00806622786819895
1565.9374033921445	0.008584976344815318
1535.0038317696335	0.009155656752801711
1504.7740286918174	0.009725639958582156
1475.232314537131	0.01029448812458879
1446.3630096840038	0.010861712917559723
1418.1504345108706	0.011426772476536116
1390.5789093961614	0.011989068285687103
1363.6327547183123	0.012547941947830675
1337.2962908557504	0.013102671853067068
1311.5538381869108	0.01365246973516634
1286.3759365563244	0.014169948143651133
1261.7470223528733	0.014652963572453865
1237.6667762548864	0.015129684825680074
1214.1206520118337	0.015601461829404611
1191.0941033731842	0.016069727606556877
1168.5136372193126	0.016569645903687712
1146.3213533861854	0.017129645495559183
1124.610154803995	0.017691003656290595
1103.3696441011102	0.01825292656502035
1082.5894239058962	0.018814545947418743
1062.2590968467207	0.019374915470469874
1042.36826555195	0.019933007047989722
1022.9006570923892	0.020473726109160397
1003.8390462960949	0.02097860554442377
985.1867680773721	0.021478557487809653
966.934193749082	0.021974213178720083
949.0716946240884	0.022466238531047834
931.5896420152526	0.022955334373271536
914.4784072354385	0.0234422366477669
897.7283615975073	0.023927716573778166
881.3298764143221	0.024412580779455736
865.1821864283871	0.0249649570789218
849.352379163996	0.02553138017230694
833.8498501714505	0.02609882355557458
818.664935436724	0.026658286840338778
803.7835659522332	0.027187065108246415
789.2091494709895	0.027713701358700115
774.9352134402424	0.028238370544911556
760.9552853072396	0.0287612501160792
747.2628925192289	0.029282519396384744
733.8515625234594	0.029802358921583432
720.71482276718	0.03032094973330296
707.8462006976387	0.030838472631229553
695.2392237620836	0.03135510738337046
682.887419407763	0.031871031894651035
670.7843150819264	0.03238642133399018
658.9188126833653	0.03289572220368246
647.2141456952475	0.0334474974084407
635.7408657607187	0.03400052201088018
624.494553511557	0.034554698777634674
613.4707895795397	0.03510991265113233
602.6651545964446	0.03566602957896347
592.0732291940503	0.03622289530641008
581.690594004134	0.036780334131783485
571.5128296584729	0.03733814762402724
561.5355167888454	0.03789611330177619
551.7542360270295	0.038453983272753844
542.1645680048025	0.03901148283200396
532.7590894104735	0.03955534562332655
523.533908515252	0.040086935463259886
514.4874934967576	0.04061822432306797
505.61567752594516	0.041150029527346976
