9659.278618183593	0.028011218296120764
9458.705943815288	0.027294681819727603
9263.081618898526	0.026590702252102305
9072.311828545004	0.025893672185343688
8886.282423570463	0.025203889502087205
8704.879254790667	0.024521681896374135
8527.98817302136	0.023847409392923333
8355.495029078294	0.023181466977861005
8187.285673777214	0.022524287344325124
8023.245957933877	0.021876343757576744
7863.2617323640425	0.021238153045687772
7707.218847883457	0.0206102787237252
7555.0031553078625	0.01999333426153494
7406.500505453021	0.01938798650787336
7261.5967491346855	0.018794959286754367
7119.848932314729	0.018341722720608633
6981.462509111359	0.017910783622123474
6845.813851205415	0.017425565130480932
6712.322491387869	0.01681904390160078
6581.936996778011	0.016215519696991514
6454.588027178453	0.015615565794735272
6330.206242391785	0.01501981255401329
6208.722302220623	0.014428950665224441
6090.066866467557	0.013843734486495892
5974.1705949352	0.013264985470068186
5860.96414742615	0.012693595683697191
5750.378183743008	0.012130531434220606
5642.343363688373	0.011576837002772438
5536.7903470648525	0.011033638503887604
5433.518326426688	0.010567494035264838
5332.500476292533	0.010161692764226784
5233.765961797659	0.009769356321519717
5137.251831038473	0.009388453123565984
5042.895132111389	0.009016813837192265
4950.135451736819	0.00857018903590203
4858.918288069766	0.008043515584820537
4769.695437063558	0.007517717318688222
4682.424131755603	0.006993645552935118
4597.061605183288	0.006472227492436777
4513.56509038402	0.005954469798998803
4431.8918203951935	0.005441462233694598
4351.999028254216	0.004934381378966332
4273.843946998479	0.004434494447262845
4197.383809665387	0.003943163185193428
4122.438791740433	0.0035502122484415834
4049.0994052255237	0.0031743280237532816
3977.3341947524314	0.002809823563921437
3907.104393867753	0.0024555751551368844
3838.3712361180815	0.002110386657029374
3771.0959550500047	0.0017729882974319147
3705.2397842101113	0.0014420355084256938
3640.7639571449945	0.001116107793574143
3577.0099575400604	0.0006579729243261379
3514.5549962304244	0.00019676409068114607
3453.385286884637	0.0002636468183927818
3393.4740215675342	0.0007221104949014528
3334.794392343951	0.0011773881504608108
3277.3195912787196	0.0016281478518431335
3221.0123501934895	0.002064453364016701
3165.7736084448284	0.0024246305637062302
3111.661992904825	0.0027754672333968953
3058.6532298052193	0.0031174471503353104
3006.7230453777593	0.0034510839086701636
2955.847165854183	0.0037769211173988002
2906.0013174662404	0.004095532550826306
2857.1612264456703	0.004407522252561353
2809.302619024221	0.004713524594628534
2762.401221433633	0.005014204293941078
2716.4327599056514	0.005310256389039413
2671.372960672018	0.005602406180701032
2626.8568877309212	0.005989039620177345
2583.1407190011396	0.006393670649590415
2540.2723047237455	0.006796650693587315
2498.2247369009892	0.00718643848329548
2456.9400022575232	0.0075181258547395305
2416.4536438515747	0.007843680957290251
2376.750207786562	0.008163226217137977
2337.814240165903	0.008476887861898109
2299.630287093019	0.008784795477429252
2262.1828946713313	0.009087081525583175
2225.4566090042576	0.009383880822107837
2189.4359761952182	0.009675329973996885
2154.105542347631	0.009961566775568254
2119.4498535649186	0.010242729562580714
2085.4534559504978	0.01051895652369704
2052.1008956077912	0.01079038496855374
2019.3767186402167	0.011057150551652654
1987.2654711511946	0.011319386451214816
1955.7036733731413	0.011582256590827573
1924.4725743393908	0.011881452045652779
1893.8137195195186	0.012177700390715154
1863.7170945894438	0.012470906531330603
1834.172685225087	0.012760963299841398
1805.1704771023697	0.013047750624003478
1776.7004558972142	0.013331134663211753
1748.75260728554	0.01361096691179203
1721.3169169432672	0.01388708326841987
1694.3833705463182	0.014159303070644396
1667.9419537706142	0.014427428093278547
1641.9826522920757	0.01469124150924852
