6495.203502130568	0.0011115842864721176
6360.000950877742	0.0003593544608552056
6228.216254266294	0.00038307186072918846
6099.765284223779	0.001115706983365437
5974.563912677731	0.0018385660121624677
5852.528011555705	0.00255166580832845
5733.57345278524	0.0032550238422887727
5617.616108293881	0.003948656940844551
5504.571850009167	0.004632579925219805
5394.356549858649	0.005306804136488983
5286.886079769874	0.005971335844458489
5182.076311670384	0.006626174535338571
5079.843117487718	0.007271311072697945
4980.102369149426	0.00790672572500787
4882.380008286432	0.008431801661002396
4785.890429655884	0.009110770492288709
4691.676486625377	0.009785213033608955
4599.687905769405	0.01045488446966152
4509.874413662475	0.01111951372091424
4422.185736879076	0.011778801546842821
4336.571601993717	0.012432418581493751
4252.98173558089	0.013080003300021698
4171.3658642151	0.013721159914087922
4091.673714470839	0.014355456193177208
4013.855012922612	0.014982421207758096
3937.8594861449155	0.015601542988893312
3863.636860712248	0.016212266097352646
3791.136863199106	0.016813989093421928
3720.306852308273	0.017404391253608365
3650.9300701854186	0.017863126561463976
3583.1291556616175	0.01830935831261461
3516.823499565838	0.018753661409762874
3451.263219113437	0.019361994198437392
3387.1536585877166	0.019969406923244573
3324.464338586935	0.02057543010480228
3263.164779709351	0.021179547984879372
3203.2245025532266	0.02178119613372146
3144.6130277168286	0.022379759006518306
3087.299875798406	0.022974567447647743
3031.254567396228	0.023564896140291374
2976.446623108551	0.02414996099790116
2922.8455635336386	0.024728916492514044
2870.420909269748	0.02530085291337515
2819.1421809151434	0.025864793547379732
2768.8918941797206	0.026338729783705436
2719.7052256937545	0.026779563255567858
2671.5777916612114	0.02721013399405774
2624.4819180721543	0.027632074463933936
2578.3899309166436	0.028047122584248862
2533.180409880938	0.028485595679006877
2488.521461168001	0.029044628374277823
2444.7918468992343	0.029604723608344506
2401.972807187126	0.030165190389123426
2360.04558214416	0.03072527800129514
2318.9914118828215	0.03128417342772764
2278.791536515597	0.03184099872866695
2239.427196154974	0.032394808376404426
2200.879630913437	0.03294458654201088
2163.1300809034724	0.03348924432946186
2126.1403544516766	0.034004469037447
2089.8599256478537	0.034449440129477954
2054.3233387141195	0.0348853863838253
2019.5135831771229	0.035313157387514664
1985.4136485635086	0.035733657110078
1952.0065243999247	0.03614784490785761
1919.275200213015	0.03655673650231546
1887.202665529429	0.03696140493779067
1855.7719098758107	0.03736298152554616
1824.772617659285	0.03784095289901358
1794.2624687544665	0.03836934026301357
1764.3504377171146	0.038899104103597426
1735.0247906516715	0.0394293156082266
1706.2737936625754	0.0399589764690499
1678.0857128542657	0.04048701627235247
1650.4488143311837	0.04101228984755126
1623.32609261587	0.0414948615779607
1596.710957294634	0.04193963290789835
1570.6134773891158	0.042378186971845755
1545.0230274577893	0.042810912404563056
1519.9289820591289	0.04323822042186384
1495.3207157516072	0.043660545041827835
1471.1876030936974	0.04407834328091061
1447.519018643872	0.04449209532593494
1424.304336960606	0.044902304683365535
1401.5329326023711	0.04530949830763652
1379.1941801276423	0.04571422671074337
1357.2774540948922	0.04611706405577231
1335.6948298598757	0.04655970815944957
1314.390293050973	0.04706897913465612
1293.4796757389386	0.04757918164683014
1272.955515363503	0.04808919568938207
1252.7892121619257	0.048556643892578404
1232.9862895957997	0.04900409879698332
1213.5486502726744	0.04944826350483033
1194.469544232053	0.04988923266366692
1175.742221513438	0.050327103404637065
1157.3599321563315	0.050761975085782125
1139.3159262002378	0.051193949015617475
1121.6034536846596	0.05162312815682772
1104.2157646490998	0.05204961680995634
