1094.1811896546665	0.03355963252796713
1067.2793004867938	0.03374584452047355
1041.1225510538413	0.03394313101652124
1015.6910140905497	0.03414906801867584
990.9647623316556	0.034360937339919316
966.9162960600853	0.034556962708194604
943.5192491156625	0.03471614607669439
920.7697395976237	0.0348738631296606
898.6493580440301	0.03503035470235846
877.1396949929447	0.03518585763883914
856.2223409824298	0.03534060120123036
835.8788865505472	0.035494803120704584
816.0909222353578	0.03564866527745582
796.8400385749246	0.03580236899599701
778.1078261073101	0.0359560699403084
759.7555939548606	0.0361431664045997
741.8839155060397	0.0363352596384183
724.4867594182222	0.036528759635468214
707.5516003254206	0.03672333484488893
691.0659128616454	0.0369185936170033
675.0171716609091	0.037114078500109254
659.392851357222	0.03730926019168775
644.1804265845963	0.03750353112392317
629.3673719770422	0.03769619865926119
614.9344251336753	0.037860886236417944
600.8725844697381	0.03800869804003766
587.1721118483727	0.03815691663010203
573.7486215013146	0.03837689618933688
560.6675612058962	0.03860008111466457
547.9202992274408	0.038825633848728155
535.4982038312703	0.03905261188589023
523.3926432827072	0.03927996038525529
511.59498584707444	0.03950650443229583
500.09373152559095	0.039717707908039294
488.87904489547265	0.0399056046133231
477.9471039211288	0.04009051256549888
467.2897883676847	0.04027339525333103
456.89897800026597	0.04045527255528939
446.7665525839958	0.04063722004662975
436.8384917761834	0.040875530917629806
427.14829242833974	0.04112357458481339
417.6959474780102	0.041372808943996205
408.47404507902934	0.04161391322545954
399.47452878614183	0.04183308803274593
390.69527460591814	0.04204986553992638
382.1306198562469	0.042264451909510906
373.77490185501443	0.0424770509697312
365.6224579201089	0.04268786159084661
357.6676253694183	0.04289707480787395
349.90474152082993	0.043104870678841056
342.32814369223104	0.043311414866799236
334.91044693240747	0.04354013385348911
327.6514512306674	0.04377534479428809
320.56427178392926	0.04400990959393206
313.6449022930836	0.04424355615705012
306.8893364590216	0.044475971154923424
300.29356798263416	0.04470679612283933
293.85359056481207	0.04493562330500147
287.56539790644604	0.04516199123239096
281.4249837084266	0.045385380016919795
275.4269506015001	0.045594008177823685
269.5678728619804	0.045791314348455014
263.8448740732387	0.045985623938581945
258.2502097395636	0.046185182908647975
252.76381751705804	0.04642205244152445
247.40312871229793	0.04665845228057925
242.16526855224265	0.04689356367173977
237.04736226385086	0.047126483621309
232.0463422348261	0.04735439962867705
227.15814815622053	0.04756470532091337
222.38145346125194	0.047770612878440255
217.71352280336623	0.04797230113354137
213.151620836009	0.04816994658734724
208.69301221262577	0.04836372097161804
204.33496158666256	0.04855378857388675
200.07473361156516	0.0487403033140317
195.89832716469232	0.048949447073664255
191.80834484802526	0.049156128725277984
187.80909097118817	0.04935830074542986
183.89864599247937	0.04955644881841703
180.07501922042022	0.049750237532772114
176.3362199635321	0.04993929206546978
172.68025753033638	0.050123194511682366
169.1051412293548	0.05030147996080467
165.6088163452111	0.0504728075118304
162.1886906938622	0.050628658289136846
158.84353170929955	0.05077804018147642
155.57142541207136	0.05092136407765442
152.36829162776914	0.05106512458196309
149.2252731129932	0.05122980867835798
146.1500969644175	0.05138920037539838
143.14128967022333	0.051542396030368164
140.1970716082166	0.05168381565946685
137.31611178019796	0.05181430623018591
134.49720133204406	0.05193668750303902
131.73892509235503	0.05205071410858788
129.03986788973103	0.052156111820677045
126.39861455277237	0.05225257414494521
123.81374991007947	0.052339758632392354
121.28368564587235	0.052414312857741306
