1725.1279839383758	0.09701988130174424
1679.9084753678578	0.0964956670367583
1635.980744232297	0.09596544514368954
1593.3098016619006	0.09543224333732417
1551.8516425957814	0.09491462496012015
1511.570377723421	0.09441912543052872
1472.4442121138925	0.09392809038326971
1434.4403688839436	0.09344194963868434
1397.5260711503206	0.09296124220740051
1361.668542029772	0.09248662824579455
1326.8350046390467	0.09201890177224634
1292.9910402940693	0.09156227229489873
1260.0932771942341	0.09113968409559056
1228.1230486622117	0.09072476905831219
1197.046508535862	0.09031400752314579
1166.7169702898336	0.08984852691355884
1137.2289211435018	0.08938481236937584
1108.5587288536685	0.08892423263578526
1080.6827611771396	0.08846835553167814
1053.5684354882285	0.08804052029538234
1027.2012148211838	0.08762185369002393
1001.5596492498256	0.087209116696329
976.621298029235	0.08680137676331573
952.363720414489	0.08639768192608106
928.7558762069283	0.08599200334720236
905.7081751815313	0.08554270507109979
883.2735751185535	0.08511263440830116
861.4403918922096	0.08468917092458554
840.1933620093122	0.08426914218425655
819.516097008467	0.08385254437131055
799.3922084282782	0.08343943259592802
779.8053078073501	0.08302992893902474
760.7390066842888	0.08262423104913036
742.1721411825965	0.08223852265877987
724.0871701453221	0.08185159791449696
706.4217060353835	0.08142626852341833
689.2172672146913	0.08100100105486194
672.4617508460528	0.0805765273027753
656.1430540922712	0.08015370414311535
640.2479937929559	0.07973764367986452
624.7632631407456	0.07933446029236993
609.6797374586334	0.07893418524312948
594.9858156386458	0.07853607252759176
580.6698965728116	0.07813936946116701
566.7171184674298	0.07774046694198111
553.0802188622714	0.07730662433937546
539.7871204151745	0.07688252727941765
526.8309779529693	0.07646049812056385
514.2034199465027	0.07603930221972884
501.8957726677756	0.07561908042792485
489.89936238878965	0.0752000387393001
478.2055153815471	0.0747824554363198
466.80432638141036	0.07437294826536485
455.68810472787595	0.0739672697177941
444.84749036805954	0.07356039787498263
434.2473390662253	0.07312228827251847
423.90939912026	0.07268320693876117
413.8270859889016	0.07224410833239697
403.9928055375749	0.07181192261170646
394.40101945384083	0.0713820708387408
385.04554610556886	0.07095349083444907
375.9200254482986	0.07052617302589713
367.0180974375709	0.07010015524364602
358.33317075993125	0.06967701862966709
349.8573079362366	0.06925692658873055
341.56636703576584	0.06881148708902927
333.4753835283184	0.06836642873898433
325.57945862597376	0.067922651277847
317.87365385089174	0.06748145466321895
310.3526524741829	0.06704705525434501
303.01216255971093	0.0666164049325611
295.84741059230225	0.06618989604950633
288.8536230567825	0.06576798912283277
282.02597381431787	0.06535163783535813
275.3571806140715	0.06493892712896714
268.83270205678053	0.06451251649187367
262.46137987920685	0.06409293450449306
256.23944578659126	0.06368195042348163
250.16306040429657	0.06328212660567291
244.22852132237003	0.0628950177958113
238.4321280879091	0.06252229793993325
232.7701469215525	0.062166098567579986
227.23891454928142	0.061828053806229986
221.834650320264	0.0615110813741707
216.54948258893347	0.06121161791299081
211.37728789243707	0.060928425965534515
206.32187745633485	0.060675897602853565
201.3798165643742	0.06046286262105853
196.54777858263023	0.06029766239520484
191.82280068803752	0.06018522700933375
187.2014626858146	0.06013598348761706
182.67970460400997	0.060168519486850564
178.25444768626465	0.060291271741065265
173.92144872414897	0.06052723750984587
169.66960230516247	0.06090296126460973
165.50029856364256	0.06143807986571695
161.40672949648848	0.062228787867715976
157.38485501378184	0.06331477799309804
153.41886197071204	0.06489618788041872
149.47993295514024	0.06736814805523911
