10266.427433279689	0.0030167740678234967
10060.979069787698	0.0020068781768910974
9860.178542390691	0.001155207830453146
9664.126384372841	0.00040273990317845856
9472.975550955078	0.00032971610019280037
9286.596244323471	0.0010435397566099702
9104.858666664062	0.001740241896359067
8927.63302016291	0.002421468110517985
8754.78950700606	0.0030890021486150235
8586.198329379575	0.0037447692197639946
8421.72968946951	0.004390839216578535
8261.253789461918	0.005029429887774761
8104.047002883334	0.005728097845710897
7948.732669505381	0.0066320378526195725
7797.060880323457	0.0075410733647322805
7648.946692059432	0.008452814787699017
7504.3051614351825	0.009364677676879615
7363.051345172575	0.010273875475388971
7224.978726235281	0.011131679873481634
7089.736058875069	0.011830468591171574
6957.636946428805	0.01251416653698014
6828.607315608784	0.013183500749441475
6702.573093127315	0.013839266673596376
6579.460205696692	0.014482329843831122
6459.194580029225	0.015113627499006509
6341.702142837213	0.015734170131921084
6226.908820832954	0.016345042977087616
6114.74054072875	0.0169474074430556
6005.123229236902	0.017542502497857434
5897.982813069719	0.01813164601884517
5793.245218939499	0.01871623612101936
5689.87648594144	0.019442555602570306
5588.200205073419	0.02025824917313425
5488.735966388519	0.021076747473582923
5391.434677096359	0.021895731222158495
5296.22858800896	0.022703318300160077
5202.782528216563	0.023349918382550863
5111.35728584062	0.023986148116674953
5021.91008239763	0.024612346251031793
4934.398139404117	0.025228882412647216
4848.778678376591	0.025836157707593396
4765.008920831574	0.026434605282878394
4683.046088285571	0.027024690849399728
4602.847402255106	0.027606913166221304
4524.370084256687	0.028181804487076044
4447.571355806836	0.028749930970657853
4372.408438422057	0.029311893057043042
4298.838553618869	0.02986832581334289
4226.8189229137915	0.030419899252565802
4156.306767823335	0.030967318630562627
4087.2593098640104	0.031511324726880514
4018.7635963602297	0.032231945032007596
3951.5630766835557	0.032973719689315756
3885.6897600569737	0.033695237373633884
3820.971067037296	0.034294910315979074
3757.5563555657745	0.03488837782878778
3695.420609109292	0.035475745421110476
3634.53881113473	0.036057127272280144
3574.8859451089716	0.03663264621060685
3516.436994498895	0.03720243366998807
3459.1669427713878	0.037766629624029976
3403.0507733933277	0.03832538249742117
3348.0634698316017	0.03887884905440022
3294.180015553088	0.039427194264267426
3241.3753940246734	0.03997059114399308
3189.624588713236	0.040509220578117074
3138.9025830856617	0.04104327111619495
3089.184360608831	0.041572938748191776
3040.444904749626	0.04209842665829337
2992.6591989749277	0.04261994495769026
2945.8022267516208	0.043137710396978154
2899.794889157982	0.043666856204911626
2854.040154636805	0.044280533495993486
2809.0888447755765	0.04484112594024863
2764.983049798373	0.045398984831831767
2721.7079436274475	0.04595407503322466
2679.2487001850495	0.04650635726381405
2637.5904933934307	0.04705578774537531
2596.7184971748443	0.04760231783416498
2556.6178854515438	0.048145893639542914
2517.27383214578	0.04868645562901923
2478.671511179804	0.049223938219566506
2440.796096475867	0.04975826935499943
2403.6327619562244	0.05028937006913527
2367.166681543125	0.05081715403436748
2331.383029158824	0.05134152709519536
2296.266978725571	0.05186238678609948
2261.8037041656185	0.05237962183303335
2227.978379401218	0.0528931116376156
2194.776178354622	0.053402725742920036
2162.182274948084	0.05390832327952719
2130.1505864317905	0.054372859787939695
2098.6451393897337	0.05476931591651434
2067.625674972187	0.05518997123176117
2036.8546721837029	0.05572200734088655
2006.626055848307	0.05625401614400269
1976.9309166692146	0.05678586174931977
1947.760345349643	0.057317396241680564
1919.1054325928092	0.05784845915482376
1890.9572691019282	0.05837887693499713
