12069.52815818905	0.005740952845905312
11829.515724925603	0.00483401200506274
11595.340773362928	0.003919717032428354
11366.868087337096	0.002999990288563266
11143.962450684134	0.0020769292012466994
10926.488647240112	0.0011528135436219735
10714.311460841067	0.00023011272677117995
10507.29567532305	0.0006885068886313548
10305.306074522103	0.0016001746510447997
10107.972887721322	0.0024375372183500135
9914.848340675744	0.0031065680515587548
9726.362193992678	0.003755875862998291
9542.396317747445	0.0043867582206649595
9362.83258201538	0.005000630940980541
9187.552856871816	0.005599031080270287
9016.439012392075	0.006183619827964085
8849.372918651487	0.006756185311510827
8686.236445725372	0.007318645327596157
8526.911463689068	0.007873050019299142
8371.279842617896	0.00842158452438011
8216.90575656567	0.00921886178092509
8065.886012624809	0.010034829956449241
7918.269912219306	0.01085398181128675
7773.980356868502	0.011674183889059619
7632.94024809176	0.012493137822854704
7495.072487408429	0.013308374409802516
7360.1437062315745	0.014059549838421465
7227.900086739859	0.01467450406749844
7098.608125244409	0.015275018937589084
6972.200530918484	0.015861779481049346
6848.61001293533	0.016435530953095554
6727.769280468198	0.01699708017466339
6609.611042690345	0.01754729681550144
6494.068008775029	0.018087114619207038
6381.072887895497	0.01861753257339855
6270.558389225	0.019139616029876454
6162.457221936795	0.019654497781463224
6056.702095204144	0.020163379104168613
5953.225718200282	0.020667530775468592
5851.231498681177	0.021275923489906697
5750.59877813751	0.022002985693951014
5652.068265089245	0.022732737828593984
5555.595384777143	0.023463173137251853
5461.135562441986	0.02419214169447543
5368.450888360587	0.02482132386163312
5277.5775982879295	0.025384409921646697
5188.591688863731	0.02593782563959757
5101.454287608172	0.026481878893814852
5016.126522041429	0.02701690291733594
4932.569519683671	0.02754325667615128
4850.7444080550695	0.028061325212515878
4770.6123146758	0.028571519953140816
4692.134367066037	0.029074278982513226
4615.271692745953	0.02957006728203123
4539.985419235718	0.03005937693611499
4466.236674055507	0.03054272730699629
4393.986584725496	0.03102066518042472
4323.196278765856	0.031493764885116814
4253.82688369676	0.03196262838937552
4185.839527038379	0.03242788537897007
4118.331479481254	0.033064623199026304
4052.0558758003453	0.033718870710718295
3987.0094698035	0.03433617246392988
3923.0845516433874	0.03485844596048595
3860.396294298519	0.03537499577402195
3798.921904732132	0.035885889988112825
3738.6385899074758	0.036391201496712024
3679.52355678779	0.03689100786073424
3621.554012336317	0.037385391144049415
3564.7071635162993	0.037874437728476464
3508.9602172909804	0.03835823810747168
3454.2903806236063	0.038836886658192835
3400.6748604774175	0.03931048139171766
3348.090863815655	0.039779123681182214
3296.5155976015644	0.040242917967687086
3245.9262687983896	0.04070197144378837
3196.3000843693717	0.04115639371446516
3147.614251277753	0.04160629643539193
3099.845976486777	0.04205179292837971
3052.972466959689	0.04249299777380269
3006.9709296597302	0.04293002637977262
2961.60230576754	0.043368669569526654
2916.566340472976	0.04385128704091651
2872.3432671564187	0.04433163160056374
2828.9195116813303	0.04480963770311263
2786.281499911177	0.04528523309382626
2744.4156577094213	0.04575833838137976
2703.3084109395277	0.04622886659737206
2662.9461854649585	0.04669672274246309
2623.3154071491795	0.04716180331900912
2584.402501855656	0.04762399585000608
2546.1938954478496	0.04808317838408934
2508.676013789225	0.04853921898626565
2471.8352827432464	0.04899197521393399
2435.6581281733797	0.049441293577677736
2400.1309759430874	0.04988700898615106
2365.240251915832	0.05032894417423293
2330.9723819550786	0.05076690911347306
2297.3137919242936	0.05120070040363614
2264.250907686939	0.05163010064393725
