915.622182722401	0.03560781471087606
890.6780651382626	0.0355415555044575
866.4597519020091	0.03549444351714614
842.9570311729477	0.03544187965389344
820.1509354685855	0.03538266744032628
798.0217019553663	0.03531798684415403
776.5495677997307	0.035249224145483524
755.7147701681209	0.035177990395119874
735.497546226978	0.03510614095167562
715.8711553978823	0.03505941178687126
696.822636191731	0.03501842945236968
678.334300268752	0.03497861173035806
660.3873827375862	0.03493888784295904
642.9631187068759	0.034898152904428104
625.991223608597	0.034815280435927236
609.4940094562846	0.034719016113363345
593.465730656431	0.03464338342410723
577.8974104383959	0.034570650164602625
562.7759918371694	0.03449859109421165
548.0878771482766	0.0344271603810019
533.819468667245	0.034356369735027495
519.9571686895999	0.03428629850284946
506.487067812346	0.03421856758832754
493.37777405891893	0.034156425104600006
480.60335182611345	0.034063070395277686
468.18577277492807	0.03396861761865045
456.11506923875004	0.03387372384687243
444.38127355096685	0.033779168913623536
432.9744180449664	0.03368586803492532
421.883369617024	0.03360138104135451
411.09773602085255	0.033529839765582
400.6097349877114	0.0334605433203367
390.4098078193638	0.0333924122291475
380.4634986475217	0.03329524948900634
370.7796262421899	0.03318800639067248
361.3589319284969	0.03308153539169156
352.1921391814768	0.03299006418145184
343.27383253080666	0.03290314409621359
334.59716396756573	0.03281923361274264
326.1550627196979	0.032738265734065124
317.9404580151454	0.032660220524436456
309.94627908185146	0.03258513409541154
302.1608260513725	0.03251464958096233
294.56182762853103	0.032423202524444215
287.16420852231244	0.032333874021630515
279.9626650159958	0.032247297982200634
272.95189339285827	0.03216421306328382
266.12658993617873	0.032085473638789594
259.4808786135102	0.03201708714384816
253.00963679405402	0.03195890661273525
246.70825004335327	0.031906122897141155
240.57159905256202	0.0318582618957811
234.58524561380065	0.031799011905934586
228.74652733556303	0.031731284688906666
223.05837142994025	0.031674535074167814
217.5171869087923	0.031626455924248786
212.1193151691038	0.03158525407720146
206.8608781955934	0.03155137399816926
201.73799797297994	0.031525340547372216
196.74671176135465	0.03150873143194219
191.88281818637884	0.03150609053822215
187.14298328397442	0.031512111089871085
182.5118237794451	0.031502590253710216
177.99770983602494	0.03150105566143522
173.59792589704605	0.03150935166401706
169.3091678204848	0.03153318873893636
165.1288275866427	0.031569538274735846
161.05405367043005	0.03161842914866649
157.08195403364198	0.0316804863180695
153.20963663807333	0.03175642428524644
149.43400206161834	0.03185009774936958
145.7484583212848	0.03194941295808779
142.14985595844607	0.03205288303627214
138.6405099230992	0.03217279557452701
135.2181179472365	0.032311559893663556
131.88036690175326	0.03247199977400041
128.62516445163195	0.032653492499587086
125.45030095981642	0.03285738091397574
122.3535667892508	0.0330851434815233
119.33268146364026	0.03333968669034493
116.3852377229594	0.03362032029237066
113.50360411864423	0.033913045856414865
110.69180685335812	0.034236349109748265
107.94806301012312	0.03459366769729182
105.27064395071733	0.034987637091418465
102.65780115910039	0.03542152220180989
100.1077976389431	0.035898617465345874
97.61889430506125	0.03642253599815312
95.18928475980319	0.03699868894697515
92.81719573277121	0.037632200335671655
90.49761661858003	0.0383158323551747
88.23117624943495	0.039067211781985675
86.0173619927098	0.039899025924056836
83.85482534831284	0.04081685899819054
81.74167137302253	0.04184068548644352
79.67632476374581	0.0429838541095911
77.6570247049533	0.044265784064662354
75.68147740114729	0.04572223212129808
73.74800862878028	0.04737469384429058
71.85104898771989	0.04929290733911531
