961.2491551054172	0.006429423152284798
936.171016741395	0.006435221703207539
911.820779926295	0.006438476157758494
888.1709990121863	0.006457680056942381
865.1989414656033	0.006500079598595176
842.891644940599	0.006545630592844129
821.2287431019852	0.006593993204906102
800.1898696145752	0.0066448454334697305
779.7546581431808	0.006697890474530837
759.9027423526162	0.0067528648305255875
740.6137559076947	0.006809547201922851
721.7867088202636	0.0068378559096940305
703.4718973306357	0.006864329429113851
685.6696371373245	0.006891652328244335
668.3654818559976	0.006920271545060756
651.5449851023217	0.006950728130183918
635.1937004919637	0.006983667617071543
619.2971816405899	0.007019851147542368
603.8393999528337	0.007066391147581437
588.8028651485737	0.007137029986848543
574.1786657534126	0.0072114718434679445
559.9200096418595	0.007258241511877344
546.0207264870536	0.007280471888126688
532.4976675833307	0.007303234451025667
519.3404674269067	0.007327850814180511
506.5387605139966	0.0073558170006135515
494.0783057580126	0.007407243672182546
481.9525576433563	0.007466736906374915
470.1521982808018	0.007531231266775813
458.6673718854388	0.007600149980491974
447.4882226723556	0.0076729122826839765
436.5986132882937	0.007742028940699385
425.95991075368966	0.007774217894465622
415.597717151942	0.007822114288459178
405.5061069032944	0.007879637978998807
395.67882365228604	0.007942071840113672
386.108705992584	0.008009704584969692
376.78859251785565	0.008082889811550066
367.7113218217661	0.008162054297413693
358.8697324979831	0.008247706983170401
350.2550127587395	0.00835129441820907
341.8614116838738	0.00846478636906239
333.66227541338907	0.008556280400716494
325.66334709985114	0.00864047354760302
317.8680840308918	0.008730065389309831
310.2712017803469	0.00882619210185633
302.867259840046	0.008931302793062486
295.649813270879	0.009055840349339025
288.61515291024836	0.009189673233038187
281.75821016734494	0.00933269839147874
275.0739164513601	0.009484838358391909
268.55720317148524	0.009646047995701356
262.19812632672534	0.009808324165223028
255.98061604894573	0.009960524607699429
249.9167222223281	0.010124858732345065
244.00295196638217	0.010299466293397326
238.23551880485158	0.010485100459340018
232.61063626147944	0.010682605721767144
227.1245178600091	0.010892927113781342
221.77293447763947	0.011121581646707913
216.5523870149795	0.011367085534198792
211.4594559322202	0.0116269962941062
206.49047506366054	0.011901331783342071
201.63032343409486	0.012167366767350392
196.88483797687294	0.012443259540340298
192.25333673663238	0.012740764859088878
187.7334145438885	0.013056631097834016
183.3223254435206	0.013391410732165442
179.01728319739146	0.013746208877741518
174.81550156736364	0.014122239383201394
170.71404185209417	0.014522797193661681
166.71018285691585	0.014948622729220243
162.80133244832572	0.015398793532526423
158.98010118715115	0.015863181747316008
155.24350955331585	0.016341548355146288
151.5945277636223	0.016849483805153727
148.03103729386464	0.017389030368541822
144.55098952707513	0.01796134227345033
141.15226543595338	0.018568736815521923
137.83274599319913	0.019213718586765467
134.59028932064314	0.019899361883151404
131.4228065252161	0.02062812304943134
128.32818798875414	0.021403000500873827
125.30254536542311	0.022222439733113428
122.34062063928941	0.023080101501583485
119.44575290606076	0.023995537795792575
116.61618991437992	0.0249749176768933
113.85019757214094	0.026024544772251187
111.14624200643583	0.027147352507044163
108.50227909594187	0.028356463972265163
105.91645520913431	0.02966226609232605
103.38717911451975	0.031070564994758455
100.91234681813106	0.03259833789090854
98.48859534616659	0.03426523083941665
96.11164963260903	0.036072914653418345
93.78277508574939	0.03807074906611092
91.49930184484428	0.04030362831370323
89.25957262385845	0.04279639218942615
87.05779273465225	0.04567605440447449
84.8918759954006	0.048989497139019345
