3559.180545674115	0.008796825400718746
3480.6178081995663	0.007975768086289439
3404.130638971462	0.007160155116666919
3329.6452959226926	0.006364333588719537
3256.9917291833017	0.0056815777532606805
3186.241829960947	0.005013589939677069
3117.342046112658	0.004359087658373475
3050.2388254954694	0.003716678562052552
2984.8786159664123	0.00308485804523462
2921.207865382523	0.002462006969271537
2859.1730216008373	0.0018463894944624867
2798.720532478386	0.001236150994070413
2739.373794805553	0.0005132155520301506
2681.373836835537	0.0002487404650018051
2624.820974850132	0.0010102333996831574
2569.677852986104	0.001768634604633539
2515.8373591148475	0.0024493981927939004
2463.311054895386	0.0030964136521311296
2412.0884677497065	0.0037336947483203146
2362.135844460577	0.004361842666082396
2313.419431810772	0.004981502235302099
2265.9054765830583	0.0055933621392831555
2219.560225560211	0.006198155017449111
2174.349925524998	0.006796657466176747
2130.2408232601933	0.007389689943266123
2087.199165548566	0.007978116583548025
2045.1712480997364	0.008569924397653618
2003.795607016371	0.009284827449616062
1963.383695682588	0.009985082755391636
1923.872562319826	0.010615529073232613
1885.291201729604	0.011240525110104198
1847.6180684662058	0.011860190533142112
1810.8316170839184	0.01247464618745492
1774.9103021370288	0.013084013066573632
1739.8325781798205	0.013688411200232394
1705.5768997665782	0.014287958458268442
1672.1217214515887	0.014882769269417522
1639.4454977891398	0.015472953253671677
1607.526683333512	0.016058613766681103
1576.3437326389944	0.01663984635432556
1545.8751002598701	0.01721673711513075
1516.0807274912684	0.01775885370747384
1486.7336966587218	0.01835337926459002
1458.0024649150378	0.018965333990512877
1429.9132312989495	0.019576047173511385
1402.4520508879666	0.02018532742575149
1375.604978759592	0.020792956256348874
1349.3580699913337	0.021398686189564847
1323.6973796606994	0.022002238817364794
1298.6089628451946	0.022603302784699415
1274.0788746223252	0.023201531705197887
1250.0931700695983	0.023796542004144158
1226.6379042645212	0.024387910684623065
1203.6991322846	0.024975173011485243
1181.2459087017617	0.02552252177106654
1159.2714143790627	0.026042602922431792
1137.7731865378819	0.026558375305964877
1116.7158012184598	0.02708501956738478
1095.972268757272	0.027694624583726762
1075.669959667405	0.028306032561057883
1055.7997163976222	0.02891878171398098
1036.3523813966845	0.029532362736727498
1017.3187971133552	0.030146216405443446
998.6898059963955	0.03075973112539352
980.4562504945688	0.03137224042094262
962.6089730566358	0.031983020365216885
945.1388161313603	0.03259128694515765
928.0228119020067	0.033160384590635104
911.2615412022593	0.033713266082865026
894.8510982914727	0.034262464848847325
878.7829955076991	0.03480888167667601
863.0487451889913	0.0353534684666994
847.6398596734005	0.035897229127993216
832.5449390489193	0.03644347516934293
817.6559609624053	0.03707168233442527
803.069054271037	0.037703234669176584
788.7781196086121	0.038337385278346695
774.7770576089279	0.03897332330788173
761.059768905783	0.03961017124174691
747.620154132976	0.04024698214878308
734.4409060330986	0.04084674251619212
721.5264976899223	0.04144110702520763
708.8723458969002	0.04203380832955671
696.4728038036072	0.04262523553907641
684.3222245596158	0.043215795302091915
672.4149613145007	0.0438059118262222
660.7453672178349	0.04439602688073545
649.307795419192	0.04498659978278106
638.0965990681452	0.045578107370250434
627.1061313142685	0.04617104396445685
616.2918267522209	0.0468049029398281
605.6567070231062	0.04747314617886373
595.2261540554284	0.04813861581189955
584.990712383297	0.048778922324423483
574.9534067378883	0.04942030746789846
565.1104212025198	0.05006283934131461
555.4579398605094	0.05070658212110035
545.9921467951757	0.05135159554431232
536.709226089837	0.051997934374182576
527.6053618278113	0.05264564784857507
