1416.5834790006093	0.009507333193301215
1381.388350266052	0.009482684774657338
1347.151656904235	0.009421554438399992
1313.8651073886654	0.00935322710176189
1281.5077798258726	0.00928579997227089
1250.05398299001	0.009218807321842723
1219.4780256552274	0.009151691775671942
1189.7542165956768	0.009083795399762142
1160.856864585508	0.009014350240614947
1132.7602783988737	0.008942468283308825
1105.437215532671	0.008863716828614615
1078.8463162751384	0.008741399866586924
1052.9807814256517	0.008615021570289951
1027.7847603951968	0.008504264366937273
1003.1635454468609	0.00845222486614755
979.2026417088182	0.00840238343868854
955.8842841132516	0.008353585960194804
933.1907075923431	0.008304524223618062
911.1041470782775	0.008253724513026833
889.601486817036	0.008185047937069966
868.6630950962418	0.00809048599071095
848.2799575086802	0.00799139449505655
828.4353674831226	0.007888828480796715
809.1126184483367	0.007783899420360132
790.2950038330935	0.00767777320850981
771.885379276168	0.007628149055249583
753.9391400663945	0.007588062655469
736.455644613402	0.007547502666481124
719.4147739021832	0.00747900082899223
702.8110961817434	0.007402349511331644
686.6342293843222	0.0073220202156307
670.8724719167851	0.0072381955876253765
655.514122185999	0.007151041408941231
640.5474785988304	0.007060701939057389
625.9608395621449	0.006967294839588923
611.7425034828082	0.0068709056598349
597.8554963679989	0.006779838376214309
584.2702347405699	0.006709071260213732
571.0227475978718	0.006636448481840491
558.1047249770942	0.006561591618544558
545.5078569154241	0.006484058963136225
533.2238334500504	0.006403339398009923
521.2443446181603	0.006318845865070964
509.5610804569426	0.006229908406168503
498.1646199822477	0.006130553149742147
487.04470753222824	0.006010257599707803
476.1966211883143	0.005884675187508506
465.6124483388889	0.005754855174660868
455.2528189775036	0.005656192757596653
445.1304937758841	0.0055687731166830364
435.25162539746566	0.005478572088146349
425.61022970661776	0.0053844405333608545
416.19943710407216	0.005280181064452422
407.0121748938486	0.005157890625860437
398.0448401403218	0.005029103412449993
389.2917416939929	0.0048939771484972135
380.7471884053633	0.004752656738793094
372.40548912493364	0.004605270193206556
364.2609527032048	0.004451924167194669
356.3070179282813	0.004293853431647382
348.5086925162998	0.004160904545621434
340.8911765206886	0.0040171163654924725
333.45109762963534	0.003867131794462574
326.18429769328816	0.003710483019051313
319.0866185617961	0.003546642773307729
312.1539020853074	0.0033750187042051838
305.381990113971	0.003194947336319558
298.76638234926696	0.0030030902280972975
292.3022687135208	0.0027934087124038853
285.9867062637987	0.002574115143769819
279.81569939778	0.002345600331777972
273.7785470213112	0.002119163787147163
267.8643971082183	0.0019070772689494947
262.0840308755998	0.0016860133369661831
256.4341502106063	0.0014528884900379862
250.91118779131804	0.0012019439581740603
245.51290641112917	0.0009390754868363446
240.2363387580455	0.0006638695144995726
235.0785175200732	0.0003758648450471832
230.0364753852185	0.00007454730239919103
225.10724504148723	0.0002406560583358214
220.28750666527625	0.0005739432695624941
215.57444759536605	0.0009246487344660394
210.9559564990657	0.0012712932272045826
206.43429680655112	0.0016231149888634154
202.01202807270212	0.001990584382561132
197.68691049850372	0.0023749619235803577
193.45657257229195	0.0027791163235134316
189.31867795602014	0.003205743754800484
185.27131142327508	0.0036527577850537425
181.31229824707694	0.0041210396005166745
177.43946370044563	0.004611544421381706
173.650633056401	0.005125308485977207
169.94352053569816	0.005664886311604073
166.3149737295192	0.006228743765305576
162.75528894488647	0.006798210616030753
159.27153541758562	0.007395194393469121
155.86202629695637	0.008021724172932426
152.5250614996694	0.0086801644307009
149.25890612359137	0.009373558209882955
