3285.2226631861176	2076.8063525148827
3206.3306239811336	2029.3062486404488
3129.579432236391	1983.1520612253469
3054.960840353512	1938.2511611768623
2982.4118724935342	1894.5656476428428
2911.8695528175067	1852.057619771145
2843.2709054864695	1810.68917670962
2776.5529546614653	1770.4224176061198
2711.652724503536	1731.2194416084947
2648.3950739164134	1692.9301826072858
2586.5695572583936	1655.3692699475996
2526.353038751421	1618.8181497276503
2467.7263209712755	1583.2285301385982
2410.6619162246793	1548.56040964067
2355.117128544513	1514.7889949679352
2301.0492619636516	1481.8894928544594
2248.415620514973	1449.8371100343097
2197.173508231353	1418.6070532415524
2147.280229145673	1388.1745292102582
2098.693087290807	1358.5147446744916
2051.3658699616717	1329.6064231062867
2005.0926210246894	1301.323716942978
1959.8787025297718	1273.6152164980056
1915.8208397829444	1246.590553767905
1872.8897477552941	1220.2333504142716
1831.0561414179012	1194.5272280986953
1790.290735741848	1169.4558084827686
1750.564245698215	1145.0027132280811
1711.8473862580868	1121.1515639962263
1674.110872392547	1097.8859824487974
1637.3134387461162	1075.2015705739448
1601.4238586421877	1053.0838916809464
1566.429297232943	1031.5001172502984
1532.221938454508	1010.351871674369
1498.7584791838487	989.6052922863665
1466.1172923872539	969.3481925088215
1434.2780728235468	949.5697075568003
1403.220515251552	930.2589726453687
1372.9243144300858	911.4051229895866
1343.3691651179745	892.9972938045217
1314.5191359039654	875.0402464753088
1286.3675360078057	857.509501756091
1258.898365189069	840.3898898611764
1232.0925504635998	823.6693137486108
1205.9310188472384	807.3356763764365
1180.3769783141552	791.3591616610256
1155.3238342862012	775.6401509664316
1130.8629523303289	760.2769858018086
1106.980091894179	745.2624015569993
1083.6571043177619	730.5930417294747
1060.8747666702902	716.2666240875028
1038.6289006280167	702.2658217923154
1016.9061426876129	688.582493184725
995.6931293457485	675.2084966055429
974.9764970990929	662.1356903955806
954.7428824443178	649.3559328956509
934.9789218780944	636.8610824465662
915.6712518970924	624.6429973891381
896.7520780838917	612.6391051500876
878.2252615744761	600.8743316251847
860.1192078046411	589.3676158432045
842.4255904123285	578.1122742483811
825.134923022752	567.1027832976833
808.2377192611223	556.3336194480773
791.7244927526527	545.7992591565315
775.5857571225542	535.494178880012
759.81202599604	525.4128550754873
744.3938129983214	515.5497641999243
729.3177611904176	505.9032532744831
714.5760302236225	496.46615273004824
700.1621255021669	487.2299472445697
686.0093784423366	478.1310132666745
672.1666228220322	469.2212296066043
658.6288903418143	460.49867299726054
645.3893692304827	451.9595766997842
632.4412477168371	443.600173975316
619.7777140296765	435.416698084996
607.389548292771	427.40779039499307
595.2704683210649	419.56915458030363
583.4160872433747	411.8945990020518
571.8199312643462	404.3800189455308
560.4755265886257	397.0213096960344
549.3763994208587	389.81436653885567
538.5082567826076	382.7472655762046
527.8392717867122	375.79054900156814
517.3979093509021	368.9750508133236
507.17701650601776	362.3003712785655
497.17310902355814	355.7624419237303
487.3823889664013	349.3575079838747
477.80014398612406	343.0827291053584
468.42166173430275	336.9352649345412
459.2422298625132	330.9122751177821
450.25713602233134	325.01091930144014
441.46166786533354	319.2283571318751
432.85076712215727	313.56209417638587
424.4182786257983	308.0107328999113
416.1515261075197	302.55941849242055
408.0373748792208	297.1965138687467
400.0913112640991	291.939002955021
392.3098639556579	286.78491204768045


