763.1532075985025	509.2181056848834
743.5415258079255	496.8934208083685
724.4831012994301	484.9058535986124
705.9665513148227	473.24439762134585
687.9773557569283	461.90118378127517
670.5009945285753	450.8683429831092
653.5229475325893	440.13800613155513
637.0286946717972	429.70230413132043
621.0037158490251	419.55336788711213
605.4291296849083	409.68768958583007
590.2895299810017	400.0982862334551
575.5769216877521	390.77076368707344
561.2776586533225	381.6963789060552
547.378094725877	372.8663888497718
533.8579678582229	364.2654345822376
520.6489302497572	355.8300714140569
507.80229285204956	347.61651340800626
495.3067485682911	339.6206860169718
483.1477674070263	331.8417375884891
471.32150137176234	324.2681344751272
459.81842231377937	316.89402318168607
448.62900208435605	309.7135502129633
437.74371253477244	302.7208620737586
427.1530255163072	295.9101052688699
416.8474128802404	289.2754263030969
406.8091073820486	282.802925109726
396.9936431420213	276.4609362206067
387.4377936319615	270.2796327031786
378.13482271673706	264.25506030842837
369.0779942612162	258.38326478734245
360.26057213026615	252.66029189090693
351.6758201887543	247.0821873701077
343.3170023015487	241.6449969759314
335.1772949718129	236.34485382106902
327.24687190949334	231.18089381142744
319.52252416810273	226.14563550934727
311.9940563982268	221.23102401324994
304.6302991861544	216.40803035725992
297.45509773531217	211.7026401926397
290.46362641039957	207.11216833192438
283.6510595761146	202.6339295876475
277.0120470375805	198.2657633319195
270.5405596229742	194.0061879137951
264.2338086355183	189.85048120728544
258.08720586690765	185.7957205979274
252.09616310883806	181.8389834712593
246.25609215300372	177.97734721281765
240.56240479110045	174.20788920814044
234.98882650410928	170.50600053205108
229.55178756781973	166.8918384941783
224.24905721223044	163.3636349764453
219.07786116533651	159.91882014953495
214.03486789115746	156.5553814481057
209.1167458537124	153.2713063068155
204.3201635170205	150.0645821603224
199.64178934510127	146.93319644328474
195.07791090210355	143.8755174902317
190.6248953823745	140.8898340054931
186.2802826750476	137.9732619986131
182.02871256413118	135.11149694426308
177.87631889881405	132.31172838229455
173.82406555401843	129.57597587829258
169.86950241902068	126.90284501219654
166.00993450619853	124.29118624084306
162.24268290605505	121.73983394294464
158.56591067282073	119.24678053348532
154.97726528109857	116.81053400707762
151.47439420549102	114.42960235833375
148.05494492060086	112.1024935818661
144.7165649010306	109.82771567228677
141.45015122988028	107.59767212205868
138.25596330608943	105.41311766732261
135.13675547149447	103.27712907023192
132.09076836013	101.18865980533324
129.11624260603085	99.14666334717347
126.21141884323185	97.15009317029947
123.37443821272667	95.19800224229881
120.60340865155023	93.28947673471784
117.89688225741904	91.4231586584217
115.25315611189853	89.59794504042671
112.67052729655384	87.81273290774894
110.14375389580107	86.0628802902554
107.67080594473921	84.34709694981646
105.2542615202098	82.66870172468809
102.89298608258392	81.02676065445831
100.5856867371245	79.42049813382404
98.3310705890942	77.84913855748195
96.12784474375574	76.3119063201287
93.97461790987578	74.80812421295704
91.87018196533099	73.33693185804991
89.81331168707207	71.89748597841621
87.80274323357852	70.48898191553582
85.8348970907818	69.10829933834052
83.90807183385215	67.75427007417835
82.02412648475125	66.42917686653279
80.18210401041766	65.1324265040116
78.3810164792338	63.86345667377873
76.61987595958232	62.621705062998224
74.89768553555274	61.406618343127114
73.21346711877543	60.2176243580815
