5758.898717937978	3273.446831331703
5637.180177364567	3206.718702389234
5518.587509390976	3141.6669509716576
5403.039701392045	3078.2507050660606
5290.455740742589	3016.4290926595127
5180.754614817445	2956.161241739096
5073.855310991434	2897.4062802918875
4969.676816639382	2840.1233363049632
4868.138119136113	2784.271537765396
4769.158205856457	2729.810012660268
4672.582030017327	2676.7719231345745
4578.240345864403	2625.2046303045354
4486.223119615244	2574.896283314486
4396.099215235258	2525.441115921102
4307.475223055343	2476.471088246555
4220.981656139128	2428.6420831457435
4136.569339408365	2381.930295331691
4054.189097784803	2336.311919517419
3973.7917561902	2291.763150415956
3895.3281395463036	2248.2601827403196
3818.749072774871	2205.7792112035386
3744.0053807976483	2164.2964305186315
3671.0478885363946	2123.7880353986266
3599.8274209128567	2084.230220556542
3530.263879568775	2045.630103985422
3462.2163593238765	2008.0556105003104
3395.7632928290263	1971.3553270851185
3330.860054185495	1935.5008992733465
3267.462017494557	1900.4639725984994
3205.5243166566897	1866.2159523932842
3144.3366889554727	1832.0628473735105
3084.531401034727	1798.6531956152298
3026.0781905715485	1765.9730062277683
2968.9467952430355	1734.0082883204536
2913.1069527262807	1702.74505100261
2858.5284006983775	1672.169303383559
2805.1808768364226	1642.2670545726296
2753.0341188175157	1613.0243136791491
2702.057864318744	1584.4270898124373
2652.1459881467176	1556.537254952313
2603.321525941128	1529.287520245501
2555.5815124754727	1502.6365977049286
2508.898522773119	1476.5676590936434
2463.24513185744	1451.0638761746993
2418.5939147518025	1426.1084207111435
2374.9174464795815	1401.6844644660312
2332.188302064139	1377.7751792024067
2289.969281941235	1353.9539620957087
2248.6304351059366	1330.6014588806863
2208.171472225734	1307.7279769645095
2168.5734982061886	1285.3252179924214
2129.8176179528673	1263.3848836096681
2091.884936371335	1241.8986754614957
2054.75348307018	1220.8613704901204
2018.3453266372392	1200.3237066585132
1982.7054453238964	1180.2135122661005
1947.8167361177625	1160.5206968760826
1913.6620960064454	1141.235170051658
1880.2244219775548	1122.3468413560254
1847.486611018699	1103.8456203523829
1815.4315601174894	1085.721416603932
1784.042166261533	1067.9641396738702
1753.3013264384426	1050.5636991253982
1723.1919376358242	1033.5100045217132
1693.6247732828374	1016.7208418675646
1664.4512030709568	1000.054593430016
1635.8632261564785	983.7102709409533
1607.8488690912095	967.682913527774
1580.3899182440914	951.9738005007431
1553.4443439885576	936.6080271656314
1527.0377419321092	921.5430635941477
1501.1592864861639	906.772801054082
1475.7981520621386	892.2911308132223
1450.9435130714496	878.0919441393567
1426.5845439255163	864.1691323002755
1402.7104190357568	850.5165865637682
1379.3103128135876	837.1281981976235
1356.3733996704257	823.9978584696294
1333.8888540176897	811.1194586475756
1311.8458502667977	798.4868899992521
1290.2335628291667	786.0940437924472
1269.0411661162143	773.93481129495
1248.2578345393572	762.0030837745487
1227.695713520228	750.1232116933234
1207.4941704757648	738.4800551367589
1187.6756505260228	727.0508351509677
1168.2331893292444	715.8318131970133
1149.1598225436726	704.8192507359602
1130.4485858275502	694.0094092288717
1112.0925148391211	683.3985501368131
1094.084645236629	672.9829349208493
1076.4180126783167	662.7588250420438
1059.0856528224265	652.7224819614604
1042.0806013272022	642.8701671401641
1025.395893850888	633.1981420392196
1009.0245660517259	623.7026681196909
992.9596535879589	614.3800068426415
977.1941921178305	605.2264196691364
961.7194748690292	596.2399104907961
946.5137350925577	587.4315431759244


