1072.2343781820502	691.8994461054995
1045.820794738124	675.7445221855199
1020.145803484402	660.0241299619645
995.1849280143614	644.7319280471955
970.9016611311288	629.8736058439188
947.2959897347731	615.4183586579048
924.3485671175658	601.3547154027162
902.0400465717802	587.6712049919159
880.3510813896883	574.3563563390662
859.2623248635634	561.3986983577311
838.7544302856797	548.7867599614742
818.8080509483088	536.5090700638582
799.4038401437233	524.554157578445
780.4072525295259	512.8219793130507
761.9031039845108	501.3813014462858
743.8942676843965	490.2360842033379
726.3675798090192	479.37884835952946
709.3098765382136	468.8021146901823
692.7079940518172	458.4984039706201
676.5487685296644	448.4602369761638
660.8190361515922	438.6801344821372
645.5056330974354	429.15061726386136
630.5890298369511	419.87057180673946
616.0584494099895	410.8301320260776
601.9016023086083	402.01226316688144
588.0361672784578	393.33879833745925
574.5272894661592	384.87903704709026
561.3659043806548	376.6280691673744
548.542947530888	368.58098456991286
536.0493544258019	360.7328731263067
523.8760605743389	353.07882470815593
512.0109912072905	345.61693946521154
500.44388444607205	338.3435046566027
489.1706621214384	331.24862383211854
478.1827988473093	324.326847758382
467.4717692376046	317.5727272020156
457.02821890659095	310.9799839299893
446.7918322746605	304.491378515398
436.8088097439248	298.1561875130567
427.0728211074123	291.97115686869654
417.575794040412	285.93477464578484
408.3099205069361	280.045264619068
399.27262300858087	274.2956200257062
390.4579530838704	268.6822050659341
381.85996227132773	263.2013839399848
373.47270210947767	257.84952084809305
365.29022413684237	252.62297999049161
357.3065798919463	247.5181255674149
349.51582091331335	242.53132177909706
341.8807935742201	237.63084711539773
334.41902345286195	232.83706562831725
327.1353046874995	228.15260921811836
320.02543060248513	223.57503535164037
313.0851945221708	219.10190149572225
306.31038977090833	214.7307651172028
299.6968096730502	210.45918368292155
293.2402475529488	206.2847146597178
286.9364967349561	202.20491551443044
280.77951702621516	198.2191772311076
274.7664996544029	194.3236593732634
268.8940428945995	190.51511445700976
263.14597416004153	186.7787320169059
257.5179566822332	183.11153740577896
252.0199288673057	179.5248311510829
246.64887383327073	176.01695849215218
241.40177469813892	172.58626466832033
236.27508821872948	169.2316212801141
231.26524071885123	165.95193036106926
226.370504725646	162.74424774138927
221.5880095169176	159.60677250061494
216.9148843704703	156.5377037182875
212.34825856410836	153.53524047394816
207.88526137563565	150.59758184713786
203.52138944296152	147.72129427750284
199.23972301762743	144.8909058857868
195.0528824181901	142.12158224567213
190.95973614030373	139.41113233377257
186.9581963821796	136.75832142414458
183.04617534202953	134.161914790845
179.2215852180651	131.62067770793058
175.48233820849777	129.1333754494578
171.8263465115391	126.69877328948333
168.25125386384832	124.31590496361571
164.75475324874975	121.9837549607995
161.33536376788913	119.70048165165656
157.99107939661292	117.46476853310912
154.71172001438788	115.26712500619988
151.50018763587826	113.11114260716887
148.35853293676908	110.99956153327703
145.2852120619122	108.93152745095202
142.27822222857395	106.90664495420675
139.33647024162792	104.92360904944647
136.45854268771143	102.98143496131283
133.6429567786769	101.0792072892327
130.88822972637678	99.21601063263299
128.1928787426633	97.39092959094032
125.55542103938868	95.6030487635814
122.97409843659914	93.85172814178934
120.44488730438128	92.13302411386105
117.96399105396644	90.44346983836435
