799.8557325883461	548.8157790650295
778.5614832878707	535.099663782657
757.8821611282592	521.7578095298697
737.8014049794947	508.7821569610381
718.3028537115568	496.1646467305296
699.3686351183378	483.8987305688056
680.9759914248936	471.98274577515883
663.1176890823864	460.39950542277745
645.778396493286	449.1399206335412
628.9427820600629	438.19490252933116
612.5955141851877	427.5553622320282
596.7212612711298	417.2122108635122
581.3046917203586	407.15635954566284
566.3259062177251	397.3832871179813
551.7725001870726	387.88097768097504
537.6183498508141	378.6237231409631
523.8173017962922	369.570131894807
510.4043193632576	360.75992909177637
497.368418715085	352.18689270476443
484.69861601514685	343.8448007066622
472.3823743581551	335.7289841390257
460.4072024408394	327.83472844138913
448.76592847397256	320.15199953924724
437.4481165852264	312.67402744119244
426.44333090227417	305.39404215581874
415.73355047490674	298.2976886138378
405.2820228808062	291.3518802738526
395.1146886292362	284.5869898199153
385.22108289171615	278.0012393295475
375.5966151790872	271.5869765409487
366.23373190418187	265.3395122903259
357.1248794798323	259.2541574138862
348.2625043188716	253.32622274783736
339.6390528341328	247.551019128387
331.2467680712283	241.92406075896224
323.07481728102135	236.44120234153007
315.09159306914813	231.06877893804193
307.3194952203723	225.83145528879314
299.7529889959552	220.7259616105771
292.3865396571602	215.74902812018888
285.2146124652494	210.89738503442246
278.231224223571	206.16821102798738
271.4301343225589	201.55894218850597
264.8072665540995	197.06485020214967
258.35731238637385	192.68243907879335
252.07496328756426	188.40821282831317
245.9370975769947	184.22086231172705
239.9544423689617	180.13292718502535
234.1249043257605	176.14571947645715
228.44492878591265	172.25638952540103
222.9109523122909	168.46209644688477
217.51903717870778	164.760373644997
212.26524565897586	161.1487545238263
207.14564002690727	157.624772487461
202.15598546769533	154.18625802860808
197.29218184679902	150.83090695970984
192.5411227755558	147.54578789418693
187.90463215057923	144.333937487576
183.38451447153562	141.19837299846637
178.97780925031373	138.13734669766984
174.68136561775748	135.14930123704391
170.4920729450262	132.2326390281295
166.40745533362667	129.38512775212126
162.42465276978865	126.60491920548961
158.54080523974238	123.89016518470574
154.75305272971752	121.23901748624013
151.0530081487346	118.6445686965698
147.43858827234703	116.1054796496905
143.91274299488114	113.62525014709311
140.4732915675354	111.20255862229055
137.11805324150845	108.83608350879587
133.84479424659662	106.52455626152454
130.65120508229924	104.26678406568848
127.53536114962375	102.06118920499156
124.4951379414272	99.90639387128843
121.52841095056668	97.80102025643377
118.62990065665342	95.74058494980825
115.79658913773008	93.72301483112159
113.03109079422825	91.75131936201419
110.33175639083055	89.82451413055239
107.69693669221941	87.94161472480228
105.12494101202462	86.10167818388284
102.61412685375596	84.30371335703289
100.1629229054379	82.54665790897705
97.76970734136894	80.82950001816523
95.43285615237863	79.15123004651704
93.148386689735	77.50849848903128
90.91447920031511	75.90005246137044
88.73256023563492	74.32791598897963
86.60133400058199	72.79137597858075
84.51952088678452	71.28970315015503
82.48576213715927	69.82224737239491
80.49873551491045	68.38832199370525
78.55718440941125	66.98717473632236
76.6597252402897	65.6181802922276
74.80492571890137	64.28076206167457
72.98913734642176	62.97184946646511
71.21220401095852	61.69210593236709
69.47393382665713	60.44270306058474
67.77324375510887	59.223177346013244
