886.3495357942513	601.1386497423398
863.1356939873359	586.3910803317598
840.586334688523	572.0438215456281
818.683625651619	558.0879344414791
797.409734630427	544.5144800768435
776.7468293787541	531.3145195092553
756.6682615856149	518.4879298610355
737.1641613954729	506.017809799058
718.2196069709348	493.8923099720525
699.8178678256328	482.1013896777253
681.942213473199	470.6350082137833
664.5759134272644	459.4831248779315
647.7022372014596	448.63569896787544
631.3026840080372	438.0844600827015
615.346287432157	427.81258972340095
599.7745974315638	417.75528037847
584.6348883902831	407.96489769180783
569.9152418329983	398.4346144479721
555.6037392843944	389.15760343152147
541.6884622691545	380.1270374270129
528.1574923119637	371.33608921900526
514.9948815909022	362.78196093865824
502.19205975377315	354.45447724741257
489.7388542505027	346.34506500458207
477.62392664581597	338.4463169546854
465.7948545285036	330.7097418663062
454.2761960341182	323.1638290547908
443.0667829590333	315.8113414963058
432.15620757028523	308.6494134852303
421.5360561208802	301.6731853299739
411.20001226558384	294.8756999371843
401.13990199535465	288.2518578773173
391.34755130115167	281.7965597208293
381.8147861739338	275.5047060381767
372.53343260465937	269.37119739981523
363.4784657635952	263.37620301122513
354.6400069815962	257.51347765628196
346.0316493471471	251.79606032702418
337.6474196867996	246.22041618414016
329.4813448271078	240.78301038832035
321.5274515946242	235.48030810025372
313.7797668159025	230.30877448063046
306.23130233979833	225.26588966783657
298.876492321853	220.34771149357448
291.71036814241717	215.54970056473508
284.7260871686972	210.86697460310532
277.8966700374301	206.27451460000336
271.2401111333313	201.7922752947253
264.75198756200456	197.41779414745562
258.4266768893453	193.14980815808602
252.2611468988821	188.98446410887493
246.25116142454996	184.9191127316757
240.39247814881975	180.95111090980544
234.68085475416189	177.077815526581
229.11204892304687	173.29658346531903
223.68122376919757	169.6053661780848
218.37421211438485	165.9906783562145
213.1920900295117	162.45442745741525
208.13771132184965	159.00079335837157
203.20788609677737	155.627912233875
198.39942445967392	152.33392025871763
193.70871539131608	149.11737473229246
189.13292930386953	145.97605152260493
184.66912968441568	142.9078334227434
180.3142304108904	139.9107528349433
176.06514536122882	136.98284216143912
171.9156495354062	134.11908091354695
167.85726770446843	131.31265003232454
163.89638222337354	128.57023820262518
160.03063434696685	125.89045230709314
156.2576653300939	123.27189922837303
152.57511642760025	120.71318584910951
148.98043762119428	118.21311032508382
145.47147750731884	115.77007219734273
142.04596935008672	113.38258633926364
138.70160932426964	111.04920471356496
135.4360936046391	108.76847928296485
132.23904126893785	106.53111704473838
129.11673379166058	104.34396100837306
126.06738336912306	102.20599457916441
123.08918631932971	100.11619918645152
120.18033391958859	98.07356130026987
117.33902310882158	96.07706172904096
114.56346059643006	94.12567151070748
111.85184650546597	92.21836826956067
109.20240318858397	90.35410740028989
106.61334242676186	88.53185486926075
104.07791155573871	86.74578317425646
101.59874075346035	84.99935474718954
99.17518772852779	83.29253561619737
96.80565363467204	81.62477675228985
94.48848064166467	79.99558811043593
92.22220852925979	78.40428203562207
90.00528667574282	76.85026127430378
87.83560603666274	75.33348699567293
85.71161609517227	73.8533618413174
83.63126900070219	72.40978578654693
81.58810825921029	70.99984472731012
79.58428563866923	69.62638040005456
77.6152042106376	68.2929040449914
