1572.5957486667057	995.6127760317763
1534.658339414555	972.6792907519888
1497.774382097367	950.3599790798486
1461.9148857791106	928.6401683178888
1427.0508595237507	907.5051857686367
1393.1533123952574	886.9403587346253
1360.1846347006526	866.9396332753271
1328.0970338837942	847.5071383133823
1296.8915523497765	828.5981678101917
1266.541371192132	810.1958770387223
1237.0196715043933	792.2834212719414
1208.2996343800914	774.8439557828135
1180.3544409127564	757.8606358443035
1153.0282459595007	741.187590492958
1126.3728322625573	724.8865766504439
1100.4236123801743	709.0029810544443
1075.158112454922	693.5305042184405
1050.5382496379414	678.4784556473409
1026.5680865715456	663.813999354888
1003.2297224992096	649.5262627536545
980.5052566644124	635.6043732562166
958.3767883106289	622.0374582751474
936.8264166813378	608.814645223023
915.8362410200143	595.9250615124165
895.3883605701371	583.3578345559042
875.4215570627101	571.0587742535871
855.8808506429182	558.9799289197485
836.8182543495302	547.213218389853
818.2373021610988	535.7359325959123
800.1266591255427	524.5402304005735
782.474228946656	513.6190320106043
765.2679153282328	502.96525763277316
748.4956219740686	492.5718274738495
732.1452525879588	482.431661740603
716.2047108736976	472.5376806398017
700.6619005350792	462.88280437821413
685.5047252758991	453.45995316260974
670.711822559568	444.27131344014333
656.2203903528336	435.24476111215245
642.0536147724448	426.401813000287
628.2310033033799	417.76560133907435
614.744293545575	409.3314884779996
601.5852230989643	401.09483676654554
588.7455295634837	393.0510085541972
576.2169505390675	385.1953661904375
563.9912236256521	377.52327202475175
552.0600864231704	370.03008840662216
540.4100426494723	362.7164115676201
529.0353864505124	355.5750473112107
517.9313407499507	348.5978726631522
507.0901288356605	341.77976428498926
496.46122656969203	335.07285141244313
486.06526955037714	328.5004230175168
475.91222552451484	322.0751002206804
465.99637747138365	315.7938193748836
456.3120083702629	309.65351683307676
446.8534012004318	303.6511289482104
437.61157945996274	297.7868515544403
428.5818855772717	292.0565615555797
419.7613549931666	286.4544428430489
411.14461210400736	280.9770903527183
402.72628130615277	275.6210990204567
394.50098699596276	270.3830637821345
386.46335356979614	265.2595795736207
378.5856116138721	260.2248475206448
370.8677369969246	255.280814031451
363.323448615511	250.44316854210697
355.94621559786117	245.71240141748834
348.7333152499865	241.0851948446899
341.6824006680787	236.5578552206256
334.78971105477444	232.12810283576562
328.0514856127104	227.79365798057987
321.46396354452264	223.55224094553802
315.0233840528473	219.4015720211095
308.72598634032096	215.3393714977645
302.5680096095804	211.363359665973
296.5456930632615	207.47125681620454
290.6472939270798	203.65756998323207
284.8552187351525	199.90171943886477
279.1889289475155	196.22365834169693
273.6457559351896	192.62184746375823
268.22303106919605	189.09474757707872
262.9180857205559	185.64081945368818
257.7282512602907	182.25852386561698
252.6508590594211	178.94632158489466
247.68324048896886	175.7026733835516
242.82208087706982	172.5266860765027
238.06417980067056	169.4173522298525
233.4082293386434	166.37177190777956
228.85168861428323	163.38827813004045
224.392016750885	160.46520391639174
220.01306878597438	157.58727820082095
215.72105261625293	154.76158277649128
211.51933680648563	151.99236010462943
207.4060019040228	149.27856462904737
203.37903994619342	146.61923930357767
199.43542148120486	144.01444857117463
195.5745361359852	141.4618377960724
191.79455902751386	138.96026685245374
188.09366527276995	136.50859561450113
