1117.7942046081641	721.2783414557348
1090.298676913069	704.5179662041505
1063.5551869764604	688.1913422743919
1037.544590325314	672.2897234752467
1012.2477424866013	656.804363615498
987.6454989872977	641.726516503933
963.7097394237446	627.056411879968
940.4193440238677	612.7872788514356
917.7682373066065	598.8973022351539
895.738742103551	585.3762685352935
874.3131812462906	572.2139642560254
853.4738775664138	559.4001759015188
833.2031538955084	546.9246899759426
813.4833330651643	534.7772929834682
794.296737906971	522.9477714282659
775.6220140195715	511.42958904745063
757.4340562492104	500.21802343477646
739.6247151497985	489.18950948148364
722.2844642081517	478.43995095129014
705.4011926635144	467.96266736034266
688.9627897551335	457.7509782247906
672.9571447222532	447.79820306078057
657.3721468041203	438.0976613844616
642.1956852399792	428.6426727119808
627.4142017721291	419.42800405643413
613.0089428071689	410.45361776661565
598.9767315025374	401.7038994404795
585.3061691077083	393.171456583945
571.9744856005698	384.83752543134597
558.9227777762884	376.6472090342953
546.2018084121116	368.65527642648635
533.8031638723686	360.857320228694
521.7184305213892	353.24893306169406
509.93821680505886	345.82668546470705
498.4494962837001	338.5907828625144
487.2500504311938	331.53062276633943
476.3319709029283	324.64129250589946
465.68734935429234	317.9178794109122
455.3082774406724	311.35547081109297
445.1868468174576	304.94915403616
435.30873950635157	298.68760678214585
425.6309328631623	292.53080207918714
416.1878536866707	286.5188609702411
406.97182180140425	280.6506106999678
397.98050720174825	274.91952834316675
389.2083457599823	269.3223250967467
380.6497733483833	263.855712157614
372.2992258392304	258.5164007226772
364.15113910480244	253.3011019888442
356.19994901737743	248.20652715302253
348.44009144923365	243.2293874121196
340.8639911444487	238.36840509124448
333.4671161985517	233.6192591640548
326.2133558217247	228.94525691610363
319.12978317063124	224.37522161151202
312.2132905823411	219.90779569480674
305.45990821340916	215.54075943000015
298.86566622039004	211.27189308110403
292.42659475983857	207.0989769121303
286.13826671681693	203.02024845858327
279.99550546685913	199.0346947654965
273.99625384540906	195.13818341799225
268.13673326809106	191.32830342101386
262.41316515052876	187.60264377950358
256.82177090834654	183.95879349840482
251.34224175614537	180.3778113816373
245.98202618521537	176.86851350980982
240.74412065735748	173.43543339006027
235.62434249831875	170.07836692150227
230.62136903556834	166.79425000152693
225.73246483374461	163.5814312903569
220.95489445748586	160.43825944821492
216.28592247143004	157.36308313532336
211.7228134402151	154.35425101190444
207.2628319284794	151.41011173818094
202.90302483936955	148.52923163586718
198.64010218775547	145.71051391495348
194.4649562491565	142.9441121976149
190.3743667581578	140.22768040822058
186.374493520714	137.56825254250924
182.46332507349794	134.96469132693764
178.63884995318244	132.41585948796273
174.89905669644034	129.92061975204135
171.24143419943653	127.47833448613886
167.66433022322633	125.08750719232927
164.16602065832137	122.74671324323138
160.74457415143613	120.45473525526026
157.39805934928526	118.21035584483101
154.12454489858337	116.01235762835867
150.91958797702122	113.8570117532345
147.7755264887104	111.73791421182352
144.69905769335287	109.66224480800096
141.6889371146742	107.62895711997285
138.74372160273418	105.63720339961137
135.86196800759268	103.68613589878875
133.04223317930922	101.77490686937693
130.28307396794347	99.90266856324796
127.58278589091466	98.06883456491451
124.9401843871206	96.27229853741083
122.35391777097432	94.51212126825546
