4207.778656526951	2614.1959958065627
4109.385977544094	2556.7181105149866
4013.631696455883	2500.7318203456925
3920.4259049684956	2446.2176873480926
3829.6462736177145	2393.188694741968
3741.287817687293	2341.5404809991546
3655.281432925466	2291.2328041269884
3571.5580150804726	2242.2254221328067
3490.0484599005486	2194.478093023944
3410.683663133936	2147.9505748077413
3333.3945205288765	2102.6026254915405
3258.082478477456	2058.3645537265256
3184.297200508117	2014.814885300239
3112.346875546009	1972.3935834667
3042.2342449410608	1931.0248036912608
2973.9138486273678	1890.6809028550963
2907.338562216766	1851.3359021616452
2842.4612613210898	1812.9638228143453
2779.2348215521793	1775.5386860166404
2717.6121185218663	1739.0345129719644
2657.546027841992	1703.4253248837617
2598.989425124388	1668.6851429554667
2541.8632835887174	1634.8198907827007
2486.151286635908	1601.7727817798022
2431.561291776853	1569.260070254666
2378.265083260633	1537.4693158617115
2326.274629800092	1506.4282627191226
2275.5572893234844	1476.1200441604942
2226.0804197590696	1446.5277935194254
2177.8113790351067	1417.6346441295145
2130.7167405766313	1389.4245138275771
2084.7416831122955	1361.9027151468113
2039.8786587576838	1335.0272872334908
1996.0969281236453	1308.7794607386236
1953.365751821027	1283.140466313214
1911.6543904606756	1258.091534608266
1870.8360792086273	1233.517870829974
1830.8776664107818	1209.3982933643947
1791.8581067644968	1185.8237269490446
1753.7475207796995	1162.790000789814
1716.521334111516	1140.28763894738
1680.1670461465467	1118.2950917509559
1644.6629995776234	1096.7999662235138
1609.9875370975822	1075.7898693880313
1576.119001399254	1055.2524082674809
1543.0357351754772	1035.1751898848404
1510.7160811190795	1015.5458212630813
1479.1368651613968	996.3534261866805
1448.2645127870796	977.5883743426912
1417.9646697064752	959.105388615418
1388.349302821409	941.0237447787683
1359.4028676653008	923.3352072382424
1331.1098197715696	906.0315403993409
1303.4546146736322	889.104508667562
1276.421707904906	872.5458764484036
1249.9940041827983	856.3489589633783
1224.152402134485	840.509077524229
1198.8874216261172	825.0119322037208
1174.184219718784	809.8485858796812
1150.0279534735746	795.0101014299374
1126.40377995158	780.4875417323187
1103.246681685148	766.2217951359111
1080.5552573711334	752.2173661543071
1058.3536340586963	738.5107259417384
1036.6328471724319	725.0939601835771
1015.3832610363947	711.9598256657289
994.5939968063963	699.1023223423497
974.2541756382456	686.5154501675926
954.3529186877525	674.1932090956117
934.879347110726	662.1295990805602
915.820833319376	650.3203688201937
897.1677379351605	638.7582788030194
878.9103175332174	627.4361935638618
861.0293720694744	616.3391182137143
843.4724785660126	605.4188349297235
826.2824227171984	594.722334561322
809.4508079012672	584.2458374647157
792.9686497710062	573.9861517215587
776.8290206593972	563.9380287333131
761.0239262659941	554.0972865348683
745.5453722903497	544.4597431611131
730.3853644320175	535.0212166469369
715.5359046076992	525.7775288100788
700.9889856976037	516.7245105047749
686.7366355480615	507.8579576191353
672.7708639264174	499.17368412025934
659.0496388030184	490.63346217824926
645.5944015146091	482.26253732960424
632.4057283049816	474.0636138058568
619.4764492878428	466.0349406968432
606.7996529253343	458.1745087439657
594.3687114244451	450.48002494377647
582.1769969921644	442.9491962928279
570.220516181931	435.57709544122486
558.4891871533891	428.36488343286635
546.9752812715543	421.31136810627834
535.6712723901558	414.4151548112734
524.5739499221169	407.6705333384714
513.6506473336364	401.0607991532529
502.9040703995803	394.6033770432499


