1	3.3629524760203463e-7	13.1539389337923
1	2.1443194092501656e-6	41.5964072335506
1	0.0000136728239892592	131.539389337923
1	0.00008718202849576133	415.964072335505
1	0.0005558987739918645	1315.39389337923
1	0.0035445773889131605	4159.64072335506
1	0.02260128903644299	13153.9389337923
1	0.1441126007592863	41596.4072335505
1	0.9189051856342345	131539.389337923
1	5.859215195178354	415964.072335506
1	25.791228299322874	1.04482098850688e6
1	108.53901296803046	2.62454050811663e6
1	435.1574369225701	6.59263838374128e6
1	585.1426644785979	8.29897122615874e6
1	1596.6528304369426	1.65562761945507e7
1	4264.787664853519	3.30403402223709e7
1	11193.2595638994	6.59368003592957e7
1	28973.407459636222	1.31541481699142e8
1	74280.51774213956	2.62448334453775e8
1	97223.36189796518	3.30395122897774e8
1	181250.69413113443	5.23729494468915e8
1	337021.70197864104	8.29890573744293e8
1	459413.20814453904	1.04490125809259e9
1	560330.5682286023	1.21134757942915e9
1	763277.9384527822	1.60351210326655e9
1	1.4152908713002026e6	2.54157620690137e9
1	2.621403532062325e6	4.1593401880666e9
1	4.853379544505884e6	6.5925469041897e9
1	6.299824617375588e6	8.01327531498971e9
1	8.569630731724968e6	1.0088422327716e10
1	1.1660572587441921e7	1.31575827204578e10
1	1.5855263298764063e7	1.65618799239146e10
1	2.1563158086319126e7	2.08510998657476e10
1	2.7849630903022066e7	2.52558276119228e10
1	3.787460790806517e7	3.30409617607769e10
1	5.149344459416146e7	4.15927706015499e10
1	6.619155183462977e7	5.02045858934526e10
1	9.000226303417718e7	6.59267278794846e10
1	1.2239150616589803e8	8.30094960620018e10
1	1.6133425812777466e8	1.02109192837454e11
1	1.6634118338001594e8	1.08653693529064e11
1	2.2620175639570063e8	1.40858202889247e11
1	2.8895521955712473e8	1.69240235729648e11
1	3.217783962107065e8	1.83457945459511e11
1	3.6606186844164044e8	2.08470135186898e11
1	4.9768837007278347e8	2.71363452079032e11
1	6.471172726007844e8	3.30407027116395e11
1	8.387156122532176e8	4.15970909178822e11
1	8.684233687498492e8	4.26970873079007e11
1	8.778808942263049e8	4.30452878780138e11
1	9.292853268159821e8	4.49217935771889e11
1	1.012289020997582e9	4.78981114398216e11
1	1.0560161682004893e9	4.94413580492294e11
1	1.0938462701063123e9	5.07636239815506e11
1	1.2050000107060688e9	5.67330018261957e11
1	2.3974270757787313e9	2.094256e12
1	3.813274272106961e9	3.145202e12
1	5.861329230284857e9	4.436516e12
1	8.676000077083696e9	5.986292e12
1	1.2402710174829685e10	7.818102e12
1	2.3247710271184303e10	1.2443858e13
1	3.987849065901774e10	1.858702e13
1	6.410088237930501e10	2.655834e13
1	9.804338498927669e10	3.664118e13
1	1.4405480275726196e11	4.893182e13
1	2.405549421187923e11	7.085544e13
1	4.2809210906662964e11	1.03252e14
1	5.614654712857769e11	1.2146884e14
1	5.97615471606959e11	1.2609194e14
1	6.342105319505574e11	1.2999999999999945e14
1	7.00008640569806e11	1.3672732122391253e14
1	7.726331749258633e11	1.436465309540939e14
1	8.527923634058334e11	1.5076017671846e14
1	9.412679117138318e11	1.580710643114267e14
1	1.0389226259997628e12	1.6558227113442044e14
1	1.146708826872656e12	1.732971596517292e14
1	1.2656776363516624e12	1.8121939108343556e14
1	1.3969892283201677e12	1.8935293945763975e14
1	1.541924142444389e12	1.977021061452814e14
1	1.7018957718891824e12	2.0627153500249106e14
1	1.8784641466101094e12	2.1506622824889656e14
1	2.0733511466349375e12	2.2409156321188347e14
1	2.288457293693947e12	2.333533100740065e14
1	2.5258802849487256e12	2.4285765076427688e14
1	2.787935449559588e12	2.526111991417847e14
1	3.0771783275821123e12	2.626210226296695e14
1	3.3964295913797856e12	2.7289466546354316e14
1	3.74880255258545e12	2.83440173734955e14
1	4.1377335228556875e12	2.942661224191377e14
1	4.567015324494929e12	3.0538164459382056e14
1	5.040834277741699e12	3.16796463071509e14
1	5.563811025413145e12	3.285209246901846e14
1	6.1410455930276455e12	3.405660375223327e14
1	6.778167123827597e12	3.5294351129659144e14
1	7.481388773712969e12	3.656658013456106e14
1	8.257568301419028e12	3.787461564295723e14
1	9.114274944805377e12	3.921986708180908e14
1	1.0059863235431002e13	4.0603834105092425e14
1	1.1103554471248066e13	4.2028112785022206e14
1	1.225552664192743e13	4.3494402368468275e14
1	1.352701368376435e13	4.5004512657016475e14
1	1.4930415032084715e13	4.6560372072594306e14
1	1.647941653950211e13	4.816403647879225e14
1	1.818912393920914e13	4.98176988351055e14
1	2.0076210154823047e13	5.1523699769525856e14
1	2.2159077893343445e13	5.3284539165940906e14
1	2.4458039106813594e13	5.510288886935869e14
1	2.699551307277594e13	5.698160662919144e14
1	2.979624502519538e13	5.892375140921122e14
1	3.288754746790914e13	6.093260020962416e14
1	3.62995665238817e13	6.301166656260655e14
1	4.006557591767747e13	6.516472088051419e14
1	4.422230145803733e13	6.739581285655496e14
1	4.8810279184896375e13	6.97092961397322e14
1	5.387425067345884e13	7.210985553213439e14
1	5.946359935029319e13	7.460253698347735e14
1	6.563283207638594e13	7.719278069029051e14
1	7.244211069348656e13	7.988645764167294e14
1	7.995783871736055e13	8.268990999291566e14
1	8.82533088993275e13	8.560999569171066e14
1	9.740941797103516e13	8.865413783144821e14
1	1.0751545554263389e14	9.183037925874166e14
1	1.1866997484757934e14	9.514744302555346e14
1	1.3098175382552903e14	9.861479934241369e14
1	1.445708559157222e14	1.0224273976607655e15
1	1.5956980090558616e14	1.0604245943950651e15
1	1.761248572526418e14	1.1002614829648522e15
1	1.943974684822554e14	1.1420709224995898e15
1	2.145658275714062e14	1.1859978549899758e15
1	2.3682661467171088e14	1.2322005522388695e15
1	2.6139691511779838e14	1.2808520008368115e15
1	2.8851633642535125e14	1.3321414409594372e15
1	3.184493449235811e14	1.3862760766141925e15
1	3.514878448087269e14	1.4434829770058545e15
1	3.8795402476941094e14	1.5040111909884588e15
1	4.2820349994375625e14	1.5681340990882182e15
1	4.7262877984849506e14	1.636152030467305e15
1	5.216630960989836e14	1.7083951753163112e15
1	5.7578462724765e14	1.7852268267442308e15
1	6.355211619412766e14	1.8670469901779398e15
1	7.014552458717894e14	1.9542964025730882e15
1	7.742298627130685e14	2.0474610087971652e15
1	8.545547044440664e14	2.1470769479512492e15
1	9.432130922055675e14	2.2537361082853295e15
1	1.041069615182494e15	2.3680923164337745e15
1	1.1490785620054038e15	2.490868234011303e15
1	1.268293226893313e15	2.622863043055614e15
1	1.3998761812910005e15	2.764961011128718e15
1	1.5451106111684045e15	2.9181410372442075e15
1	1.7054128305429642e15	3.0834872913074845e15
1	1.8823460932555962e15	3.26220107256451e15
1	2.0776358376912562e15	3.455614026759793e15
1	2.2931865131100465e15	3.66520287748531e15
1	2.5311001516769535e15	3.8926058447051005e15
1	2.793696867303857e15	4.139640942872026e15
1	3.0835374812065665e15	4.4083263725387545e15
1	3.4034484948189535e15	4.700903243211498e15
1	3.756549653598724e15	5.019860891582773e15
1	4.1462843705244885e15	5.367965088449489e15
1	4.576453305970809e15	5.7482894598901e15
1	5.051251431430923e15	6.164250484041063e15
1	5.575308938527537e15	6.619646463324342e15
1	6.153736392254586e15	7.118700917883136e15
1	6.7921745687801e15	7.666110889671452e15
1	7.496849463823206e15	8.267100703457298e15
1	8.274633008044078e15	8.927481786796053e15
1	9.13311008153763e15	9.653719214131266e15
1	1.008065248094911e16	1.0453005712986752e16
1	1.1126500560536184e16	1.1333343943857484e16