1	3.3629524760203463e-7	13.1539389337923
1	2.1443194092501656e-6	41.5964072335506
1	0.0000136728239892592	131.539389337923
1	0.00008718202849576133	415.964072335505
1	0.0005558987739918645	1315.39389337923
1	0.0035445773889131605	4159.64072335506
1	0.02260128903644299	13153.9389337923
1	0.1441126007592863	41596.4072335505
1	0.9189051856342345	131539.389337923
1	5.859215195178354	415964.072335506
1	25.791228299322874	1.04482098850688e6
1	108.53901296803046	2.62454050811663e6
1	435.1574369225701	6.59263838374128e6
1	585.1426644785979	8.29897122615874e6
1	1596.6528304369426	1.65562761945507e7
1	4264.787664853519	3.30403402223709e7
1	11193.2595638994	6.59368003592957e7
1	28973.407459636222	1.31541481699142e8
1	74280.51774213956	2.62448334453775e8
1	97223.36189796518	3.30395122897774e8
1	181250.69413113443	5.23729494468915e8
1	337021.70197864104	8.29890573744293e8
1	459413.20814453904	1.04490125809259e9
1	560330.5682286023	1.21134757942915e9
1	763277.9384527822	1.60351210326655e9
1	1.4152908713002026e6	2.54157620690137e9
1	2.621403532062325e6	4.1593401880666e9
1	4.853379544505884e6	6.5925469041897e9
1	6.299824617375588e6	8.01327531498971e9
1	8.569630731724968e6	1.0088422327716e10
1	1.1660572587441921e7	1.31575827204578e10
1	1.5855263298764063e7	1.65618799239146e10
1	2.1563158086319126e7	2.08510998657476e10
1	2.7849630903022066e7	2.52558276119228e10
1	3.787460790806517e7	3.30409617607769e10
1	5.149344459416146e7	4.15927706015499e10
1	6.619155183462977e7	5.02045858934526e10
1	9.000226303417718e7	6.59267278794846e10
1	1.2239150616589803e8	8.30094960620018e10
1	1.6133425812777466e8	1.02109192837454e11
1	1.6634118338001594e8	1.08653693529064e11
1	2.2620175639570063e8	1.40858202889247e11
1	2.8895521955712473e8	1.69240235729648e11
1	3.217783962107065e8	1.83457945459511e11
1	3.6606186844164044e8	2.08470135186898e11
1	4.9768837007278347e8	2.71363452079032e11
1	6.471172726007844e8	3.30407027116395e11
1	8.387156122532176e8	4.15970909178822e11
1	8.684233687498492e8	4.26970873079007e11
1	8.778808942263049e8	4.30452878780138e11
1	9.292853268159821e8	4.49217935771889e11
1	1.012289020997582e9	4.78981114398216e11
1	1.0560161682004893e9	4.94413580492294e11
1	1.0938462701063123e9	5.07636239815506e11
1	1.2050000107060688e9	5.67330018261957e11
1	2.3974270757787313e9	2.094256e12
1	3.813274272106961e9	3.145202e12
1	5.861329230284857e9	4.436516e12
1	8.676000077083696e9	5.986292e12
1	1.2402710174829685e10	7.818102e12
1	2.3247710271184303e10	1.2443858e13
1	3.987849065901774e10	1.858702e13
1	6.410088237930501e10	2.655834e13
1	9.804338498927669e10	3.664118e13
1	1.4405480275726196e11	4.893182e13
1	2.405549421187923e11	7.085544e13
1	4.2809210906662964e11	1.03252e14
1	5.614654712857769e11	1.2146884e14
1	5.97615471606959e11	1.2609194e14
1	6.342105319505574e11	1.2999999999999948e14
1	7.00008640569806e11	1.3627344087608839e14
1	7.726331749258633e11	1.4263201862319297e14
1	8.527923634058334e11	1.4907636006255206e14
1	9.412679117138318e11	1.5560767411203294e14
1	1.0389226259997628e12	1.6222773359153316e14
1	1.146708826872656e12	1.68938859688965e14
1	1.2656776363516624e12	1.757439093009573e14
1	1.3969892283201677e12	1.826462654127645e14
1	1.541924142444389e12	1.8964983064655644e14
1	1.7018957718891824e12	1.9675902408435547e14
1	1.8784641466101094e12	2.0397878145878278e14
1	2.0733511466349375e12	2.1131455880129425e14
1	2.288457293693947e12	2.1877233964096984e14
1	2.5258802849487256e12	2.263586458572254e14
1	2.787935449559588e12	2.340805523064525e14
1	3.0771783275821123e12	2.4194570536301222e14
1	3.3964295913797856e12	2.4996234554287756e14
1	3.74880255258545e12	2.58139334408291e14
1	4.1377335228556875e12	2.664861859884475e14
1	4.567015324494929e12	2.7501310299194534e14
1	5.040834277741699e12	2.837310181319481e14
1	5.563811025413145e12	2.9265164094068625e14
1	6.1410455930276455e12	3.017875104977999e14
1	6.778167123827597e12	3.111520545747233e14
1	7.481388773712969e12	3.2075965575761544e14
1	8.257568301419028e12	3.3062572519758994e14
1	9.114274944805377e12	3.407667847242368e14
1	1.0059863235431002e13	3.5120055816257944e14
1	1.1103554471248066e13	3.619460727984771e14
1	1.225552664192743e13	3.7302377207523675e14
1	1.352701368376435e13	3.8445564073783e14
1	1.4930415032084715e13	3.9626534380605275e14
1	1.647941653950211e13	4.0847838093932425e14
1	1.818912393920914e13	4.2112225795879656e14
1	2.0076210154823047e13	4.3422667753129825e14
1	2.2159077893343445e13	4.478237512670308e14
1	2.4458039106813594e13	4.619482358017765e14
1	2.699551307277594e13	4.7663779575412275e14
1	2.979624502519538e13	4.9193329683988425e14
1	3.288754746790914e13	5.0787913286011044e14
1	3.62995665238817e13	5.2452359077227e14
1	4.006557591767747e13	5.41919258619951e14
1	4.422230145803733e13	5.601234817282081e14
1	4.8810279184896375e13	5.791988733168068e14
1	5.387425067345884e13	5.992138864933864e14
1	5.946359935029319e13	6.202434555506885e14
1	6.563283207638594e13	6.423697155623676e14
1	7.244211069348656e13	6.656828105038629e14
1	7.995783871736055e13	6.902818015278128e14
1	8.82533088993275e13	7.162756886247316e14
1	9.740941797103516e13	7.437845607278579e14
1	1.0751545554263389e14	7.729408914091339e14
1	1.1866997484757934e14	8.038909996981058e14
1	1.3098175382552903e14	8.3679669828112e14
1	1.445708559157222e14	8.718371544529124e14
1	1.5956980090558616e14	9.092109927535781e14
1	1.761248572526418e14	9.491386722956655e14
1	1.943974684822554e14	9.918651764421459e14
1	2.145658275714062e14	1.0376630578221484e15
1	2.3682661467171088e14	1.0868358877634696e15
1	2.6139691511779838e14	1.1397221661906332e15
1	2.8851633642535125e14	1.196699756011703e15
1	3.184493449235811e14	1.2581909151404582e15
1	3.514878448087269e14	1.3246680097394688e15
1	3.8795402476941094e14	1.3966600042121768e15
1	4.2820349994375625e14	1.4747598371428405e15
1	4.7262877984849506e14	1.559632807990532e15
1	5.216630960989836e14	1.6520261173830265e15
1	5.7578462724765e14	1.7527797235411515e15
1	6.355211619412766e14	1.862838703388602e15
1	7.014552458717894e14	1.9832673231643125e15
1	7.742298627130685e14	2.1152650869678688e15
1	8.545547044440664e14	2.260184998356357e15
1	9.432130922055675e14	2.4195543992471265e15
1	1.041069615182494e15	2.595098721193547e15
1	1.1490785620054038e15	2.788768573186122e15
1	1.268293226893313e15	3.002770642688938e15
1	1.3998761812910005e15	3.239602944795128e15
1	1.5451106111684045e15	3.502095045217766e15
1	1.7054128305429642e15	3.7934539528177955e15
1	1.8823460932555962e15	4.1173164938514415e15
1	2.0776358376912562e15	4.477809073870889e15
1	2.2931865131100465e15	4.879615872462828e15
1	2.5311001516769535e15	5.32805665217104e15
1	2.793696867303857e15	5.829175525491921e15
1	3.0835374812065665e15	6.389842204628395e15
1	3.4034484948189535e15	7.017867463938536e15
1	3.756549653598724e15	7.722134757289413e15
1	4.1462843705244885e15	8.512750240981386e15
1	4.576453305970809e15	9.401213630617802e15
1	5.051251431430923e15	1.0400612768539144e16
1	5.575308938527537e15	1.15258449970465e16
1	6.153736392254586e15	1.2793871836468826e16
1	6.7921745687801e15	1.4223990722491148e16
1	7.496849463823206e15	1.5838188583018102e16
1	8.274633008044078e15	1.7661481716187494e16
1	9.13311008153763e15	1.9722347828819412e16
1	1.008065248094911e16	2.2053196030492136e16
1	1.1126500560536184e16	2.469090147750043e16