1	3.3629524760203463e-7	13.1539389337923
1	2.1443194092501656e-6	41.5964072335506
1	0.0000136728239892592	131.539389337923
1	0.00008718202849576133	415.964072335505
1	0.0005558987739918645	1315.39389337923
1	0.0035445773889131605	4159.64072335506
1	0.02260128903644299	13153.9389337923
1	0.1441126007592863	41596.4072335505
1	0.9189051856342345	131539.389337923
1	5.859215195178354	415964.072335506
1	25.791228299322874	1.04482098850688e6
1	108.53901296803046	2.62454050811663e6
1	435.1574369225701	6.59263838374128e6
1	585.1426644785979	8.29897122615874e6
1	1596.6528304369426	1.65562761945507e7
1	4264.787664853519	3.30403402223709e7
1	11193.2595638994	6.59368003592957e7
1	28973.407459636222	1.31541481699142e8
1	74280.51774213956	2.62448334453775e8
1	97223.36189796518	3.30395122897774e8
1	181250.69413113443	5.23729494468915e8
1	337021.70197864104	8.29890573744293e8
1	459413.20814453904	1.04490125809259e9
1	560330.5682286023	1.21134757942915e9
1	763277.9384527822	1.60351210326655e9
1	1.4152908713002026e6	2.54157620690137e9
1	2.621403532062325e6	4.1593401880666e9
1	4.853379544505884e6	6.5925469041897e9
1	6.299824617375588e6	8.01327531498971e9
1	8.569630731724968e6	1.0088422327716e10
1	1.1660572587441921e7	1.31575827204578e10
1	1.5855263298764063e7	1.65618799239146e10
1	2.1563158086319126e7	2.08510998657476e10
1	2.7849630903022066e7	2.52558276119228e10
1	3.787460790806517e7	3.30409617607769e10
1	5.149344459416146e7	4.15927706015499e10
1	6.619155183462977e7	5.02045858934526e10
1	9.000226303417718e7	6.59267278794846e10
1	1.2239150616589803e8	8.30094960620018e10
1	1.6133425812777466e8	1.02109192837454e11
1	1.6634118338001594e8	1.08653693529064e11
1	2.2620175639570063e8	1.40858202889247e11
1	2.8895521955712473e8	1.69240235729648e11
1	3.217783962107065e8	1.83457945459511e11
1	3.6606186844164044e8	2.08470135186898e11
1	4.9768837007278347e8	2.71363452079032e11
1	6.471172726007844e8	3.30407027116395e11
1	8.387156122532176e8	4.15970909178822e11
1	8.684233687498492e8	4.26970873079007e11
1	8.778808942263049e8	4.30452878780138e11
1	9.292853268159821e8	4.49217935771889e11
1	1.012289020997582e9	4.78981114398216e11
1	1.0560161682004893e9	4.94413580492294e11
1	1.0938462701063123e9	5.07636239815506e11
1	1.2050000107060688e9	5.67330018261957e11
1	2.3974270757787313e9	2.094256e12
1	3.813274272106961e9	3.145202e12
1	5.861329230284857e9	4.436516e12
1	8.676000077083696e9	5.986292e12
1	1.2402710174829685e10	7.818102e12
1	2.3247710271184303e10	1.2443858e13
1	3.987849065901774e10	1.858702e13
1	6.410088237930501e10	2.655834e13
1	9.804338498927669e10	3.664118e13
1	1.4405480275726196e11	4.893182e13
1	2.405549421187923e11	7.085544e13
1	4.2809210906662964e11	1.03252e14
1	5.614654712857769e11	1.2146884e14
1	5.97615471606959e11	1.2609194e14
1	6.342105319505574e11	1.2999999999999953e14
1	7.00008640569806e11	1.356149565567102e14
1	7.726331749258633e11	1.4134911453658756e14
1	8.527923634058334e11	1.4720464697238316e14
1	9.412679117138318e11	1.531840214351969e14
1	1.0389226259997628e12	1.592900087948044e14
1	1.146708826872656e12	1.6552569279189503e14
1	1.2656776363516624e12	1.7189448055146934e14
1	1.3969892283201677e12	1.7840011416810697e14
1	1.541924142444389e12	1.8504668349700766e14
1	1.7018957718891824e12	1.9183864028947894e14
1	1.8784641466101094e12	1.987808138189727e14
1	2.0733511466349375e12	2.0587842815082403e14
1	2.288457293693947e12	2.1313712122158106e14
1	2.5258802849487256e12	2.205629659048441e14
1	2.787935449559588e12	2.2816249325625056e14
1	3.0771783275821123e12	2.359427181487599e14
1	3.3964295913797856e12	2.4391116752682222e14
1	3.74880255258545e12	2.5207591153519144e14
1	4.1377335228556875e12	2.6044559780122703e14
1	4.567015324494929e12	2.6902948918156528e14
1	5.040834277741699e12	2.7783750531710378e14
1	5.563811025413145e12	2.8688026838125956e14
1	6.1410455930276455e12	2.961691534449857e14
1	6.778167123827597e12	3.057163439385916e14
1	7.481388773712969e12	3.155348927401963e14
1	8.257568301419028e12	3.2563878948654106e14
1	9.114274944805377e12	3.360430347726143e14
1	1.0059863235431002e13	3.467637219853509e14
1	1.1103554471248066e13	3.5781812761411494e14
1	1.225552664192743e13	3.692248109679246e14
1	1.352701368376435e13	3.8100372436703856e14
1	1.4930415032084715e13	3.931763349896956e14
1	1.647941653950211e13	4.057657597127763e14
1	1.818912393920914e13	4.187969144522337e14
1	2.0076210154823047e13	4.3229667969758725e14
1	2.2159077893343445e13	4.4629408416427106e14
1	2.4458039106813594e13	4.6082050870605456e14
1	2.699551307277594e13	4.759099129498154e14
1	2.979624502519538e13	4.915990873994171e14
1	3.288754746790914e13	5.079279341383962e14
1	3.62995665238817e13	5.249397796654812e14
1	4.006557591767747e13	5.4268172387546544e14
1	4.422230145803733e13	5.6120502972989644e14
1	4.8810279184896375e13	5.805655587799716e14
1	5.387425067345884e13	6.008242584137298e14
1	5.946359935029319e13	6.22047707476993e14
1	6.563283207638594e13	6.443087278769645e14
1	7.244211069348656e13	6.676870707949325e14
1	7.995783871736055e13	6.922701873618754e14
1	8.82533088993275e13	7.181540950285832e14
1	9.740941797103516e13	7.454443524614836e14
1	1.0751545554263389e14	7.74257157609973e14
1	1.1866997484757934e14	8.047205857136238e14
1	1.3098175382552903e14	8.369759864259298e14
1	1.445708559157222e14	8.711795620306806e14
1	1.5956980090558616e14	9.075041519879256e14
1	1.761248572526418e14	9.461412524252135e14
1	1.943974684822554e14	9.873033046756972e14
1	2.145658275714062e14	1.0312262895552562e15
1	2.3682661467171088e14	1.0781726727986515e15
1	2.6139691511779838e14	1.1284347513632382e15
1	2.8851633642535125e14	1.1823384592342252e15
1	3.184493449235811e14	1.2402477000084072e15
1	3.514878448087269e14	1.302569284014639e15
1	3.8795402476941094e14	1.3697585598930825e15
1	4.2820349994375625e14	1.44232584468678e15
1	4.7262877984849506e14	1.5208437730439875e15
1	5.216630960989836e14	1.6059557053655158e15
1	5.7578462724765e14	1.6983853573003838e15
1	6.355211619412766e14	1.7989478393681275e15
1	7.014552458717894e14	1.9085623263042708e15
1	7.742298627130685e14	2.0282666121106702e15
1	8.545547044440664e14	2.1592338493466752e15
1	9.432130922055675e14	2.3027918211362275e15
1	1.041069615182494e15	2.4604451536318e15
1	1.1490785620054038e15	2.633900946092579e15
1	1.268293226893313e15	2.825098378000007e15
1	1.3998761812910005e15	3.036242949878069e15
1	1.5451106111684045e15	3.269846129623416e15
1	1.7054128305429642e15	3.528771313256573e15
1	1.8823460932555962e15	3.816287169907749e15
1	2.0776358376912562e15	4.136129637207743e15
1	2.2931865131100465e15	4.492574059898869e15
1	2.5311001516769535e15	4.89051924277642e15
1	2.793696867303857e15	5.33558551682447e15
1	3.0835374812065665e15	5.834229312405919e15
1	3.4034484948189535e15	6.393877207205164e15
1	3.756549653598724e15	7.023082986408197e15
1	4.1462843705244885e15	7.731711939724024e15
1	4.576453305970809e15	8.531157449252534e15
1	5.051251431430923e15	9.434595926348438e15
1	5.575308938527537e15	1.0457287371792364e16
1	6.153736392254586e15	1.1616930316405928e16
1	6.7921745687801e15	1.2934081695460192e16
1	7.496849463823206e15	1.4432654415131776e16
1	8.274633008044078e15	1.6140508057263612e16
1	9.13311008153763e15	1.8090151469145024e16
1	1.008065248094911e16	2.0319580044292656e16
1	1.1126500560536184e16	2.28732754974839e16