1	3.3629524760203463e-7	13.1539389337923
1	2.1443194092501656e-6	41.5964072335506
1	0.0000136728239892592	131.539389337923
1	0.00008718202849576133	415.964072335505
1	0.0005558987739918645	1315.39389337923
1	0.0035445773889131605	4159.64072335506
1	0.02260128903644299	13153.9389337923
1	0.1441126007592863	41596.4072335505
1	0.9189051856342345	131539.389337923
1	5.859215195178354	415964.072335506
1	25.791228299322874	1.04482098850688e6
1	108.53901296803046	2.62454050811663e6
1	435.1574369225701	6.59263838374128e6
1	585.1426644785979	8.29897122615874e6
1	1596.6528304369426	1.65562761945507e7
1	4264.787664853519	3.30403402223709e7
1	11193.2595638994	6.59368003592957e7
1	28973.407459636222	1.31541481699142e8
1	74280.51774213956	2.62448334453775e8
1	97223.36189796518	3.30395122897774e8
1	181250.69413113443	5.23729494468915e8
1	337021.70197864104	8.29890573744293e8
1	459413.20814453904	1.04490125809259e9
1	560330.5682286023	1.21134757942915e9
1	763277.9384527822	1.60351210326655e9
1	1.4152908713002026e6	2.54157620690137e9
1	2.621403532062325e6	4.1593401880666e9
1	4.853379544505884e6	6.5925469041897e9
1	6.299824617375588e6	8.01327531498971e9
1	8.569630731724968e6	1.0088422327716e10
1	1.1660572587441921e7	1.31575827204578e10
1	1.5855263298764063e7	1.65618799239146e10
1	2.1563158086319126e7	2.08510998657476e10
1	2.7849630903022066e7	2.52558276119228e10
1	3.787460790806517e7	3.30409617607769e10
1	5.149344459416146e7	4.15927706015499e10
1	6.619155183462977e7	5.02045858934526e10
1	9.000226303417718e7	6.59267278794846e10
1	1.2239150616589803e8	8.30094960620018e10
1	1.6133425812777466e8	1.02109192837454e11
1	1.6634118338001594e8	1.08653693529064e11
1	2.2620175639570063e8	1.40858202889247e11
1	2.8895521955712473e8	1.69240235729648e11
1	3.217783962107065e8	1.83457945459511e11
1	3.6606186844164044e8	2.08470135186898e11
1	4.9768837007278347e8	2.71363452079032e11
1	6.471172726007844e8	3.30407027116395e11
1	8.387156122532176e8	4.15970909178822e11
1	8.684233687498492e8	4.26970873079007e11
1	8.778808942263049e8	4.30452878780138e11
1	9.292853268159821e8	4.49217935771889e11
1	1.012289020997582e9	4.78981114398216e11
1	1.0560161682004893e9	4.94413580492294e11
1	1.0938462701063123e9	5.07636239815506e11
1	1.2050000107060688e9	5.67330018261957e11
1	2.3974270757787313e9	2.094256e12
1	3.813274272106961e9	3.145202e12
1	5.861329230284857e9	4.436516e12
1	8.676000077083696e9	5.986292e12
1	1.2402710174829685e10	7.818102e12
1	2.3247710271184303e10	1.2443858e13
1	3.987849065901774e10	1.858702e13
1	6.410088237930501e10	2.655834e13
1	9.804338498927669e10	3.664118e13
1	1.4405480275726196e11	4.893182e13
1	2.405549421187923e11	7.085544e13
1	4.2809210906662964e11	1.03252e14
1	5.614654712857769e11	1.2146884e14
1	5.97615471606959e11	1.2609194e14
1	6.342105319505574e11	1.2999999999999919e14
1	7.00008640569806e11	1.399284452145525e14
1	7.726331749258633e11	1.4981343187431072e14
1	8.527923634058334e11	1.5963568954907534e14
1	9.412679117138318e11	1.6938120924321066e14
1	1.0389226259997628e12	1.7904053309142594e14
1	1.146708826872656e12	1.8860810125973984e14
1	1.2656776363516624e12	1.980816655367233e14
1	1.3969892283201677e12	2.0746177279065797e14
1	1.541924142444389e12	2.1675131728685453e14
1	1.7018957718891824e12	2.2595515825674222e14
1	1.8784641466101094e12	2.350797976443003e14
1	2.0733511466349375e12	2.4413311228102628e14
1	2.288457293693947e12	2.5312413459927312e14
1	2.5258802849487256e12	2.6206287619541866e14
1	2.787935449559588e12	2.7096018896101497e14
1	3.0771783275821123e12	2.798276590216586e14
1	3.3964295913797856e12	2.8867752929036225e14
1	3.74880255258545e12	2.975226470185964e14
1	4.1377335228556875e12	3.063764332851005e14
1	4.567015324494929e12	3.152528718898453e14
1	5.040834277741699e12	3.241665156037578e14
1	5.563811025413145e12	3.33132508177551e14
1	6.1410455930276455e12	3.421666209185429e14
1	6.778167123827597e12	3.512853030232338e14
1	7.481388773712969e12	3.605057452010564e14
1	8.257568301419028e12	3.698459564532139e14
1	9.114274944805377e12	3.793248541784315e14
1	1.0059863235431002e13	3.889623680853408e14
1	1.1103554471248066e13	3.9877955868843125e14
1	1.225552664192743e13	4.087987514732165e14
1	1.352701368376435e13	4.190436881351039e14
1	1.4930415032084715e13	4.295396966353732e14
1	1.647941653950211e13	4.4031388218895625e14
1	1.818912393920914e13	4.5139534169628025e14
1	2.0076210154823047e13	4.628154045938791e14
1	2.2159077893343445e13	4.746079035995108e14
1	2.4458039106813594e13	4.8680947941160544e14
1	2.699551307277594e13	4.9945992408277044e14
1	2.979624502519538e13	5.126025685705058e14
1	3.288754746790914e13	5.262847207811545e14
1	3.62995665238817e13	5.4055816158664225e14
1	4.006557591767747e13	5.554797073036223e14
1	4.422230145803733e13	5.711118486566914e14
1	4.8810279184896375e13	5.875234777874372e14
1	5.387425067345884e13	6.04790716784801e14
1	5.946359935029319e13	6.229978634214852e14
1	6.563283207638594e13	6.422384723758391e14
1	7.244211069348656e13	6.626165932641106e14
1	7.995783871736055e13	6.842481903877134e14
1	8.82533088993275e13	7.072627733122016e14
1	9.740941797103516e13	7.318052720741659e14
1	1.0751545554263389e14	7.580381989253601e14
1	1.1866997484757934e14	7.861441375205054e14
1	1.3098175382552903e14	8.163286244477925e14
1	1.445708559157222e14	8.488234778845912e14
1	1.5956980090558616e14	8.838906554349151e14
1	1.761248572526418e14	9.218267288708224e14
1	1.943974684822554e14	9.629680818805972e14
1	2.145658275714062e14	1.0076969558036819e15
1	2.3682661467171088e14	1.0564484911286728e15
1	2.6139691511779838e14	1.1097189396839714e15
1	2.8851633642535125e14	1.168075254828153e15
1	3.184493449235811e14	1.232166305596292e15
1	3.514878448087269e14	1.3027360069404482e15
1	3.8795402476941094e14	1.3806387134357108e15
1	4.2820349994375625e14	1.4668572899704948e15
1	4.7262877984849506e14	1.5625243522019348e15
1	5.216630960989836e14	1.6689472646315942e15
1	5.7578462724765e14	1.787637598471748e15
1	6.355211619412766e14	1.9203458881768998e15
1	7.014552458717894e14	2.069102691518265e15
1	7.742298627130685e14	2.2362671554097975e15
1	8.545547044440664e14	2.424584529854312e15
1	9.432130922055675e14	2.637254360036622e15
1	1.041069615182494e15	2.878011434127493e15
1	1.1490785620054038e15	3.15122198328159e15
1	1.268293226893313e15	3.4619981355199035e15
1	1.3998761812910005e15	3.816334235052805e15
1	1.5451106111684045e15	4.2212693733423665e15
1	1.7054128305429642e15	4.685081365201445e15
1	1.8823460932555962e15	5.217518471856423e15
1	2.0776358376912562e15	5.830076459835546e15
1	2.2931865131100465e15	6.53633013364618e15
1	2.5311001516769535e15	7.352330341452984e15
1	2.793696867303857e15	8.297079686971232e15
1	3.0835374812065665e15	9.393102855052186e15
1	3.4034484948189535e15	1.0667130654286274e16
1	3.756549653598724e15	1.215092068679133e16
1	4.1462843705244885e15	1.3882242073213206e16
1	4.576453305970809e15	1.5906057005141156e16
1	5.051251431430923e15	1.827593817451661e16
1	5.575308938527537e15	2.105576952951967e16
1	6.153736392254586e15	2.4321777999161492e16
1	6.7921745687801e15	2.816498282194762e16
1	7.496849463823206e15	3.2694101988093828e16
1	8.274633008044078e15	3.803904083194562e16
1	9.13311008153763e15	4.4355043465432856e16
1	1.008065248094911e16	5.182763211969037e16
1	1.1126500560536184e16	6.067846730699382e16