0.819953118079924	725.6771119036105	396.1044058024272	602.0873471156667
0.9343287810898213	167.38801844320136	41.331014968010415	120.11664214000476
0.9753510576998589	110.75653991570198	11.045276740024427	73.3648162248229
0.5810095029806933	2530.105692830058	2312.16309781111	2448.3772196979526
0.7921231877582917	2417.3363977148456	1314.773511705989	2003.8753154615242
0.6493386995466733	1867.7102394817562	1579.102019324076	1759.4821569226262
0.5361005242761581	1406.2288491694076	1367.5444431641145	1391.7221969174227
0.6219762457259288	2021.3249545988942	1775.430956008664	1929.114705127558
0.565283705098967	1040.2668230999468	1007.5088821587049	1027.9825952469812
0.7621554146600859	743.6953330275187	514.3216691182208	657.680209061532
0.876451758941703	1208.9258973633396	431.7743850051278	917.49408022901
0.8374805155479446	246.56477473626265	138.8131861874506	206.15792903045815
0.7264939905907484	466.5567895250595	373.03864604698566	431.4874857207818
0.5076912183018362	2269.5401056836768	2204.475478387398	2245.1408704475725
0.5606230036296527	2176.915972510409	2041.53657571859	2126.1486987134767
0.6415816129399174	2470.4600064686697	2078.7731982508517	2323.577453386988
0.7865161323209334	1170.4512080972827	705.8799526652169	996.2369873102581
0.8871560541821462	1277.6332914911843	413.8970222061817	953.7321905093083
0.8964470461567017	306.8850700183775	109.59336373216215	232.90068016104675
0.6958067401466163	1121.0313479731897	897.3871824866062	1037.1647859157208
0.9284654731067434	552.6144141315219	126.59562010288354	392.85736637078253
0.844884094257552	1271.43795244666	564.2277927275659	1006.2341425519996
0.6338702766348829	1050.9935958008052	941.6570494508474	1009.992390919571
0.8725740303620527	1054.719136649952	395.3779108183154	807.4661769630883
0.7043773847681715	2114.099997922711	1575.2652866819762	1912.0369812074355
0.632888222947651	2349.0161726806527	2011.6876563407504	2222.5179790531893
0.6718426926557531	1595.1673052211272	1307.894511545344	1487.4400075927085
0.8673576865157994	156.01999602431854	78.07905293698556	126.79214236656867
0.8611993367247428	164.06492378618907	84.93753909639952	134.392154527518
0.5585613394334635	2060.389104156791	1939.673298368557	2015.120676986203
0.6673032820640887	508.80818925749276	456.30887463205505	489.12094627295363
0.7837264511116371	809.2783968551231	513.1709957461507	698.2381214392584
0.8563173346273263	495.5743611495984	229.19723757317067	395.68293980843805
0.9006583164388264	93.08293055629991	40.12613398044792	73.22413184035541
0.58403339497276	905.7466426587062	867.579766342503	891.43406404013
0.7715909475884724	2515.007365067867	1484.9601961394492	2128.73967671971
0.8050356598730766	935.6822688270698	533.4447048071276	784.8431823195915
0.9051782494994798	896.6185151987595	255.71901888501753	656.2812040811062
0.7770996136211721	835.1774170101594	541.5280392659001	725.0589003560622
0.8332187654932237	880.6771191088296	437.8987609913959	714.6352348147919
0.6178037096054594	834.8549427638213	773.7563198882963	811.9429591854995
0.8449127141643072	262.85623968983344	140.65710473705397	217.03156408254117
0.7540193503445926	1240.327815754663	839.0160258235811	1089.8358945305074
0.6909572153164627	543.5053521462512	464.03724553670907	513.7048121676729
0.9678938068574434	1471.0143547329965	130.8577531562521	968.4556291417173
0.6418670594107831	2278.9575496896236	1926.6903557048984	2146.8573519453516
0.7936895095745734	805.26199211467	490.574722871751	687.2542661485753
0.5636662389880358	2332.584676648072	2175.8702990002134	2273.816785030125
0.8312592066342491	2022.6220981822044	920.5876867613465	1609.3591938993827
0.5735772248749358	2139.397767285146	1984.1837485719288	2081.1925102676896
0.9815931346545014	228.08336552966605	14.914151649245184	148.14491032450823
0.591387854100128	1492.4338404433881	1381.214270371692	1450.7265016665021
0.7255356114480941	306.56194757097927	257.3815623967833	288.1193031306558
0.6010092854547023	2593.1055690779854	2311.885684022433	2487.648112182153
0.7215704212879452	488.67777801056104	393.8479077009681	453.1165766444637
0.6316470090438102	869.2250231312411	789.8093162539941	839.4441330522734
0.6210687837518154	858.1687769904996	790.864327602127	832.9296084698599
0.9660173949397005	121.2263610192021	16.37034649724785	81.90535557346925
0.7549531126461236	2196.584040835447	1399.2404231466983	1897.5801842021665
0.9009668073576784	90.97190865246021	39.43757285495796	71.64653272839686
0.8112095743330945	375.0802100719583	229.4202522095435	320.4577258735527
0.9893543138396	143.45294473632023	5.810764169498128	91.83712702376195
0.542812271435933	2144.5113249643796	2040.9100804061413	2105.6608582550402
0.8425824949781391	705.371143948588	341.0564852344767	568.7531469307962
0.9652745520023415	936.0067002673769	95.99544363189273	621.0024790290704
0.8166572304378868	1098.7079317200123	581.4303248621895	904.7288291483287
0.9738182451529712	582.357523326519	47.95634044548888	381.95707974613265
0.8375636110519012	697.2000754839291	347.6653619560098	566.1245579109593
0.7451068833235565	494.20135590206917	374.01060581940874	449.1298246210715
0.8624661680839667	90.22474398213497	57.25026374495006	77.85931389319063
0.7685156037984651	2127.6672636933054	1293.476123187111	1814.8455860034826
0.8663750306398832	1191.5191979092551	460.7506690231108	917.4809995769509
0.8412062650775524	146.07990628509398	87.95216905294912	124.28200482303967
0.5821524262026974	1062.8282642913978	1008.8139577339933	1042.5728993323712
0.9071931199169785	1579.3740941583328	408.5564228691891	1140.317467424904
0.5835765180207075	1043.7791645618602	990.3871123732304	1023.757144991124
0.886438560152367	208.72248610936126	85.77880391092648	162.61860528494822
0.8641217386274129	879.5232983660962	359.37041736127776	684.4659679892893
0.792382488127823	262.5272888915008	181.3019872369089	232.06780077102886
0.9394028706890835	231.20048178908155	50.204472848117504	163.32697843622003
0.958954115474572	400.54430121553423	54.62511703722046	270.82460714866653
0.8178691880803702	860.9338323450718	465.73741806458617	712.7351769898896
0.9088026443570731	121.94452098360765	44.50826596527452	92.90592535173272
0.8494688927614067	343.0069322839286	172.95639698002032	279.237981544963
0.6752621407361005	895.9279097718589	759.4458218746653	844.7471268104114
0.9665161791461712	391.5936652131081	43.59924513613177	261.095757684242
0.6846713593156256	487.56588930324943	425.34636682453214	464.23356837373046
0.7150993015528507	746.2080037689125	589.8230071340013	687.5636300308208
0.9401719352839834	771.2359655629765	140.99557837364728	534.895820366978
0.7830668336618662	739.6791596073739	474.6001790307829	640.2745418911522
0.8372345312056466	3280.1936914146904	1363.4624280343428	2561.41946764706
0.9407896527643407	133.24122729915973	30.899975651592257	94.86325793132193
0.6944799751587417	546.9496817890214	463.4853766165801	515.6505673493559
0.648103664083833	1042.431613622399	915.5527883895653	994.8520541600864
0.7110851179906055	882.4086752630267	694.892034138684	812.0899348413982
0.7690949893027336	424.1515560898572	302.29970439135843	378.45711170292014
0.984256312936641	315.11630697019086	16.86862800500657	203.27342735824675
0.8728270718632687	455.6406012755841	189.38586792753935	355.79507627006734
0.6685320683587643	917.2177136265234	785.6235431421953	867.8698996949004
0.5024796257294739	2001.5188222695085	1957.9764625279029	1985.1904373664065
0.8638497739244512	2208.128133943204	805.1151294177195	1681.9982572461472
0.9971920898733524	1392.4877770795365	10.787691549093438	874.3502450056204
0.8007313219524683	2336.2963297738124	1225.9281252494802	1919.908253077188
0.960768422428773	70.67769164301154	13.186546934741635	49.11851237741033
0.6882069943464771	2526.9065217675525	1930.7348087256605	2303.342129376843
0.6671781776331676	417.09545257583386	384.2365367464781	404.77335913982546
0.8685358884806387	2042.798310742805	726.0760688710724	1549.0274700409052
0.9321461914826553	4039.8588934829836	676.6365386570546	2778.65051042326
0.9793182427702849	524.442286878704	34.5152382149945	340.71964362981294
0.8082305959376872	637.7098575992482	373.6230355452833	538.6772993290114
0.818285966437061	149.47918675549727	101.70824065859534	131.56508196915905
0.5283185350651165	2057.829668913489	1980.6240165556019	2028.8775492792813
0.9750597674640298	71.02287876610501	8.340550446511251	47.51700564625735
0.5048149716462008	2519.1028588820955	2443.3753570642657	2490.7050457004093
0.8870298450246745	74.45309576398088	41.811928941489555	62.21265820554663
0.6516160972738106	528.8794128668835	485.3241006444464	512.5461707834696
0.8508563878057873	522.6142112840582	248.81894647398315	419.94098698028006
0.6631409105159617	1241.1726058050685	1052.1303367270211	1170.2817549008007
0.8411727972161792	1646.4712579334696	724.2416847164641	1300.6351679770926
0.7987554517370843	1367.7727134477427	768.9886112387572	1143.228675119373
0.9445529875738022	1650.6163747490862	251.63899906079018	1125.999858865975
0.6642882692963634	590.6701604942183	525.5146533477165	566.2368453142801
0.6099519294019498	1150.934634720651	1057.1778056604144	1115.7758238230622
0.7792592580006791	1055.44181341857	662.5290570758095	908.0995297900348
0.8244458366330375	188.25900863134447	118.21437646632305	161.99227156946145
0.8015003609095317	283.8550306349348	186.9940434004516	247.53216042200359
0.7860603952777357	157.77338679777128	124.09435363090218	145.1437493601954
0.6593906904140296	492.54194298203726	449.5331359384044	476.41364034067493
0.5419673935119893	1522.3096531523279	1467.99948704817	1501.9433408632688
0.9415046814663569	65.45901875624335	19.24190344866181	48.127600515900276
0.8967032015864853	585.3724007047815	192.32577381561524	437.97991562134416
0.657984953913176	1736.1634782564936	1452.6536107936147	1629.847277957914
0.8718826270166079	335.21359226351694	145.59973118890446	264.10839436053726
0.9874186587995368	1249.6917313629463	44.16959660733505	797.620930829592
0.48892066794574823	2496.520292820865	2441.7337248610797	2475.9753298359456
0.7133047366548342	770.347659038241	609.9690841914427	710.2056934706916
0.8255481312894006	875.0123177155522	454.08354335174863	717.1640273291258
0.7718009710892534	275.87948722361426	204.32279407427927	249.04572729261363
0.8093058135448666	2955.9414799616993	1449.804545926599	2391.140129698537
0.8978476933163638	1576.6932445977573	449.5236467419538	1154.0046454018309
0.6773680813049482	440.4881967128893	393.796309685071	422.9787390774574
0.7857383628601602	215.16444851009237	157.07212335980864	193.37982657873596
0.7827205614128262	648.4780621492112	422.2022034341359	563.624615131058
0.9026235315467933	1411.8316419204216	389.2287863403707	1028.3555710779026
0.7224931636112637	1718.22160656947	1241.7359363051748	1539.5394802203593
0.6639728511452618	548.5288158987626	491.3124168075348	527.0726662395522
0.9665038915548652	2830.918548492434	241.33962511423897	1859.8264522256109
0.7559126710176207	433.3544425716832	321.56375265405916	391.4329338525742
0.9525555043833887	67.50380001206699	15.672700254137073	48.06713760284327
0.8788292154529901	309.15149488867155	128.52852453362888	241.41788100553057
0.8282442766963382	207.43889024884677	125.7451375724107	176.80373299518325
0.8741389123179462	2295.041108738587	769.8510325673665	1723.0948301743792
0.9237494706163788	869.2980797156894	199.83248116215225	618.248480258113
0.8583495055133185	456.3701305551354	210.26302107875	364.07996450149085
0.7238677868206006	724.671658769007	561.8887248666091	663.6280585556077
0.895646868334652	135.02746965067703	55.06877718939291	105.04295997769549
0.8632223263379084	3083.024321379421	1085.3402570383598	2333.892797251523
0.6396008117317225	1609.9713554948603	1395.9028158280098	1529.6956531197914
0.7274506101659031	628.1751627606728	488.37924117793943	575.7516921671478
0.5536065613979275	1347.2601725670336	1294.9544646940083	1327.645532114649
0.8994832091734098	215.17456217547473	78.15811338430106	163.7933938787846
0.8740937268770503	100.48867112320694	53.74604886727364	82.96018777723195
0.7933238088266849	276.6300456003758	189.06437894142124	243.79292060326785
0.8887361797584338	339.81090837001943	128.55784655355063	260.59101018884365
0.9869419705026883	219.86354308839918	10.225243892077842	141.24918088977867
0.7419554287812905	317.1628824094598	253.40440200950368	293.25345225947626
0.8413044998289285	452.20905965566067	231.96332248619956	369.6169082171128
0.7344861899910615	1615.5336113935737	1133.7292826416128	1434.8569881115884
0.9069320198464534	292.2381162466851	94.51789551117966	218.09303347087052
0.8109626604655572	1275.5449323563805	682.5007021731112	1053.1533460376545
0.5416638555777582	1422.7744924803035	1376.5362214930785	1405.4351408600942
0.9700536911539431	142.6405909212156	16.39666161988314	95.29911743321591
0.8351512656184502	208.2721249148669	121.59881049617033	175.7696320078557
0.6131518014552362	718.7657152873394	677.9048208183133	703.4428798614546
0.9877342412764923	63.29313690142668	3.8536644849949653	41.00333474526479
0.9523049064179667	260.8493880850941	43.78521431262516	179.45032292041827
0.8633622369728927	523.5794933881241	229.32651574940064	413.2346267736028
0.8958060796706131	67.93636364096793	38.86850669076702	57.035917284642586
0.8214516162226992	333.9119640336387	197.06798890762104	282.59547336138206
0.9557445869024953	1688.1869099300266	204.04891465732464	1131.6351617027633
0.9701450980995315	82.88300913676507	10.95082805010162	55.90844122926627
0.6123506258396221	1788.3863209973806	1601.8126621746842	1718.4211989388696
0.8550778075481676	1320.1811184973026	545.786287901103	1029.783057023728
0.7216696659970926	310.7480518156847	263.0638473382154	292.8664751366337
0.7341322262951043	450.50458887790654	354.3512909744671	414.44710216411676
0.7970723371537239	343.7860626119246	225.67106280554668	299.4929376845329
0.988454373948367	2254.800101925111	67.61950752628582	1434.6073790255516
0.9616386821235009	1006.4726614262385	113.02402536163856	671.4294229020135
0.9679698728560787	43.58256981459138	9.607598261068777	30.841955482020406
0.808182305821612	2687.5643348354147	1339.5564791252714	2182.061388944111
0.8116114641625535	351.2666838695827	215.99522246287134	300.5398858420659
0.8117248610900487	1596.4045378901917	829.216192982137	1308.7089085496712
0.8854733579519974	1471.6060653284292	475.015750817694	1097.8846973869036
0.8222785768938002	391.7376063653587	226.20879656046108	329.6643026885221
0.8636357901533553	373.8826460563269	170.10326285624768	297.4653773562972
0.8287066740292924	748.1040904472529	388.74303853687024	613.3436959808594
0.6654656455807767	630.777878124995	557.2714435980528	603.2129651773917
0.9584040284129278	1087.1285713740522	131.0881880792386	728.613427638497
0.7708203071522346	671.7735844514443	455.35743681950754	590.617529089468
0.9988066559647442	2314.180394362164	7.115588033253061	1449.0310919888225
0.6330267651364904	1070.3378791956538	959.0894320392435	1028.619711512
0.7432185863645907	319.7145472645376	254.28026023716544	295.176689629273
0.6664102766574085	878.0853894952544	757.0227998216011	832.6869183676343
0.6479734742445152	2492.021807707284	2072.254155387526	2334.608938087375
0.8987261423035279	223.39172565733077	81.323529818518	170.11615221777598
0.7904308595856532	167.96548170235027	127.16544622537859	152.6654683984859
0.7746825149342679	1120.5941195401206	711.5066850609187	967.1863316104199
0.9746130352539617	253.40582594893885	22.592427508224503	166.85080153367096
0.7092658968244635	1728.255939340545	1293.689422733893	1565.2934956130505
0.93380237910447	841.8026641421984	168.45744417920707	589.2982066560767
0.8910979760796637	290.68677325854253	109.80056969463381	222.85444692207676
0.5775475089202298	1102.0467625964127	1048.4831656893896	1081.960413756279
0.6617717200609605	1159.854009985682	989.8604915529002	1096.106440573389
0.8767031640901544	1339.406171230456	471.17363659300133	1013.8189707414105
0.6705746233125397	2664.3809981264867	2109.440448730945	2456.2782921031585
0.7349720138964217	294.4413253327654	242.30062990155992	274.8885645460634
0.892789912694464	2558.730898596075	720.2510499274399	1869.3009553453367
0.8834140570837693	273.768230077531	111.32598234404828	212.85238717747495
0.7846835676511392	170.27800853937276	131.7810635936309	155.84165418471957
0.9069189570434133	646.5347550814644	189.0148553325677	474.9647926756281
0.7544567063115044	2443.2721919597875	1542.7305944903685	2105.5690929087555
0.7213289798900674	1268.7893946083434	944.8200728833506	1147.3008989614711
0.6481655472428783	1956.1768575038245	1652.2929154410335	1842.220379230278
0.9798688323156773	71.97055976724282	6.764536613376791	47.518301084543054
0.9296650182732591	855.4546535201106	181.62138300379786	602.7671770764933
0.7288538916967219	512.6362355589388	404.0580595419154	471.919419552555
0.989633506550996	249.4695835076668	9.053108181665678	159.31340526041637
0.7540053437379641	454.21178704330134	337.48526138682985	410.43933992212453
0.9796337676175833	4035.7986210969066	198.96762512133682	2596.986997606068
0.8806114264556641	204.1914488433465	88.35447717652897	160.75258446828994
0.873912941503529	452.83284333621936	186.80671487947671	353.0730451649409
0.888530801878969	303.9455984327171	116.79288063707207	233.7633292593502
0.6999045016148084	1459.4573834660937	1133.7838308769756	1337.3298012451744
0.7163522483624883	980.4119231320731	755.8012654872434	896.1829265152619
0.678412019287174	735.3152447044002	628.2592766141657	695.1692566705623
0.8540601973534578	639.6557977482012	291.2677112704351	509.01026531903887
0.5632068427037713	1659.7856409454841	1569.4701284845848	1625.917323772647
0.907371796566508	1138.4867250246825	307.14360775280636	826.7330560477291
0.6689678202800332	2044.2124084497582	1655.8671463508517	1898.5829351626683
0.9482273775766915	3081.249815626206	404.2786975707718	2077.385646355418
0.8655092139123607	3290.855433303428	1130.5700299433	2480.74840704338
0.9967586009397318	2414.730831913026	20.00688975006301	1516.7093536019152
0.6671070021125582	694.8232990384603	607.8890578782504	662.2229586033816
0.9349642586161969	86.25225279146828	24.78431530694705	63.20177623477282
0.8080808497079348	477.3230773776322	288.6217651335659	406.5600852861073
0.8203589655601982	562.2390210488979	315.09526428746574	469.56011226336085
0.5482554536880756	1607.8526815471348	1540.0493702845058	1582.426439823649
0.8637065826420897	893.2222804762763	365.33892126294074	695.2660207712754
0.5775856549175598	1925.0009576473028	1786.2862117162156	1872.982927923145
0.6542568930209737	1566.6081720129994	1328.4161555519574	1477.2861658401087
0.9054854247488601	202.93023461070624	69.9535613728264	153.0639821465013
0.9905462695001317	226.47919125881634	7.584794996127968	144.3937926603082
0.6824659899547444	820.7475099792232	690.6383650439498	771.9565806284957
0.6250431017867024	801.8145943818782	738.4686239938118	778.0598554863533
0.6038700877339249	2574.837963028098	2287.948608103384	2467.25445493133
0.6556002992443679	1718.9956569055144	1445.4004762949326	1616.3974641765462
0.5591976995949081	1749.740288638053	1656.5458379540844	1714.7923696315647
0.722691993762314	721.8139793287245	561.5209337060097	661.7040872202065
0.8397360653630722	2118.4921349612673	912.0226723319037	1666.066086475256
0.7770635825364005	1140.7829310196246	716.4251069434968	981.6487469910767
0.5661756562118516	1371.384387638351	1303.83475190708	1346.0532742391244
0.7146009190268624	702.7011900511208	558.7527123176634	648.7205109010742
0.7584294681872539	944.5148944825322	646.4670640237404	832.7469580604853
0.8532292719312518	662.9843876382604	302.2125564310552	527.6949509355584
0.7266537432464707	2202.4597484775004	1537.5464615880976	1953.1172658939745
0.6774785626168892	862.2670172642768	729.861116314484	812.6148044081045
0.6909327876013478	354.28885710088457	321.1285530948152	341.85374309860856
0.8229307439191126	133.6028256685139	91.82570597612181	117.93640578386686
0.9491431624766384	72.10310030531275	17.37896211402884	51.58154848358128
0.6384094541546533	986.7178415007846	881.7893902644397	947.3696722871553
0.7361105102583999	1680.036440871415	1168.9168257303077	1488.3665851934998
0.6338810893433521	650.2443483922741	601.1143819871095	631.8206109903374
0.9881435626244719	43.99867001281224	3.7143047862466823	28.89203305285016
0.691574278455657	613.3566412629449	518.0383355019507	577.612276602572
0.8950855310031556	1247.4952210962224	376.8308801681475	920.9960932481943
0.9580568783203777	2971.394146521141	316.142201333181	1975.674667075656
0.588160165015798	1537.4937456920889	1425.6847756569823	1495.565381928924
0.5479883540805618	1621.5738419294946	1552.9806755797229	1595.8514045483303
0.5188530721918367	1855.6222499956757	1802.822442199978	1835.8223220722891
0.7032585268530844	359.9491732688879	312.3461746219749	342.0980487762955
0.7743109484394244	918.8384601749908	596.2281734405315	797.8596026495686
0.7916994871886346	2214.555593729352	1218.1798556769543	1840.914691959703
0.5610953999866902	1276.8102331690816	1223.0227683846424	1256.639933874917
0.709182983969453	1259.0217906910077	967.9795994758222	1149.880968985313
0.9953009948423717	4379.6496814586535	49.10298050475012	2755.6946686009396
0.9132166847020343	2097.783554643767	488.59830338103654	1494.339085420243
0.6480891919237362	1281.811913241102	1111.8847519839233	1218.08922776966
0.9560369770949828	214.611387701348	34.06930727119682	146.9081075400413
0.904233883653236	245.9412767996639	83.65616299891468	185.08435912438296
0.9338186817600015	56.950700781391845	23.24969273539335	44.31282276414241
0.8554763443009266	585.9278124307326	267.1077956862391	466.37030615154754
0.79510403744644	360.17891039532594	237.1404844188162	314.03950065413477
0.7165407589920596	837.8264268942777	653.8693387476077	768.8425188392764
0.9715673014341265	204.61368975284253	21.060726951915342	135.78132870249485
0.7114868548100811	1597.5741583286767	1196.9677342450977	1447.3467492973346
0.6052127841406102	2715.2255770572788	2401.7316508193767	2597.6653547180654
0.8980971907820149	395.34502904998504	134.66138166696015	297.5886612813507
0.9961595538091141	108.30634813654437	1.6778510740050905	68.32066173809214
0.8297693037661921	318.19197914918203	181.01967833726133	266.7523663447118
0.9806307963218758	52.522767566830495	5.78050487399836	34.99441905701845
0.8395646526930042	668.8494348431939	331.2936761885808	542.2660253477139
0.6908509653185461	374.19631623072314	332.49312243471263	358.5576185572192
0.8661605016185973	135.20614465012267	70.34141142292384	110.8818696899231
0.6127119462472513	728.4602679397163	686.4584372755222	712.7095814406435
0.9676649747907722	44.96858717746925	12.015023609987828	32.61100083966372
0.6025323747552713	1183.698309424495	1094.7090321793269	1150.3273304575569
0.7507317440583307	2566.4581858836827	1633.846551043809	2216.7288228187304
0.9892526597525035	73.03129807022522	3.6237609814693457	47.00347166194177
0.8793769571943211	631.7989876459461	239.56831187686964	484.71248423254247
0.8538192181293378	2091.364492822718	823.7323175016815	1616.0024270773292
0.8741733721000834	162.8770813845722	76.87056238574935	130.62463676001363
0.7877703471070624	163.68515193397624	127.34088119488713	150.05605040681783
0.7295542128210442	1081.3710498405399	798.4220316676732	975.2651680257147
0.9396150559417332	4316.246880846288	637.2677020548592	2936.629688799502
0.9364071214398634	62.70074258545893	20.844179596730463	47.004531464685755
0.580366999634776	2117.576971756984	1951.6341110505323	2055.3483989920646
0.9172151431729646	1033.9533331190528	252.2418801295608	740.8115382479932
0.9576253618944851	83.73376495946498	15.72219279460657	58.22942539764308
0.940288262603934	1137.4489065782122	196.6591183016613	784.6527359745056
0.9116857483717482	1364.5554194726776	342.3430764698249	981.2257908466078
0.7231398570903533	2848.2525703896913	1962.7882727159745	2516.2034587620474
0.5879635203971836	1516.7111793067988	1407.54121505882	1475.7724427138069
0.554795203573912	1185.049168673458	1146.3334193452802	1170.5307626753913
0.8706810482708268	1031.3098311509375	393.38478916770384	792.0879404072248
0.8035181668044888	764.8615037272098	448.9188030000789	646.3829909545357
0.5422732953436027	1992.4765334506149	1901.783382959363	1958.4666020163954
0.9177089959975067	997.1913896112986	242.99037424483265	714.3660088488739
0.5528477540546354	1957.8945654736551	1855.2049424044997	1919.385956822722
0.868115705337349	357.16906756523866	158.27719612860284	282.58461577650024
0.7506365277217633	624.3443869005409	455.21087129904316	560.9193185499793
0.7419649041853414	296.6932125684432	239.09282825023692	275.09306844911583
0.9977581938813848	50.93146595043203	0.6597414958234076	32.079569279953795
0.6614944269323226	2405.2352783335423	1954.4902333271934	2236.2058864561614
0.7308163653306037	1209.2480643345928	880.8645089386748	1086.1042310611235
0.677405446947274	734.6507724661318	628.8780086822143	694.9859860471627
0.9046581317198853	236.30418219076705	80.45516408616972	177.86080040154303
0.9585267875164125	1180.1188977039078	140.27396958474617	790.1770496592221
0.6273002499132574	2025.5877145688532	1765.2617783302626	1927.9654884793817
0.8191835142156997	418.2370856301677	243.46974248696472	352.6993319514666
0.6134471905213871	1180.7035737356036	1078.726641483192	1142.4622241409493
0.9423272871937604	187.59668485063543	39.92404219625833	132.21944385524404
0.6721414201773768	442.99937476285135	399.8818375792985	426.83029831901905
0.8290069312892974	201.19729671662304	122.05276520838942	171.51809740103545
0.588922261463871	2399.0702323942373	2178.5646809573814	2316.3806506054166
0.6073109149962227	2073.081484955544	1854.6431877390708	1991.1671234993664
0.5654004648305793	2607.8249701954855	2418.070336042325	2536.66698238805
0.8047105508422099	383.0511293490754	240.63593516356457	329.6454315295088
0.7249678313802667	529.4889315406741	420.2650481657962	488.5299752750949
0.5931771510595423	1686.0906790959043	1548.889484732787	1634.6402312097352
0.8280782456346613	1966.6691239055222	914.4225960135512	1572.0766759460332
0.9624759181330736	1028.3173075891414	112.58535101409086	684.9178238734975
0.48356815532690445	2550.6722971438007	2499.5702133800355	2531.509015732389
0.6653425995861798	493.9619114461875	445.8767208037508	475.92996495527376
0.6536529505309551	1586.473844217878	1345.570071372298	1496.1349294007855
0.9198766286086636	4071.9699582057974	807.4461026626905	2847.773512377132
0.6861646042889986	1392.9648692888832	1120.107456289962	1290.6433394142878
0.9240798060659533	81.91689668162105	28.16176797982379	61.75872341844708
0.5788027715906762	1024.0993257770276	977.3458494282617	1006.5667721462403
0.8451103212224648	304.1542223589319	159.69543295677073	249.9821763331215
0.687799594122153	1415.5366213624281	1132.8991309797468	1309.5475624689227
0.6917930655989792	1135.5416922147251	916.0727730629466	1053.2408475328082
0.9591973848589469	1251.0822167893307	145.09755442747667	836.3379684036355
0.9431118198836593	675.8714182956925	119.55141235992608	467.2514160697801
0.8642823514553625	212.53814591180063	103.34722632106454	171.5915510652746
0.7304578076833927	750.4236398958026	570.2932256964959	682.8747345710626
0.7244725358024918	594.4753561242075	467.8213191122255	546.9800922447142
0.8424518204564693	450.3223915091828	229.56219965302037	367.53731956312186
0.6430691073094913	510.40009883108667	480.15698388939904	499.0589307279538
0.8553724752588238	794.5817277418715	349.32440110719847	627.6102302538691
0.8176498586295747	942.2995449294809	505.0980852250394	778.3489975403154
0.6991523480164056	1791.9497467370345	1371.5389000625767	1634.2956792341129
0.8552786097257906	221.5782190745042	113.76402251384116	181.14789536425556
0.7775507763868402	176.72688830590204	141.04419334463586	163.34587769542722
0.6204594151914258	840.7730315505931	776.3948540080559	816.6312149721416
0.6104701315513511	1779.048390437571	1597.6725439626034	1711.0324480094582
0.9924542328924972	82.18887158297962	2.7256138544824324	52.39014993479317
0.9262389008148592	129.89177304427443	37.78449958125699	95.3515454956429
0.9550407614285107	1857.4453058677896	225.2313627497674	1245.3650771985313
0.8104079016776569	515.8004621425333	306.05169185083844	437.14467328314777
0.5451415687839869	2091.7927649620456	1989.0397042045138	2053.260367177971
0.8347694945217727	260.74270270583366	147.93263493120446	218.43892729034772
0.9095447795746073	3719.835934567639	842.8612530152502	2640.9704289854935
0.7234156123638913	1658.9287306437698	1199.5320272445686	1486.6549668690693
0.735483925718911	701.9539127156321	529.2307642714985	637.182732049082
0.6307020708057537	722.1869267997889	665.0428152949265	700.7578849854655
0.6818203204839235	1998.2609132371083	1578.1244544556455	1840.7097411940597
0.6904732523864989	1886.4284266204338	1467.6639894796374	1729.3917626926352
0.9173156311463581	729.8334473365933	186.43666842808256	526.0596552459018
0.6626637475851295	570.7731713683709	510.59931049531065	548.2079735409733
0.5844419504427486	1298.0770887793442	1217.2761389589832	1267.7767325967088
0.7733856334279909	188.86955416684273	149.11817918848564	173.96278854995882
0.8492015585171391	1703.5121723766044	709.369122465813	1330.7085286600577
0.6441094120476023	901.3357718813428	803.336545506368	864.5860619907272
0.7235229137589225	767.0030868680967	592.4645079953516	701.5511197908173
0.8235945053086361	765.07544690539	407.4436937385633	630.96353946783
0.5797662882912711	1771.3966437121333	1646.0302842881094	1724.3842589281244
0.9843998800056679	37.5303183339966	5.335455541041306	25.457244786638363
0.9094517452953972	214.79762194072774	70.40034291290871	160.6486423052956
0.8235435382346201	599.2588145245038	328.15549110850935	497.59506824350586
0.9958619066090973	1233.2055946353676	14.303089704176159	776.1171552861707
0.6581346555367804	503.51840462811987	459.3861987721023	486.9688274321133
0.7913791618321508	2623.4634868173307	1419.0429844496057	2171.8057984294337
0.9874486494265807	50.170566447087836	3.7074524432974236	32.74689869566643
0.7966002432446612	1783.9222666443493	983.1379636377233	1483.6281530168646
0.6561123902906997	694.6867927565191	618.604526652743	666.1559429676031
0.6795422037180838	524.2976484554393	458.79955728728373	499.735864267381
0.6611533695341568	2416.5565267188013	1964.3515384542354	2246.979656119589
0.9197719520444925	527.8591466534901	136.53129072628238	381.1112006807872
0.9370446077248865	488.0592318690809	99.91464086897585	342.50501024404156
0.8189527448298652	871.0289055014083	468.00864211690634	719.8963067322201
0.6666634986285681	913.846242073325	785.4525448722799	865.6986056229331
0.9051212076108147	236.03014264532527	79.98880626812269	177.51464150387432
0.7170970167061175	771.2993562171844	605.1252301605839	708.9840589459592
0.7202853277539059	1805.1773000143646	1306.8488316391638	1618.3041243736643
0.7465173267831163	375.0595640696073	290.2963922690352	343.2733746443928
0.962087841204802	823.886958940064	94.0162676286514	550.1854496982843
0.6814040196667697	742.7470987787719	630.6739252434902	700.7196587030413
0.8418726237966365	628.0985417086592	309.19472553858577	508.5096106448817
0.9601183321857639	138.21453625547315	21.346965103823337	94.38919707360448
0.8245147412374673	433.61946283739564	244.8468941905086	362.829749594813
0.5369532731480114	1902.8703538458008	1825.8939638737975	1874.0042076062996
0.7737560993220362	948.1319319804365	614.5423252750431	823.035829465914
0.8225548703387865	1643.8390585298575	804.6386532359144	1329.1389065446288
0.718213848524206	1139.693915089084	863.5711407527592	1036.1478747129622
0.9862099016774539	1853.4678911029414	68.10007620142221	1183.9549605148718
0.5782515559128266	920.4120359217686	886.0663674946663	907.5324102616053
0.6246856875008143	1982.8212046620774	1736.7307452101322	1890.537282367598
0.8873370663478348	834.1098385836001	285.32892949784724	628.3169976764427
0.8934760121061478	234.94189122234621	89.26173969416243	180.3118343992773
0.7582321552788667	370.73997959633766	277.4173354294717	335.7439880337629
0.9263820761158801	2923.13560204459	552.2895506510702	2034.0683327720199
0.8557097971409555	180.19151067736516	95.19382227495156	148.31737752646006
0.7383717649466881	552.5640927447091	421.92721824713806	503.57526480812
0.9885444737856287	501.0293884284605	18.3047242527048	320.0076393625521
0.9266132310052578	155.4466218245838	43.448527271083066	113.44733636702102
0.9075411341264257	144.42919829080108	51.536121742664385	109.59429458524983
0.9533117804268836	74.81076061825198	16.235179903893204	52.84491785036743
0.9435042016130459	1100.4925734837743	180.70221549177973	755.5711892367764
0.7701747257436077	1189.0464834425734	763.1335544761122	1029.3291350801505
0.8880266208640608	1155.756498910372	376.45778299936353	863.519480443744
0.6431055557179127	2167.204501251894	1834.2972628010475	2042.3642868328266
0.9528071964269752	108.70686063975037	21.002515771810174	75.8177313142728
0.9241759850574555	472.1220600257477	117.08986578884068	338.9849871869076
0.9764987749577175	98.6442977295253	9.669695136464561	65.27882175712752
0.7956915657280753	1160.6049580883166	673.751755089869	978.0350069638987
0.8297450096840434	191.14877495782386	116.46323599994506	163.14169784861932
0.6772119893305708	944.3398676726547	794.7643268370289	888.2490398592951
0.8103066592436009	845.8916172729569	475.80279672219604	707.1083095664216
0.6922380314492669	886.4804574572429	727.6200467648375	826.9078034475909
0.9648869768103756	54.13241173902318	10.710571513143773	37.849221654318406
0.9339090643021138	137.94676858001267	35.49115411929055	99.52591315724187
0.6923032957071471	1566.2445038933624	1231.4457917812365	1440.6949868513152
0.8616303485119584	435.77179981806376	197.43527340196204	346.3956024120256
0.7784172545066196	537.9715956124251	362.57372786499803	472.1973952071399
0.6100276591212139	2170.192722612729	1930.0844575495541	2080.1521232140385
0.8772824026643548	1192.0791300246356	423.6793515495491	903.9292130964781
0.9856233845673099	162.80918214610637	8.73173223288454	105.03013842864817
0.9789546065775755	327.4581199055086	23.357364933752706	213.42033679110017
0.6615843404240802	1141.7064020154064	975.6760916217947	1079.445035617802
0.9675783952217248	256.8608696771119	29.257869863058488	171.50974474684187
0.5962640988067726	1469.7807912858725	1354.2830154252679	1426.469125338146
0.8288822432927144	1884.0944340551453	876.4457996167059	1506.2261961407305
0.9466634478664265	307.54804169929054	56.55586398696596	213.4259750571688
0.9174477587023494	697.4851975973893	178.95462288930838	503.0362320818589
0.786012495426083	1765.5660048153732	1020.3293304182957	1486.1022519164692
0.9681293508084162	505.1492275825577	51.720476281891735	335.113445844808
0.9597614185372232	1887.7369641049245	204.08621276757856	1256.3679323534197
0.9952571604932444	1337.0611714858624	17.60209784386609	842.2640188701139
0.9414905438863745	1197.1136252422757	201.3730535337786	823.7109108515892
0.9246526425379578	561.3440600120878	135.22415215581617	401.54909456598597
0.5995412384855422	1609.0609196270468	1471.0856120099636	1557.3201792706407
0.7305842373479771	272.60847149919834	230.16343292796162	256.6915820349846
0.8679266797815962	3033.8402249033297	1033.13243871003	2283.5748050808425
0.6049705923049915	1038.3374027021043	964.2262081068396	1010.54570472888
0.9335889498042458	67.1549866534758	22.224989226833554	50.306237618484964
0.8277020666429663	2566.5728979898	1159.5617787653882	2038.9437282806455
0.7261820761697974	411.98658687215124	333.5561468218078	382.5751718532724
0.9649000282247849	314.267927469188	37.76863805308267	210.5806939381485
0.6610669636961617	483.19089950742296	440.70542304785386	467.25884583508457
0.763262525140693	219.38296095460524	173.57262869196947	202.20408635611682
0.9150293506756075	1016.4509211859981	255.16816057895602	730.9698859583574
0.8418923018033908	148.78562444396684	88.84134681465197	126.30652033297376
0.7576547629424754	1098.0356968514602	742.5992450136887	964.7470274122959
0.7649749305885023	1265.9413164818952	822.752449938916	1099.745491528278
0.9120836413415454	1794.3040339733705	432.1478952178675	1283.4954819400568
0.6437494283977436	563.4434730224082	520.2378621005585	547.2413689267146
0.8681566998929537	497.21324783235355	211.73842978671038	390.16019106523737
0.8624107455380975	353.56275085689686	163.30757485490096	282.2170598561484
0.7732198891446879	1331.6662949103845	835.0389515294712	1145.431041142542
0.7251935035263726	2240.5240372301073	1568.4545731220364	1988.4979881895808
0.5104437967673217	2324.3005852210517	2252.632257895949	2297.4249624741383
0.6144465580465968	735.190365491183	690.5143984580629	718.436877853763
0.8529809272844251	1552.0391904724966	637.6491949649326	1209.1429421571602
0.7541948644383046	479.4602852636149	354.2371827719188	432.50162182922884
0.8321038182943503	816.5846594500565	412.2414259069069	664.9559468713754
0.6754361876202087	785.5615330065087	671.7062606154662	742.8658058598678
0.8076423047222372	498.3983031488939	300.57971313495784	424.21633189366787
0.7806124151075081	272.5584468245752	195.9343542967229	243.82441212663056
0.9668446587537769	1885.6571096242458	167.54438654016462	1241.3648384677153
0.9756203047771206	674.2158987261427	50.62418516204241	440.36900613960506
0.805907463093595	632.3794325022276	374.78176560854126	535.7803074170952
0.9703275639674219	1292.7250819649103	108.07516433746036	848.4813628546166
0.7464246697347473	668.4329496474897	490.56106041956224	601.7309911870169
0.8352846944260296	1321.5672868168563	618.4181798874829	1057.8863717183413
0.7997171050707974	499.5754523177678	311.8565515080802	429.18086451413495
0.6602714786364828	1143.0075391592454	978.901516312163	1081.4677805915894
0.9642994564321671	900.0619769203886	95.45665373700655	598.3349807266204
0.7553933522635884	2186.194897691119	1391.106489514268	1888.0367446248
0.9327654229937548	260.84457322346356	61.88283872259291	186.23392278563705
0.6584075192436065	1185.4338802334887	1016.074460943054	1121.9240979995757
0.9490271297946645	157.23664453669068	30.392397466971282	109.6700518855459
0.6974103332716451	1092.7861219538643	873.3788899812265	1010.5084099641251
0.9784540166401784	91.81488216658573	8.424898706150266	60.54363836892243
0.9565717191258464	75.77818442249014	15.185502366790654	53.055928651602834
0.9280212708545038	1284.154300289853	264.0188583251209	901.6035095530784
0.8447552620602807	1166.9758848637414	523.75612894861	925.7684763955672
0.8355384423467553	109.5619766849994	79.50459010478934	98.29045671742062
0.5503785841134919	1237.739152575962	1198.6673867767006	1223.087240401239
0.6344298383973378	768.2628360549198	700.9760829764042	743.0303036504765
0.6415934611234213	773.1065157013138	698.2261578127873	745.0263814931163
0.964936883207447	1077.3198173308701	109.42024180507917	714.3574765086985
0.7546116447701811	784.2840691564725	553.179296583244	697.6197794415118
0.6150791465385756	1037.481053446478	952.5347333837419	1005.626183422952
0.7191559070684255	534.5529135162619	429.97912270609277	495.3377419624485
0.6547197211923604	1346.8360474589201	1152.2263280033096	1273.8574026630663
0.6421210631144941	1828.5535186215338	1566.8556931385815	1730.4168340654267
0.5913193723987914	2304.992575929188	2091.327896787473	2224.868321251045
0.7034636696308754	441.510625170562	374.26344222203784	416.29293156486546
0.9652455232717425	1134.0029779802928	113.32707876431823	751.2495157743024
0.8317716833126613	121.45694881003597	82.03906822080684	106.67524358907505
0.6694262364008987	2328.618996426524	1866.562849268831	2155.3479412423894
0.5947514124583467	1029.4504665408824	966.7666943562452	1005.9440519716434