0.8336145972937696	167.81232555499219	148.51178672472133	160.57462349364062
0.5828390094946025	2744.2630919960116	2459.81994260507	2637.5969109744083
0.9851026765106348	2545.800304289621	98.42692150709854	1628.0352857461753
0.7254387887041908	675.2413887866625	496.60670429366917	608.25338210179
0.7395809751339532	552.8228776881805	400.4720533329603	495.6913185549729
0.6010235561625158	2030.751490333396	1793.7183018695662	1941.8640446594598
0.7613966956070389	434.5685882638041	305.33346240202815	386.1054160656381
0.939915389950827	130.80099756799066	39.4814940149443	96.55618373559828
0.791890409254125	383.93012506374185	243.48284020192472	331.2623932405604
0.8079594743142046	1101.2737168465867	565.7211327732623	900.44149781909
0.6034914736497491	2632.98776488821	2301.5137286347826	2508.685001293175
0.9175737047121251	2832.821804576087	620.5869573785599	2003.2337368770143
0.8638670564354011	289.28714807066547	129.54914114598196	229.38539547390914
0.5054336152049403	2922.7506416421043	2815.8214893170402	2882.6522095202054
0.7220088687989594	393.6391815930911	344.5313288084547	375.2237367988525
0.6507703955909344	1413.7360459123993	1170.3473079922478	1322.4652691923425
0.8660912734870901	3261.358904911065	1163.9167857370257	2474.8181102208005
0.8049252857397825	2749.1087450749146	1402.27422067518	2244.0457984250143
0.7981446443991178	1058.0588235464377	570.5213730305509	875.2322796029802
0.9126705340659264	497.7252070307289	126.25952603495392	358.4255766573133
0.6309870264891553	2582.0234063756575	2168.4446017793957	2426.9313546520593
0.9548833223450423	117.75554361590841	29.283677082744653	84.578593665972
0.5438020717397922	2111.208977782016	1992.5179416016424	2066.699839214376
0.7137677494352055	455.3297000923342	381.1289117943603	427.50440448059396
0.6334625840212311	1948.40777886483	1641.1926709645904	1833.2021134022402
0.6337188905339016	1024.1320251312654	897.1034841229855	976.4963222531604
0.7146648211485243	920.6975211607644	676.2953802016355	829.046718301091
0.9961105186706423	1522.8122624869873	15.439306167735367	957.5474038672678
0.7855845376288314	410.28246633867076	263.46378721148955	355.22546166597783
0.7229446871433934	1573.7369201917427	1095.5248900155598	1394.407408875674
0.8332381959501404	396.14393604219146	200.32673739204034	322.7124865483848
0.6726791296787157	1909.280813535216	1495.3235986551144	1754.046857955178
0.9532575738070713	363.41500294226057	51.57734061635804	246.4758795700471
0.8680756754078944	319.7717681819144	134.57723829781048	250.32381947537544
0.9206483861448765	1372.7867147652105	291.6733678363653	967.3692096668935
0.9956384992562523	751.2863122495239	8.817000303007092	472.8603202695801
0.9709742980296131	174.39026289792224	19.82183821337398	116.42710364121665
0.6107583573006582	922.9604209671292	869.5427958724619	902.928811556629
0.8483701397303608	1241.0803009925112	505.6848858913253	965.3070203295664
0.9783383675135071	83.37760530168337	15.962009525972604	58.096756885791834
0.9565844570528669	201.03584245083675	31.953484369449072	137.62995817031637
0.7263611817521117	467.93242973963726	368.99163617778555	430.82963215394284
0.9241478010758004	210.72244440162615	58.18168501552769	153.51965963183923
0.8598989360639582	1017.9045951278567	387.5412622556237	781.5183453007694
0.9976835791129726	169.7995834389817	1.5429560582300326	106.70334817119982
0.698159440985024	2123.0897804980696	1565.1801432819154	1913.8736665420115
0.9795975089177722	182.85412740701338	14.158326991358209	119.5932022511427
0.7260555721222557	712.0009693811702	519.1813354272239	639.6936066484403
0.668363120886831	802.4009186639652	672.5870745672854	753.7207271277102
0.7749960073825913	2365.206436016088	1371.4940158274035	1992.5642784453314
0.6475068186764331	2654.150967430456	2166.8196398233176	2471.401719577779
0.888880963380343	135.86470104724432	82.09415842847575	115.7007475652061
0.8357834595192256	4065.1199359055063	1773.8372362947648	3205.888923551478
0.7816780665821267	1039.8559657355422	602.8122996204746	875.9645909423919
0.7276520241769515	437.1484589187194	350.8903500122803	404.80166807880477
0.7824291834619191	780.4721432320725	460.9671010957051	660.6577524309348
0.6272191189925962	2412.1032815786716	2040.819576352736	2272.8718921189457
0.7120803160141451	928.6611043656259	686.5839828602449	837.882183801108
0.5558776776587575	3107.010047358679	2859.570328011644	3014.220152603541
0.5660600320340422	3071.4000914806634	2798.4992759196207	2969.0622856452724
0.9537484234254991	5309.969367294683	660.8066634940838	3566.533353369459
0.9968377560230873	158.38017742324914	2.053694820460919	99.75774644720356
0.9567956953285517	261.9657253577524	37.35295132234546	177.73593509447477
0.9911748749178984	523.6291159968225	13.016526611479946	332.1493949773191
0.9864771056730385	1491.1494219991448	52.77211068122574	951.7579302549252
0.7916915715697378	520.454225845078	310.221639152229	441.61700583525965
0.9519111084778592	158.22962160866513	32.11790304155984	110.93772714600065
0.9898392750393824	94.00030920130075	6.78549124896454	61.29475246917467
0.7788447145411403	944.07508887413	557.1388220234503	798.9739888051251
0.7156927556507823	765.4618782949874	570.7687180623275	692.4519432077399
0.9396124581021291	190.2535447166009	43.63851466112838	135.2729084457987
0.6665243586552522	602.9108168330954	544.996066365034	581.1927854075724
0.8404012768304007	421.8160454974766	201.62421199746257	339.24410793497134
0.7731133045615832	1283.8951843195662	761.6332807557721	1088.0469704831435
0.8616363972905345	232.02469636006427	115.47414900042489	188.3182411001995
0.8814019669351706	3832.0858648528724	1216.4300971331345	2851.2149519579707
0.664925984457321	1540.1494591982807	1235.05619069103	1425.7394835080618
0.8133279060155308	1601.5882431322314	789.4250852556504	1297.0270589285135
0.5900213100330318	1841.3817458302215	1656.95027436707	1772.2199440315396
0.5542540089834802	1515.887384025221	1460.0420577942625	1494.9453866886117
0.8891589374264313	345.4818245112213	119.42721494847979	260.71134592519326
0.8899399596435075	641.8185688408114	199.30746264869578	475.876904018768
0.7220643014650957	1848.826412169017	1284.2008713412895	1637.091834358619
0.9866691943858467	1019.1831192128027	35.953069811366504	650.4718506872641
0.7190216171276785	1507.6100352361834	1062.8788537830408	1340.8358421912549
0.8861242545933473	4006.5445680977978	1222.9689817128906	2962.7037232034577
0.9136506107844814	1934.628124635707	444.6448081033567	1375.8843809360758
0.8130022864648889	953.7610325380911	481.94049604253706	776.8283313522583
0.9409962162458314	921.4115580106634	147.55103673304558	631.2138625315566
0.7336683981701022	1040.6323054268623	716.316302361295	919.0138042772746
0.5622083187125929	1931.541128493602	1794.3714323323818	1880.1024924331443
0.9529498863104011	414.80741877536605	57.759913311251836	280.91460422632326
0.7716927114474635	884.488325475181	539.6165827617369	755.1614219576395
0.789142794728884	551.4751454521311	329.55267533294074	468.25421915743465
0.5463328480426887	1825.6778628787833	1735.8079030109598	1791.9766279283494
0.9626802731671884	94.99760777471307	25.875302033407394	69.07674312172344
0.8462196703884013	454.505867057059	206.58688833872912	361.5362500376853
0.9018414820787495	2414.818188407897	630.5726195047682	1745.7261000692238
0.6874472469361251	944.8293708638633	743.4244882716736	869.3025398917922
0.5350028433046669	1939.8880502380641	1862.0400754822765	1910.6950597046437
0.9179542450288903	2231.2185336251764	485.61932584844305	1576.6188307089014
0.9785503060714439	579.7036322486636	34.67839298173931	375.319167523567
0.805510280069609	516.4000733532414	288.8094506157383	431.0535898266777
0.7829625225955902	1266.959927141047	722.8404723226797	1062.9151315841593
0.8527836805276349	1536.7979068339962	603.652950623148	1186.868548254928
0.8223803978657428	632.8095688425836	315.91460017026725	513.973955590465
0.9927207994111518	1004.1928763388235	19.29297987913918	634.8554151664418
0.9494325864907165	270.3891840947932	44.808683954616356	185.7964965422269
0.9367131947216429	653.1162905993589	115.5444826771369	451.52686262852563
0.9987510361989725	699.5189302544416	2.3765025999888962	438.0905198840218
0.6507820802179631	1306.639484987711	1086.549899204007	1224.105890318822
0.7683617431139038	3478.570483484047	2069.26724448349	2950.081768858838
0.5585383888891864	2835.2552252699948	2607.674550664215	2749.9124722928273
0.7560410810969798	604.473059463084	407.2398565886176	530.5106083851591
0.6146055277587347	2532.5480800877717	2181.4537589868555	2400.887709674928
0.843325525081506	2053.910506814821	852.6292409141186	1603.4300321020578
0.7621460245295736	1543.9259885070678	947.7330868041217	1320.3536503684631
0.6451787568097773	869.6189399809925	759.950060818149	828.4931102949262
0.848923114654161	192.61737542021808	119.78074407899449	165.30363866725924
0.7864783553148634	593.9161192130218	355.4218484533158	504.48076767813205
0.6517934297308611	924.8592455750739	790.2263173016692	874.3718974725472
0.8958073489095557	862.6215079013814	246.98121392787783	631.7563976613176
0.9842608965656261	752.0865955181346	32.03561603767116	482.0674782129608
0.6315833520824334	2268.8855661455227	1909.0124881903864	2133.933161912347
0.7327280272629874	3358.275992449126	2247.4172750961548	2941.7039734417617
0.6933576398536038	822.8180034612786	646.653653571066	756.7563722524488
0.9602554843824755	173.62359763505827	27.26392860001134	118.73872174691567
0.7304861817269803	1267.3675410744358	870.858597610852	1118.676687275592
0.8274972708388961	1229.922965246074	567.8011559500567	981.6272867600675
0.9390410888615728	80.06388695872805	55.4669934628278	70.84005189776545
0.92789284941108	1281.356224807549	247.4354484992225	893.6359336919267
0.754086999648982	928.2705171462269	602.1668678966851	805.9816486776488
0.9760960374530406	800.2861629666495	51.7757852364623	519.5947713178293
0.6329048250902883	1023.2284627005683	897.8229279751272	976.201387178528
0.6300614781431294	1537.9720102703175	1315.3069189346945	1454.4726010194588
0.8265047997231092	2121.368470034408	971.0360638741334	1689.993817724305
0.6042948243468136	2647.102609694515	2311.0883469289247	2521.097261157419
0.6868668369877012	1186.5435923528855	919.1806576113592	1086.2824918248132
0.731986817043935	584.8933035179806	430.42139198761265	526.9663366940927
0.819081704594297	564.8019924295336	290.9897237590926	462.1223916781182
0.6625236100539923	1685.7751245476845	1353.5965069497645	1561.2081429484645
0.5416184370060219	3113.911217419921	2904.2588243149803	3035.2915700055682
0.9994350011544226	788.0934145809001	1.1932190902978164	493.0058412719243
0.5734329090751904	2019.5299843630532	1847.6734895783543	1955.0837988187911
0.7401256393737201	966.2283568333786	655.0107907175676	849.5217695399494
0.8323961297569169	3415.0454045914876	1514.342987440502	2702.2819981598677
0.9307825773619645	603.8338757619808	118.09093794777016	421.6802740816518
0.812607058744701	288.1614851439182	180.70081206447003	247.86373273912514
0.6551884538388898	2258.907235842557	1824.0290544188479	2095.827917808666
0.8609518247638729	171.5307802393022	106.65366341681052	147.2018614308678
0.9183923300286451	716.512418951116	162.63134615475417	508.80701665248034
0.6843404926770129	1276.7675946820834	990.7874306957153	1169.5250331871953
0.9988496291952289	1314.498500213516	3.924259923727959	823.0331601048456
0.9776869747509429	2421.3981498943663	140.6507620546331	1566.1178794544662
0.8539192319723853	361.37907705392087	163.462755510053	287.16045647497043
0.7755251157686496	440.6558503327365	290.933816375695	384.510087598846
0.759729972350331	1572.766944709912	973.2382267958546	1347.9436754921405
0.9197031613217391	534.6828698631485	123.32760745643427	380.4246464606307
0.726886684194254	2013.281499903	1376.3980788843016	1774.450217020988
0.9864032039876459	1580.1391651933884	56.29248314827669	1008.6966594264716
0.8457806347285431	2673.160076078133	1091.9662859248879	2080.212404770666
0.7393893113378442	1920.9898322575236	1266.0915894231816	1675.4029911946454
0.8449241470791335	809.6922483513279	346.01325838925476	635.8126271155505
0.6794596547148031	3416.514285610782	2615.553479381832	3116.1539832749254
0.6467791789640746	715.0905402399648	650.515652509947	690.8749573412081
0.5578636000767713	1564.5200132085154	1487.4502795311466	1535.618863079502
0.8882565684540477	1482.4966748393847	443.52066912004193	1092.8806726946311
0.5305760860535748	2565.0519624089857	2430.2314135314546	2514.4942565799115
0.6417466593584292	2436.3165951242195	2012.2371006928192	2277.2867847124444
0.7837054531637281	278.84002820954686	211.50673314227208	253.59004255931882
0.8950297834024279	3666.1697652397006	1029.6195228330935	2677.463424337223
0.8868537218171011	2699.654184746684	813.2103429064802	1992.2377440566077
0.987391909468449	93.96635868246489	8.44308402376307	61.895130685451704
0.8003394491026957	391.14408410341434	236.9483249197799	333.32067440955143
0.9937725120365989	491.3009629307213	8.671735465867613	310.31500263140117
0.9351281653169367	654.2107610725863	118.66307466258411	453.3803786688354
0.726046449728905	2786.871930279906	1901.8779791753475	2454.9991986156965
0.9345959912076012	517.7035195149246	97.33800589597078	360.0664519078169
0.8142975304391123	468.53548757136934	254.8074376835783	388.3874688634477
0.5847412971113909	1460.9194221558632	1343.0294332775638	1416.710676326501
0.7713159209439903	1268.7320902883887	758.308045166121	1077.3230733675384
0.7585590481487116	417.7367229061092	300.1262977244014	373.6328134629688
0.7816876024798723	363.39603347169316	245.8160844452858	319.3035525867904
0.8163259215171895	2537.5388974149255	1223.709474234173	2044.8528637221434
0.7261494785059397	3343.9343049821227	2280.9269666798627	2945.3065531187754
0.9903162028025538	873.503890251377	22.677466105558267	554.443981196695
0.8737610134582193	449.537266643281	168.13068830327015	344.00979976577696
0.9714580696323508	255.36223251757184	24.108585769253907	168.64211498695263
0.5776636957984786	1201.191925445275	1157.112980624277	1184.6623211374008
0.9297157691430445	1149.4433589051043	217.16344228980824	799.8383901743683
0.7029498142573425	1750.681971985472	1281.8292406165378	1574.8621977221217
0.9439466520024671	535.817403050641	85.72490098959528	367.0327147777489
0.5545727482640503	2030.154451274883	1897.462881978852	1980.3951127888713
0.8556545462569707	1828.339178960308	701.9932030202134	1405.9594379827724
0.5074821308514638	2517.2632615719112	2442.542046024423	2489.242805741603
0.7103777654966554	3469.32721581793	2469.953179759908	3094.561952296172
0.926899857751933	2526.737308260949	490.27367740337615	1763.063446689359
0.7097741957256539	2706.085179882815	1930.968707601754	2415.416502777417
0.8761987707469887	324.597795617883	127.53648998681086	250.69980600623094
0.8597634529629576	2356.07010669446	877.8949200330127	1801.754411696417
0.78656323637849	2865.0233780790945	1584.9644728943854	2385.0012886348286
0.8862255936880971	211.43129993172573	89.29566592065726	165.63043717757506
0.8009537266710789	1025.0314414724837	546.5840360389494	845.6136644349084
0.9145223016114389	95.24768838362802	73.60007745848192	87.12983428669823
0.8392366733413861	562.7528064207632	258.7127909093872	448.73780060399724
0.7304325625432243	414.02285647838954	335.70140497782387	384.6523121656774
0.9234020605258939	192.22513614246168	56.15845908007414	141.20013224406637
0.7081430397048065	443.5413763822741	387.0297216977079	422.34950587556176
0.569082302267161	1910.701499939128	1761.6867173354199	1854.8209564627375
0.9364577929650735	1836.2708212862108	309.2683377668187	1263.6448899664388
0.7965198089105179	969.9593164341159	529.6323126121533	804.8366900008799
0.590307911875012	1965.5683557523548	1763.134582047352	1889.6556906129788
0.9382053658334368	122.34593119245113	40.953941644785054	91.82393511207636
0.8836589007599502	1406.0887836235427	438.59922588548187	1043.28019947177
0.9023155112838711	207.86042718835682	75.28585127106777	158.14496121937344
0.690188923441161	862.7300080555118	680.0586875681917	794.2282628727668
0.8210180063084238	368.44103988528	203.29279591767977	306.5104483974299
0.6734148636683154	946.7519086772749	769.7006517048941	880.357687312632
0.9433193355814766	2892.340703644334	433.92598332533	1970.4351835247076
0.8796688049735552	341.97460316779535	128.81955089152518	262.04145856419404
0.9671511851572042	1570.413232915053	136.1641998582578	1032.5698455187546
0.990067562134169	832.2367061988208	22.203778169094676	528.4743581876735
0.7035248676867205	439.96450161892784	399.2965750004269	424.71402913699
0.8277459619746635	725.6694248075579	346.6500232734239	583.5371492322577
0.8198036349993132	1891.7546452531137	898.3977308010093	1519.2458023335746
0.7755346614792444	664.898944400381	410.62356306494894	569.545676399594
0.7994630205368326	1512.2349368356922	797.8240767579118	1244.3308643065245
0.6493746761935534	1002.4012856449708	853.1777736737338	946.4424686557569
0.958731759744771	109.82062357375513	27.039566754609794	78.77772726657562
0.9697658577021313	303.8159813362264	28.892397655509598	200.7196374559576
0.8264599752153943	235.3458188944967	150.20577730934025	203.41830330006303
0.6920913679667346	763.9845155022897	607.7247283781257	705.3870953307282
0.9525170935831013	1175.5860036165259	149.15713401498454	790.6751775159478
0.8425733487959665	939.828156111003	403.12043658254055	738.5627612878296
0.8334590914015583	612.7995110090183	288.52978004093603	491.1983618959874
0.5406556562511755	1963.3465886765846	1868.6511028745078	1927.8357815008058
0.9602471389188829	416.4096411931115	48.837839273067544	278.570215473095
0.7554052502188474	630.6302017697939	423.36197635852074	552.9046172405665
0.676274306771226	1244.471702253198	984.8667822839659	1147.1198572647359
0.6716427335253308	1145.9168023227205	920.8430057733146	1061.5141286166934
0.7059698578316119	538.1576341307283	438.5176233673308	500.79263009445424
0.6301847386306992	1708.3033798765593	1453.8946454801523	1612.9001044779068
0.8153025274483311	814.6391760392802	411.75738266370774	663.5585035234405
0.7689579966619049	3814.415660096376	2266.692167195967	3234.0193502587226
0.7008027120822681	1823.3605794262633	1340.7809403010845	1642.3932147543212
0.6025082390574391	2463.5539922535336	2159.524886258255	2349.543077505304
0.8474779264410903	1889.0906678205472	764.8697857916261	1467.5078370597018
0.9708692078532903	518.6303144849305	42.95892949251419	340.25354511277436
0.8656295165190279	1341.2507481893288	483.81947755627	1019.7140217019316
0.8800374603158757	432.4657403443534	154.69932377423964	328.30333413056076
0.6067179277885645	2021.7222542056816	1771.9655928601446	1928.0635062011052
0.6405170243768619	1682.0077428167497	1407.4487356399745	1579.048115125459
0.7402051229891744	3142.779171414142	2055.5453097200007	2735.066473278839
0.9160549110530007	255.447267483999	72.46526339345385	186.82901595004458
0.9875686234329868	1581.1574317850132	51.474855872958415	1007.5264658179926
0.7744248880497858	1595.7915902421	934.3214056887477	1347.740271034593
0.9258542402104671	495.4869426679321	106.51191601401328	349.6213076727126
0.6963725523239778	461.09350172391197	423.13522504469773	446.8591479692066
0.8347243855628615	1817.3547162877244	795.5919611670838	1434.1936831174842
0.9032468284755814	139.07329342622867	67.7505560199211	112.32726689886334
0.8501072432422887	311.05317655364036	150.30485742795014	250.77255688150652
0.8346008490251631	1186.0473638276599	526.9081092403211	938.8701433574078
0.7582775233270908	647.0379241326034	428.4212551235664	565.0566732542145
0.8214439558501018	670.7626397073146	334.32445658041127	544.5983210347258
0.6622744200163581	2936.8833585379903	2330.010730049013	2709.306122854624
0.6888024079515873	546.7448641829734	470.55226317712004	518.1726388057784
0.8091758892055796	571.7264824112156	309.44769397450926	473.3719367474507
0.8314960825277794	813.7808152239259	376.77516381858186	649.9036959469219
0.9707795929546535	482.8004152822939	40.473675610946515	316.9278879055386
0.9957620215120199	125.66172852624777	2.643112263081356	79.52974742756037
0.9353233609907469	732.9223306177785	131.1340968583122	507.25174295797865
0.6835534689220668	824.2715406110472	663.7881213261016	764.0902583791926
0.6861077031818558	2354.33440438356	1782.3150609067266	2139.8271505797475
0.757396292524924	345.55300152631895	268.0796107267233	316.50047997647056
0.6384624605981437	838.8521716215996	749.1837480981746	805.2265128003153
0.6688214461497306	1043.3928313890729	849.5425767984073	970.6989859175733
0.9407209518755673	2606.199145501584	408.72290508722426	1782.1455553461992
0.6920635294574026	477.72747177044755	437.79407858076786	462.75244932431764
0.8381124837812894	416.0113572369508	202.22028325560206	335.839704493945
0.9018134339714746	1713.2079927004502	448.4237979766516	1238.9139196790259
0.9986708480709486	2805.788360306542	9.684069796256836	1757.249251365185
0.6854122926080205	2899.213068672442	2192.309703297199	2634.1243066567263
0.9867212943396617	234.30227013328565	10.527556377997655	150.38675247505265
0.7159378596661867	3056.9836946733244	2144.5356190675434	2714.8156663211566
0.9942354247934366	1283.196282954898	19.31561495079484	809.2410324533591
0.937205576676815	5210.714473222319	881.7835485511673	3587.365376470637
0.9985183936443603	646.0594378371709	2.6194679694598904	404.76944913677926
0.7684334945025386	437.05841019910224	297.8891729862745	384.86994624429184
0.6594585586021845	616.0983072861819	571.004120046215	599.1879870711944
0.7551546609029026	1240.956723868984	787.8227309379334	1071.03147651984
0.6852346486116587	993.7163888499499	782.646840669182	914.5653082821619
0.777390451246685	1435.490115550606	833.7754933797271	1209.8471322365265
0.6344314199766998	939.702942041434	831.0219447695802	898.9475680644888
0.9961415112674817	311.2955827278464	3.7106644712074797	195.9512383816068
0.9433296260870082	3534.490611172222	532.0298325876349	2408.567819203002
0.8372731857350361	1052.5417113991343	462.9283858354828	831.436714312765
0.7950017142025251	2792.3465929019903	1490.1218830923299	2304.0123267233676
0.9663834563540502	520.7653108419664	49.81745702476317	344.1598656605152
0.7308926154963903	491.33426622020886	376.0442128024073	448.10049618853327
0.8671977960081283	698.533057836645	259.65705841383635	533.9545580530918
0.9476475054133484	607.3153742863205	89.33983250242932	413.07454611736136
0.7496155591564918	344.88708277540877	279.5089475845142	320.3702820788233
0.9638516404189238	151.83101312447815	23.662661935913206	103.76788142876629
0.7664669531574945	414.8701147697717	288.9003187617126	367.6314412667495
0.6188909502968545	2258.9805451826824	1938.8963494201532	2138.9489717717343
0.7119896442120875	495.02581430841815	404.61069755334427	461.12014552526546
0.7091347775815011	1553.2562742807363	1123.5927149803197	1392.13243954308
0.9472555432859056	3079.219733724506	429.86805970765954	2085.7128559681887
0.7284601622605639	3504.3356147291342	2375.1062196164885	3080.874591561892
0.6856856191095185	650.3045054113269	539.9113970342056	608.9070897699064
0.7861276965645311	2455.350544879267	1361.1936683227445	2045.0417161705711
0.5979256329418967	2078.9428833155293	1842.5102564549966	1990.2806482428296
0.7849244091148897	487.90755257903265	303.00414223164944	418.56877369876395
0.8663361103735374	817.0691914471574	301.39693937619023	623.6920969205447
0.9867498689830435	4489.692550576929	155.7779575229597	2864.47457818169
0.9550996275201066	2002.0998200860827	236.76266695051254	1340.0983876602438
0.5612851067119495	2231.44357891781	2061.5927992161974	2167.7495365297054
0.777696954412084	356.86478447881194	247.50544917930785	315.8550337414979
0.6087568505212558	2186.3573099761866	1906.1218126737122	2081.268998487759
0.8088112868695287	450.3283546889627	253.70515942670548	376.5946564656162
0.7478564453745044	1386.6166534436654	898.2248350725088	1203.4697215544818
0.6895625627121597	1086.518050359987	841.1314752674574	994.4980847002885
0.7545602380885815	1158.407475138631	739.5701828866357	1001.3434905441329
0.8032842994540519	407.87739569908905	241.10655965129178	345.3383321811651
0.5998950003590969	1744.3567266541331	1552.7753347879652	1672.5137047043202
0.9202590221272485	346.3552772226518	85.57581933213629	248.56298051370848
0.7876908888425508	519.4275617378786	315.28569447943386	442.87436151596177
0.6377983881386933	994.4914402787508	867.084527253189	946.7138478941652
0.5105974497598709	3105.7136386778448	2972.613480165339	3055.801079235655
0.8689201514258568	454.59363649091927	176.226824848959	350.2060821251842
0.6334779338134328	1631.612746736304	1383.6488366901026	1538.6262804689784
0.7831266643857926	3623.0032168458656	2036.4126853618561	3028.031767539362
0.8455539662788353	275.9353974562679	143.2410965274812	226.17503460797286
0.9133498807469324	129.02886241055796	59.99963262007241	103.14290123912589
0.9356754646470062	561.568790146175	102.7505409426083	389.5119466948375
0.8582248242361469	347.5471633853982	153.97017395695644	274.9557923497326
0.9660033456019381	4182.688712583092	377.4390349729731	2755.720083479297
0.9988556556154478	229.7710181617441	0.8907462161714079	143.94091618215435
0.6733121713949745	665.3664268599575	569.33078088614	629.353059619776
0.9716895155325435	3451.6681919535063	256.0857203411492	2253.3247650988724
0.7080091032715211	1298.0851113992826	949.3241448461804	1167.2997489418692
0.7364106067602068	761.4208754971506	533.4520510689459	675.9325663365738
0.8572811542059577	1839.0571919638178	698.2251143703261	1411.2451628662584
0.9184723899491456	460.56607868459673	110.25355740149567	329.1988832034338
0.6331621704916283	3219.571415384874	2686.4182699930216	3019.6389858629295
0.9330801161616569	210.80789415973823	51.11423402900283	150.92277161071246
0.5583250253585363	2259.3624430985747	2093.0414231488803	2196.992060617439
0.7568119032439068	570.8924284880003	386.8337739110839	501.87043302165665
0.7267013038413267	561.9378498687402	423.8037947817982	510.137579211137
0.9669061473209024	1706.8790312079109	148.4747519179549	1122.4774264741775
0.7008973397935149	1447.3802901739655	1072.5936004421442	1306.8352815245325
0.7789877562453174	677.5709357199235	411.71540103636266	577.8751102135882
0.7140597813570566	1981.4957071652054	1404.6270461401202	1765.1699592807986
0.7315983251135942	506.611559032136	383.96499172538057	460.6190962921027
0.6261866936008271	3107.6375807626414	2622.4707930358313	2925.700035365088
0.6607519340506546	1003.9118172996714	834.4531826746743	940.3648293152975
0.8893086229440517	620.2927506453965	194.45166986164745	460.6023453514906
0.7266933416104052	1407.8594323524276	973.7665107467933	1245.0745867503147
0.7185612299888471	1733.6738888640625	1218.1590566391446	1540.3558267797182
0.9958927286817004	184.79740639856982	2.8400230814327045	116.5633876546434
0.5064383999270425	2511.474932652371	2440.5990921502303	2484.896492464068
0.599651448330515	1247.3496397669585	1137.228947214612	1206.0543800598286
0.7399620831883289	1297.0459070471393	864.4726975891281	1134.830953500385
0.8129214011564229	819.012717698238	418.8385276457628	668.9473964285597
0.9889131595788783	1250.15174892889	36.51616915560078	795.0384065139066
0.818905784530429	1190.521899645251	576.5183249188196	960.2705591228394
0.9277501049347271	889.5622286925287	175.33050331847392	621.7253316772582
0.7460269807773778	1827.9554237585326	1180.5897875820401	1585.1933101923478
0.6704726512337759	945.8590740126494	774.1611230369685	881.4723423967691
0.9945338546310818	196.43904127121334	3.8995119669649796	124.23671778212021
0.7304448022057175	531.9282377734555	400.51096034217744	482.64675873672627
0.9488042965013861	90.19518726736524	38.73110869109249	70.89615780126296
0.7472912467666288	595.185840103642	414.6746928537568	527.494159884935
0.7760200177405912	453.2659673198586	296.77447718686057	394.58165851998433
0.7147432995972769	422.9604913743965	366.7863825908853	401.8952005805798
0.8180621370705953	499.11044250646495	263.28144377036614	410.67456798042787
0.8188588366640022	726.0057303834983	363.89350701341033	590.2136466197153
0.5610597102722156	1892.4096066504655	1762.4131505246244	1843.6609356032752
0.8652696286312558	2025.5652348607946	725.4687794171932	1538.029064069444
0.8505894693805732	521.6426598417039	225.5350825408893	410.60231835389845
0.8177970911814999	3191.882387581394	1529.4046939892733	2568.453252484349
0.6040162156921088	2399.653617650143	2100.6192652971167	2287.515735517758
0.6800309309576132	522.9658902523654	482.26530025352764	507.7031690028012
0.5063098987486284	2491.7193750370698	2423.751041436157	2466.231249936727
0.9783355522061118	445.00993998329415	27.912440753136536	288.59837777198504
0.7125224089044563	3590.432735488552	2542.455603313628	3197.441310922956
0.9389536536457916	1750.6375917768994	283.200062813999	1200.3485184158117
0.8983894202254148	554.642705065497	161.71013919172358	407.29299286283197
0.9267828411242376	294.7977833279879	69.50750788740132	210.31393003776793
0.8948441923871122	520.8650557695485	158.4866327627142	384.9731471419856
0.8172831752540238	1659.0697606021313	800.6355766880325	1337.156941634344
0.9840806311945157	873.6717701967101	37.39030131358925	560.0662193655398
0.7004775060974842	2356.749174975201	1724.6269428805585	2119.7033379397103
0.9189802064705614	1003.5222574980244	220.73717490290028	709.9778515248529
0.6113748025916291	1130.4392168772501	1020.9329192245259	1089.3743552574786
0.5860321041683366	1123.7177215039164	1075.817191441825	1105.7550227306322
0.8725573953620833	298.4445900112892	123.68024047517184	232.9079589352452
0.9075299050955826	939.0725206139589	236.95362491747545	675.7779347277776
0.9809030094480893	336.46807795155553	19.624668428585636	217.6517993804418
0.9706552165163777	61.884272021986156	32.76217768212535	50.96348664453836
0.9610361380998564	129.1701510964176	24.96671393192397	90.0938621597325
0.9415305372188498	245.2359277470532	48.691062979530045	171.53160345923203
0.9478182562921174	277.9124044414564	47.16365001481459	191.38162153146573
0.6657975993767613	2822.3984226110706	2224.707261617672	2598.2642372385462
0.6736286178095109	929.8295484164058	756.872007933497	864.970470735315
0.9327808567371172	198.92297232089612	49.82013378790576	143.00940787102473
0.9545383053359988	1426.7894723993634	171.75639583062343	956.1520686860858
0.5730730939528381	2772.349157122281	2512.271540572884	2674.8200509162575
0.8082735632591811	589.1149605040703	319.0463743674714	487.83924070284564
0.8668873216226708	848.0639011642076	310.65712053027426	646.5363584264826
0.6846339108951226	1284.2552343074012	995.6161210878699	1176.015566850077
0.6863306804649971	2128.1717678134287	1613.2699917956372	1935.083601806757
0.9450357376057719	2521.4557460718643	366.0316005497443	1713.1716915010693
0.854854392030398	1302.1394371027804	507.3671522197409	1004.0998302716405
0.867928771536765	1228.2150065752703	437.15166273198884	931.5662526340398
0.7004294805901846	2658.744224884315	1942.6748674938847	2390.218215862904
0.8239511068374726	646.3929039151369	319.1794307093368	523.6878514629619
0.9649510418205327	4555.119355849651	423.85486444739763	3005.895171573806
0.8873397608173678	647.1296416901628	205.5583068846252	481.54039113808614
0.5529660288464161	2136.2118492267696	1995.0764065538222	2083.2860582244143
0.8271470976394645	829.2778715334359	392.90492677564725	665.6380172492652
0.9428542261585718	678.6486583938527	107.79903433022815	464.5800493699935
0.6720416877489914	1047.1395841852543	846.357040923677	971.8461304621628
0.9151441348657624	1361.2945596418836	309.62765276308085	966.9194695623326
0.9500337001087822	4497.024144983508	599.9461159133671	3035.6198840822053
0.8347133782718189	442.24580422175893	216.88730058966462	357.73636535972355
0.7256599418635669	2883.952401896021	1969.8350775515053	2541.1584052668277
0.5795395070298843	2373.8024998107335	2143.948936036369	2287.607413395347
0.8675667494777592	243.0234032117209	112.93564319076013	194.2404932038606
0.6835120553222837	2775.793175827723	2108.7693930132496	2525.6592572722957
0.6538306996805098	856.8704379233981	736.0253943336098	811.5535465772275
0.7607210802794839	426.0660168367785	301.74908347101206	379.4471668246161
0.6587534196800715	3432.7428858932635	2738.915971302168	3172.557792921603
0.8451852906557913	2888.1261090844278	1184.628851205638	2249.314637379882
0.688251653360264	616.6659033571566	513.9252646228858	578.1381638318051
0.6701341235560353	2042.6351129474392	1605.2516739874673	1878.6163233374498
0.6722510266176163	1634.3178798021406	1287.7433626103732	1504.352435855228
0.9567741456222917	389.1709328676363	50.321094532220684	262.10224349185546
0.7547531746051639	623.7137814522822	420.33158991476813	547.4454596257144
0.72084224256485	1013.4626880941661	726.1748473418435	905.7297478120452
0.6766794788995181	2925.647891634916	2254.5507174996237	2673.9864513341813
0.9913699694305327	611.8248618228183	14.559225249263648	387.85024810773535
0.9441675943651235	619.9262592416942	97.15680259569223	423.8877129994434
0.7500726173267604	1672.352135030475	1068.0457807525163	1445.7372521762404
0.7274029934681032	397.4169445102535	334.03706494207444	373.64948967218635
0.6655082452435441	644.1618415720621	569.3137433011112	616.0938047204555
0.8614317495426407	689.7526044217382	267.77335052602655	531.5103842108463
0.8240145112084066	3695.8853029998277	1718.4437198832488	2954.3447093311106
0.6914587193587007	979.4924968434708	760.8573032238745	897.5042992361222
0.9203539642284277	4005.441259433568	852.8271705067334	2823.2109760860053
0.6787892461646885	1255.5398252304299	987.586819010266	1155.0574478978683
0.9546069362129097	1523.584942693115	183.1827848246695	1020.9341334924478
0.7116452567082521	459.7837605964517	386.7643302294528	432.40147420882715
0.9080908517139855	443.46312241838064	120.6575611218799	322.41103693219287
0.9716014411072171	175.27362117460157	19.427635012244423	116.83137636371764
0.7875710779365145	2020.6705918953103	1115.8908402353354	1681.3781850228197
0.980437305401479	83.33943683715275	14.354142190849373	57.46995134478898
0.7194193994631666	660.9066409252301	496.54677228383764	599.271690184708
0.8209548559940734	1044.8907041036232	503.8405835531181	841.9969088971839
0.5854719772138811	1980.759841053766	1787.2091029885494	1908.1783142793097
0.9834574360325213	895.2406205738388	39.78490665612708	574.4447278546969
0.6640358372289417	1687.0604258335773	1350.4902515117844	1560.846610462905
0.5255988976418146	2695.182831806361	2560.1160132866535	2644.5327748614704
0.7878998823802374	241.98306289542126	206.06916692223746	228.51535190547733
0.7451252925149023	1170.7966158606637	771.331082553232	1020.9970408703767
0.5878818443553553	1949.770933605016	1754.9989614592616	1876.731444050358
0.9571471309941252	351.5470592456649	45.99465798604518	236.9649087733075
0.7318430275650533	449.10262000067706	351.245750214093	412.406293830708
0.659288585426708	852.6728310171593	723.9375228794183	804.3970904655064
0.9026533261164663	404.32898486103176	118.52263457465887	297.1516035036419
0.8571766870862735	1142.5262247736023	440.5601471802473	879.288945676094
0.8442976213072401	2348.861899270247	968.676947445382	1831.2925423359227
0.7088702269541078	947.1142617528667	705.2825772812371	856.4273800760056
0.794094049087082	663.2107228267043	378.54270875593556	556.460217550166
0.6755526851084536	2686.3017622646967	2076.927768982543	2457.786514783889
0.6743540859303667	2172.998855455052	1690.3445830248158	1992.0035032937133
0.6581002828469527	2079.480876151118	1673.1003535541145	1927.0881801772416
0.8677347587679208	731.7167437733696	269.67756913303276	558.4520532832432
0.9092604857453666	878.8290902134185	218.5223729221799	631.214071229204
0.7667777980219357	396.75714747953435	279.4238683171595	352.75716779364376
0.8706147270836904	3940.4634494220218	1364.1838541032569	2974.3586011774846
0.9279744223832425	239.03920640347806	59.334871086395225	171.65008065957198
0.8383195804001123	203.15218203705882	132.045087655457	176.48702164395814
0.8161840073394141	1394.5756910942846	680.1257595286679	1126.6569667571785
0.8954859672172315	2045.8412405247593	569.1814388396936	1492.0938148928597
0.9121202287846315	155.37010505753875	60.75470002145046	119.88932816900564
0.7988600417691885	3387.7202744175956	1778.748759932615	2784.355956485728
0.8763431191017127	548.2430326289447	195.03293236765123	415.78924503095965