0.5473126514451376	983.5155116541603	948.3906739125275	970.343697501048
0.7412569450245491	600.7334017131486	416.99925186194463	531.8330955189472
0.8419823714599701	38.77201903828693	32.79237279109506	36.529651695589976
0.641219286337866	727.8268316660465	634.5337329552785	692.8419196495084
0.9253671975491576	1419.8149963746316	276.0560613157054	990.9053957275343
0.9091297809269419	171.49900080448265	56.06340515657707	128.21065243651805
0.9355978794773283	487.1774174163746	89.14043922220381	337.91355059356056
0.9190075439292359	1258.3046348862194	267.86383881090944	886.8893363579782
0.5870497051498267	592.7914556484753	569.8458190248522	584.1868419146166
0.830230321715334	252.7048454333888	138.25799937601215	209.78727816187256
0.6036866531728009	1498.5480300491822	1319.6822478816057	1431.473361736341
0.9387252401240254	539.9668037335139	92.76991929588922	372.26797206940466
0.552261257865456	1688.5821218751134	1573.737588123006	1645.5154217180732
0.7121524121914885	451.4267176968911	355.3077153824393	415.3820918289717
0.8485481730153086	855.3516948212432	349.4331624957761	665.632245199193
0.9465764323197228	173.81042826525794	32.9579107244236	120.99073418744506
0.9954301195132856	246.0803583536723	3.5462038137092264	155.13005040118617
0.7828585609648583	158.2006210407118	123.51854815248933	145.19484370762837
0.813454883517683	64.55684877966394	55.19267739073459	61.04528450881543
0.6409892516049759	657.0658059355014	579.09380330573	627.8263049493372
0.9185158500315538	30.51384842806648	16.423339694001506	25.229907652792114
0.9855503846106666	41.88278803725277	3.8418721657587795	27.617444585442527
0.7873845250296061	715.726660832669	410.28055896667047	601.1843726329196
0.6477480259148171	737.5814289187034	634.4832089653315	698.919596436189
0.6272425200435419	721.0694092808659	644.6785579099263	692.4228400167635
0.8576178793247433	1521.2658356550983	565.9882755167158	1163.0367506032048
0.9573332285972053	105.54953290673289	19.249915124342877	73.18717623833663
0.6813281852129166	717.8180109085162	577.0463752865193	665.0286475502674
0.7136886861621695	612.4223893004178	461.12044030494593	555.6841584271159
0.9143748448223119	332.57455739465195	86.40073874917506	240.2593754025981
0.5579354653505706	1889.8698186748716	1743.1817679047144	1834.8617996360626
0.623287790449052	783.4108721461105	699.5321560158993	751.9563535972813
0.5468643160890833	1120.314309974875	1072.4133205967446	1102.3514389580762
0.9028331489947549	266.8894284447722	82.54748004239472	197.76119779388065
0.6838100613205946	474.14899551415897	398.31009727371236	445.7094086739915
0.682504052551911	383.00938423504846	333.25780444757123	364.3525418147445
0.9980291730116295	1104.8449112294843	5.625161785409091	692.6375051879561
0.7374314346790419	151.62771191313098	136.36311526430862	145.9034881698226
0.9793270481405688	1001.3532741709266	54.111856408816095	646.1377425101351
0.5504698451891487	850.565747144147	824.9191524042997	840.9482741167043
0.8782120634394253	124.63767812831564	61.312746730219445	100.89082885402956
0.8509891320995252	106.8539693196515	67.61151348905051	92.13804838317613
0.7850202949427852	882.1489743236928	501.71587275641855	739.4865612359649
0.7734316477499557	201.01981480873195	152.69148208317404	182.89669003664773
0.7556889848164882	1302.1503094556151	809.9032861116926	1117.557675701644
0.6075412753361559	875.9401300837288	793.6778307729295	845.0917678421791
0.8236275083447221	1054.0468919329392	492.11097253443234	843.320922158499
0.9783884042694749	6.369815197697191	1.580076745814964	4.573663278241356
0.6820431166314768	1093.4962456400904	848.7475381451762	1001.7154803294975
0.9492706455986263	64.31687152369581	17.40740649719709	46.72582213875879
0.9507399852502555	259.98593504413725	40.56093520388603	177.70156010404304
0.7770002717581586	215.47147584844384	158.53961070280837	194.12202641883056
0.9567139009139655	7.7682628438261165	3.3291664659720177	6.103601702130829
0.8500981017157829	52.32093293355709	40.55507315822099	47.90873551780605
0.9295341001068383	15.6727159860532	8.242700155803155	12.886460049709433
0.6287271821007588	905.8577689016784	791.7145446768222	863.0540598173574
0.5569774451760158	1273.0956610004496	1197.4938757926188	1244.744991547513
0.8380286864176294	151.31698208195508	91.82497618991823	129.00747987244125
0.7678700899678825	131.34008171224542	112.56525156690948	124.29952040774444
0.8900925712469441	656.7533183454877	199.68090587955837	485.35116367076427
0.6529478570860652	209.9503121726945	204.74944887938403	207.99998843770308
0.5396297054642397	858.0786415918641	838.2530781480813	850.6440553004455
0.9980663135427587	97.04919043813521	0.8185129737466283	60.96268638898949
0.9023982300473034	217.88702438796807	71.25711628033295	162.9008088476049
0.4602343043247347	1870.7292857225125	1851.5626743249227	1863.5418064484163
0.48550835516631985	1890.7510224583725	1849.539328840558	1875.2966373516922
0.9309912167696487	882.6042312569407	163.11908838783097	612.7973026810246
0.7188939725675078	521.3917013722413	394.508394498799	473.8104612947005
0.45111074645392185	1476.6322183576417	1470.3857447484193	1474.2897907541833
0.7149997315640099	588.9238664995096	443.7817499110885	534.4955727788517
0.8560631828931443	59.44308653569439	43.60395506488847	53.50341223414217
0.9705551309895888	24.216713340342256	5.214062440313764	17.090719252831573
0.8467658316152257	359.19268275241063	165.06540287924568	286.39495279997374
0.9505911700504184	10.987765809466827	4.4700214840274235	8.54361168742705
0.9153551715508033	43.83461693235773	22.453452624650083	35.816680316967364
0.7108814607265546	367.8767856070856	300.3807379986587	342.5657677539255
0.959428678485317	2569.202469423177	265.81384296240617	1705.4317345003878
0.7394565915771173	2188.8868498595157	1410.5052093978773	1896.9937346864012
0.845662462365928	466.27064615196673	207.03551238301952	369.0574709886115
0.5206142873927773	856.0123137144819	844.5548948168353	851.7157816278644
0.815245990374619	173.8080542720276	114.35990108055304	151.51499682522464
0.6778424263347202	2165.170829583523	1646.7348263174047	1970.7573283587285
0.60538536889175	737.5853200884702	680.5158061340054	716.1842523555459
0.9091889056470494	115.53527113639348	43.6337925344998	88.57221666068335
0.9237216602121956	154.22902424971937	43.755663896802325	112.80151411737549
0.9958447941107607	673.7689441292175	7.471867147740284	423.9075402611636
0.6269929484724981	1839.781521402226	1550.2271501228454	1731.1986321724582
0.5556674136128225	872.8219779985935	841.5618841487998	861.0994428049208
0.8236686121737749	1994.0058713160827	905.0605951455584	1585.651392752136
0.6305554865501026	1304.4114788720617	1109.4621039860485	1231.3054632898068
0.8683067970715542	107.67196121673489	60.44386078709759	89.9614235556209
0.5717707438314832	736.4022666116489	707.4346526537652	725.5394113774424
0.606194061611487	1256.1157432921698	1112.2558922700198	1202.1682991588636
0.8121035839343023	137.819935160655	98.91835094390028	123.23184107937199
0.7085779867016276	448.03263281746155	356.5163503170857	413.7140268798206
0.7757747513160245	120.05454944310426	102.43048802739162	113.44552641221202
0.8840941714521525	120.92871705972402	57.28965644627303	97.0640693296799
0.5673689301687772	1921.9619672419965	1753.7000185689246	1858.8637364895947
0.6524148732816732	1670.6790656117898	1350.7060825755627	1550.6891969732046
0.8835916100738013	94.338760143473	49.46529304552189	77.51120998174133
0.6999060582469325	160.8446895877364	152.6687616714613	157.77871661913326
0.9857737464308007	83.61468728112233	5.578391778956018	54.35107646780996
0.785299799625952	304.68196663870367	199.61198527438404	265.28072362708383
0.8176384587303828	57.57169547125732	49.51972205320741	54.5522054394886
0.8980903698809548	2648.020361526608	694.8292612134229	1915.5736989091636
0.6052388358501478	912.532309472304	826.8825302553578	880.4136422659491
0.6744875486230728	534.6773600685556	451.3667873971413	503.43589531677526
0.8671281243017344	313.06979621292675	128.21266877054956	243.7483734220353
0.8541672690425186	42.627589264975676	33.67055447626493	39.26870121920915
0.7783430074804193	110.16149365735552	94.86105462225808	104.42382901919399
0.9937212062598513	6.063637422964121	0.43427910934889935	3.9526280553584128
0.9837455135122842	72.89787377265091	5.923888126516509	47.782629155350506
0.925270962864152	47.65668380285641	21.215811326550828	37.74135662424182
0.45485631463705384	1318.5111499205989	1314.371715896152	1316.9588621614312
0.5316465642340744	602.7076422708291	598.4732063725054	601.1197288089577
0.8870159000067775	156.42283416225968	65.74429216354726	122.41838091274252
0.7405506082011554	394.98264672582167	291.4701202742197	356.1654493064709
0.8642304683294283	1009.8322712940492	365.8877117158836	768.3530614522371
0.7425237657132869	554.8992396645158	387.19881296554405	492.01157965240134
0.8106087755507392	379.3878512007277	211.9518126399064	316.59933674041974
0.6897069978457839	739.3260227218466	581.0142012637045	679.9590896750433
0.6836280301967725	634.8992776924786	514.2712602461468	589.6637711501041
0.46462400657198055	1528.156100004125	1516.2437733391941	1523.688977504776
0.7548081904114056	275.89724432155134	207.9580509088048	250.4200467917714
0.5295271778816923	1489.1968086908669	1425.9226181588247	1465.468987241351
0.6172186467101141	1315.513046514285	1142.7898514403525	1250.7418483615604
0.7484198706549099	973.7805221083663	631.9629709797807	845.5989404351467
0.9895620000968824	1123.2942046320638	30.313820651480228	713.426560639345
0.9246993988451853	22.460841789143732	11.850385752435475	18.481920775378136
0.9422556016058885	124.81452844873728	28.88296883143694	88.84019359224965
0.5053923925987848	1371.6379246115996	1341.797139508097	1360.447630197786
0.8381840146696458	374.41349189267055	180.1614407895852	301.5689727290135
0.8017228087176864	64.73389209805086	57.21136264871734	61.91294355455079
0.9678271905636266	3470.8314533182124	283.58078976256047	2275.612454484843
0.8988396660829467	23.57879228174277	15.803768164116223	20.663158237632814
0.6419815309816792	275.36713163458063	265.7084936208117	271.74514237941725
0.5489214709073222	1001.6551499496226	963.4700074993162	987.3357215307577
0.7893122820368256	129.0415699110292	103.71958124548493	119.5458241614501
0.7542354185797703	484.66087461329516	330.7538523463422	426.9457412631878
0.9862943102860857	47.61038594518577	3.9397090689080763	31.233882116581633
0.9963943348846871	21.12430497703356	0.5688281231760666	13.416001156836998
0.8279333728273887	333.1892073764425	173.87638641042332	273.4468995141853
0.6691496653420155	456.80052612354524	398.5442655632415	434.95442841343134
0.5512228516336475	1038.5823523735958	994.6909238892861	1022.1230666919796
0.6049978524148587	777.1361976099398	714.052980437841	753.4799911704027
0.5640088669568994	466.0137710311345	460.4848808312473	463.94043720617685
0.8383932157818701	129.93568137563219	82.83515513187216	112.27298403422218
0.6979586661625531	551.8647962255075	438.76054557395315	509.45070223117455
0.7013676661192746	685.7627267346586	527.2935221557584	626.336775017571
0.6879084253056152	698.2929831660972	554.2446199584326	644.274846963223
0.7155076433860756	550.7646634387726	417.81093000893316	500.9070134025828
0.908531212186813	166.2294811315534	55.27318255082691	124.62086916378097
0.7748344233805333	178.63614058967025	139.2017275256391	163.84823569065856
0.452642232045662	1481.2016021996633	1474.4136286147877	1478.656112105335
0.6115919106601043	507.03896927300775	480.7345248472893	497.17480261336334
0.9919666337840995	19.878405605000708	1.2025588345510894	12.874963066082099
0.9258045845228643	127.21558042679257	37.693128584892484	93.64466098608004
0.8673665650125066	50.03897310316457	35.91769252617866	44.743492886794854
0.8732706874462213	78.88360594836817	47.92778233422635	67.27517209306498
0.6095225548856316	998.299393797237	892.8547827241417	958.7576646448263
0.802375245069879	344.9572962154728	204.09285736167652	292.1331316452992
0.5560080914358774	948.2942738572696	909.2713270905434	933.6606688197472
0.5235112127941874	1142.4841240384558	1113.3273781411667	1131.5503443269724
0.4899219841605277	1509.1912629473818	1483.8396948620616	1499.6844249153867
0.9546472148324865	69.95261246697791	16.29593724743117	49.83135925964788
0.6407096334176355	1037.8667723034278	879.4786819581864	978.4712384239622
0.7221025311834762	2174.696582105811	1477.673044757074	1913.3127556000347
0.6164106734020339	505.3583592267529	476.42599091751197	494.5087211107876
0.8523389280429974	970.140841852643	383.03195522197257	749.9750093661416
0.5944769997531708	1387.2939711921515	1242.0044070282727	1332.810384630697
0.9386171230579217	747.8548382616169	124.39489056121124	514.0573578739647
0.7988089002928587	849.8763428821071	456.0263334853707	702.182589358331
0.9285254976612928	170.36454596719665	43.72619418380178	122.87516404842356
0.6854306472940074	596.0684224977913	484.2195637134906	554.1251004536784
0.8686507948647385	32.03421742799151	24.778679238610362	29.313390606973577
0.8202791948495968	1834.1774330640278	849.8654278979292	1465.060431126741
0.7652809683499618	305.95284612406715	217.08105270397743	272.6259235915335
0.6576980450675138	479.03939236055015	424.94549562289654	458.75418108393006
0.5504249928892314	1137.910504598427	1084.5656684891192	1117.9061910574364
0.5072235708366679	979.4710243344206	967.8603227472537	975.117011239233
0.8099083746646226	283.6616266654517	168.3982087359759	240.43784494189828
0.7936413828868095	385.92719609277816	233.03327034867294	328.5919739387387
0.6533506877012937	943.5004478032818	786.1338313633587	884.4879666383106
0.4925381875529407	1034.9701205479917	1026.4016794892566	1031.756955150966
0.8986375877611851	120.63915350957168	50.02906438329373	94.16037008721744
0.5537059451089804	551.3762724194297	543.9225427057198	548.5811237767884
0.6953456793481761	470.1191864966948	384.52601591899275	438.02174753005653
0.9516369177530535	26.77543090097055	9.178708129936947	20.17665986183295
0.9696506674262639	296.9685700893259	27.52874697839647	195.92863642272738
0.7861982879877952	83.42167962713535	73.74714285258767	79.79372833667998
0.5747490876862236	751.4535678455441	718.738166019587	739.1852921608101
0.6517582265902898	256.4892825925986	246.5303499426284	252.75468284885977
0.698537169898533	194.67420238681075	181.40743680192185	189.6991652924774
0.670530923058387	1081.8142644237453	862.0417737405924	999.3995804175629
0.6964680043373951	1345.870122569129	997.3626529855875	1215.179821475301
0.9770905046802597	18.77660535904127	3.2585435602511215	12.957332184494962
0.6738622675812478	291.6674747483404	268.91890338617884	283.13676048752984
0.8965115687989421	832.2989748694492	233.0460529643837	607.5791291550497
0.7257244858696568	1128.7441220134665	779.8360744286583	997.9036041691634
0.7568112334019564	2051.1471576937643	1248.4369790329074	1750.1308406959429
0.7444044758475239	1889.247760544215	1202.8417779739902	1631.8455170803807
0.8675017698559566	36.9250289871344	28.0386887006794	33.59265137971377
0.8598093373301607	242.49796596581837	111.00881047648573	193.18953265731864
0.47571355753904804	1418.1611888460732	1404.5642568828941	1413.062339359881
0.5066610837720346	896.8760215153856	888.3446678680488	893.6767638976343
0.9751272737454999	20.36533162789526	3.799537083728646	14.153158673832781
0.8307407579950509	152.81567069659363	96.4001776206357	131.6598607931094
0.7549458839559368	126.79549411473062	112.9241497321135	121.59373997124919
0.9271515483779409	97.15030848972208	31.562274186416666	72.55479562598255
0.8036481098950453	51.73397292183832	47.410294418356905	50.11259348303279
0.666765367183323	189.47984661372794	183.92228843814695	187.39576229788508
0.9080644564604933	257.4974185221591	75.93132389296049	189.41013303620963
0.7420365883697025	215.24593985558084	178.93990610779048	201.63117720015944
0.47642905695419896	1941.882578477757	1907.197711959427	1928.8757535333832
0.728634197676295	2013.3868614976104	1344.573619585628	1762.581895780617
0.7271485723615828	1712.8736127242892	1155.4185607392833	1503.827968229912
0.6921383147024132	924.2934566802767	708.593873029497	843.4061128112343
0.7137552542331698	851.859142115306	621.2531084824964	765.3818795030024
0.8621058287431818	213.18143810207135	99.34657673465699	170.49336508929096
0.4660078171040626	1478.0247502548305	1466.8065915444795	1473.817940738449
0.8381972954428053	1473.1168720900864	621.8003861085418	1153.873189847007
0.9911444638245115	149.38871289554532	4.860149334075302	95.19050155999408
0.570054675374107	590.3868470924398	575.550401839006	584.8231801224022
0.7897069026192212	200.82088049251124	142.82945297942442	179.07409517510368
0.65292053875218	444.04797004371693	401.5202002281654	428.1000563628851
0.805729429784855	291.7845130698265	175.73774334628916	248.26697442350002
0.4528111812876881	1596.4008474854772	1587.380185814247	1593.018099358766
0.9625378158810685	118.74994582916644	18.072728768630597	80.99598943146549
0.9606358052936901	113.43175144027035	18.496656545399247	77.83109085469368
0.6151920986970595	1039.2341073374084	918.9050155400446	994.110697913397
0.8687175490715111	354.81393853014026	140.2112173407202	274.33791808410774
0.7238125539605742	984.5726206654024	690.0959820252708	874.143881175353
0.6845338872286897	166.41679445284316	160.36946277701972	164.14904507440937
0.4440248458485302	1513.4005036461272	1508.7920304365175	1511.6723261925235
0.9802424603192712	771.1050508676917	40.620754302609555	497.17343965578596
0.4575210993596824	1677.4924864735167	1664.9306631402742	1672.7818027235508
0.8301938866523495	366.2670148996991	185.41203383272307	298.4463969995831
0.7646963782025773	426.5719881218007	285.50928200307237	373.6734733272776
0.6782288184255257	279.6149780162788	257.3423404920839	271.26273894470575
0.7897827286435978	496.471580703355	293.5019300644425	420.35796171376285
0.8439796458433554	146.07833457668693	86.52587362445718	123.74616171960076
0.5299676256151016	836.6604683606408	822.5995324958142	831.3876174113308
0.7187588059065002	269.70214408655767	228.4785736110565	254.24330515824474
0.9587888418461612	7.437470722021554	3.1183271276534343	5.817791874133509
0.5453349453405525	1486.3160111588402	1403.0479783518633	1455.0904988562238
0.942783420997648	560.627718912535	89.44785990758143	383.9352717856774
0.7056321757283248	440.25105335612415	354.0472656545774	407.92463296804414
0.9705900867047896	30.084977376981364	6.205057974676748	21.130007601117132
0.8477705833818083	329.16787489739073	152.76190167122883	263.01563493758005
0.9570370617361691	8.26281460765631	3.3809038138075134	6.432098059963011
0.6376648321136325	418.78377907257186	391.0728672928358	408.39218715517086
0.6467587842618936	334.379458349181	315.83192106539906	327.42413186776275
0.9970706340752278	327.4329519188552	2.835630951460047	205.708956556082
0.9789380660339878	13.724275826108517	2.2726372827192662	9.429911372337548
0.7877802526796948	392.8846344189966	242.73622660545334	336.57898148891786
0.7750878897802214	104.69671620725597	91.73481807502355	99.83600440766882
0.6414092211023393	379.9725444587652	356.7089777310783	371.2487069358826
0.8076358237009086	1562.161955849571	775.9779003529154	1267.3429350383253
0.7613499208523099	92.45078391892699	85.02630395738231	89.66660393334773
0.8526580884715546	1214.2019765324471	471.901208336044	935.8391884587959
0.6701502340547987	194.178309070767	187.40333926107365	191.637695392132
0.76091689371316	2359.127135462128	1410.569983394715	2003.4182034368482
0.6359433912317093	593.0705600302772	533.3718408913537	570.6835403531809
0.8686064142651074	2326.4656066504645	788.8740800731412	1749.8687841839683
0.5663083489316908	530.3134350603959	520.6602230827607	526.6934805687827
0.9703262542771488	38.26470789777019	7.445082852790021	26.707348505902626
0.9867794406898385	6.186828131132618	0.9184360704192094	4.211181108365089
0.5959275229572818	630.1737898584336	597.1220732292056	617.7793961224731
0.8476049550823103	63.12956277156496	47.60822740109555	57.309062007638936
0.725360639291018	164.0139488927316	149.32456152194226	158.5054286286856
0.8861153748519317	427.4670804817216	142.03024430619496	320.42826691589914
0.8446196193879083	1323.670127346462	539.5853118406324	1029.638321531776
0.5346089706151221	927.0191813082394	905.3452936732614	918.8914734451226
0.7014224908208154	1296.5188335019748	950.6388063978103	1166.813823337913
0.7411941630036593	1931.99358791724	1242.1529470052856	1673.303347575257
0.7448266649255305	287.2457086437636	222.0906432927605	262.81255913713744
0.7860647785870584	659.9011154665623	383.41366511011665	556.2183215828951
0.9391138851409155	14.341298440727702	6.6893688654084755	11.471824849982992
0.5967774289180222	1231.2022665520744	1106.0616452517302	1184.2745335644454
0.5423046972125689	550.9480822198185	546.4284542834843	549.2532217436932
0.7157969483727825	520.1020041048592	397.16226754820156	473.99960289611266
0.5460476811854494	521.7511606821432	517.9664795180535	520.3319052456095
0.7575183899926458	1331.5130205711978	821.8165817031133	1140.3768559956661
0.7248284069155444	426.078018352451	326.2083418856792	388.6268896774116
0.5976211021741159	493.8742662655233	476.1523732025799	487.2285563669195
0.9638723682880864	837.776348819659	80.57932197064889	553.8274637512802
0.9315598231740972	146.8271388336624	37.966971271809214	106.00457599796746
0.6844535895277161	597.0646762441057	486.0569338704389	555.4367728539806
0.8797751413043327	420.98277187561564	148.0452870635871	318.631215071105
0.7991453994461224	183.8550899215177	128.55406564981914	163.11720581963075
0.719587277696647	122.33766158486266	116.48102358401819	120.14142233454598
0.9290584307254164	27.344326724551422	13.294372981866431	22.07559407104455
0.8834558652430704	677.6856021452504	217.81192707536846	505.23297399404464
0.7139047431978753	224.15342902938525	198.94921527335842	214.70184887087518
0.9621611015430797	57.47508211813766	12.178024049785925	40.48868534250576
0.5112222529108914	746.951954787454	742.356738274517	745.2287485951026
0.8762269596509694	199.85991691232698	85.14717164234058	156.8426374360821
0.7518104139837408	128.67974318897782	115.12738496811352	123.59760885615371
0.47607924761712583	1334.5778955239518	1323.2020403887825	1330.3119498482633
0.9415990277055972	1413.7507223061423	214.4606830814846	964.0169575968956
0.6349885682566033	1487.2580255163741	1247.3910870517736	1397.3079235921489
0.824389665285709	978.850275495372	457.2049677680766	783.2332850976362
0.7256798715512348	434.57719465406393	330.8456192024873	395.6778538597227
0.7656815718305917	84.78501285088684	78.25565599874476	82.33650403133356
0.9676684780454056	485.9810589848328	44.219765261523605	320.3205738385919
0.4832369864386372	1882.194591408443	1843.7747546984306	1867.7871526421884
0.8712703727617557	1714.2980230594894	573.976828344793	1286.6775750414781
0.6500945279474968	221.45695723446227	215.56890253868028	219.24893672354403
0.8633918156992397	51.99063129696387	37.82029113516792	46.67675373629039
0.6305578356515411	291.7544825451233	283.16982171606844	288.53523473422774
0.7576287317318985	782.8225655973515	500.3277850551053	676.8870228940092
0.5255666284261308	754.3185027921282	745.4734526571439	751.0016089915091
0.840095460345531	136.4121420564978	84.67781322118702	117.01176874325625
0.919752552274929	41.28526584707707	20.497037757402207	33.48968031344899
0.8349206589252081	912.0183574424049	403.2450939806398	721.228383644243
0.603352887782982	319.76658042936856	314.90924127233984	317.9450782454828
0.4823295972652767	1443.2354104308451	1425.5441079914922	1436.6011720160877
0.6182410308230848	778.4793555322433	701.1456824631787	749.479228131344
0.9761255835218268	8.156421108321394	1.7907341082950903	5.769288483311531
0.9971532569904956	11.482947358186092	0.26426651701192316	7.275942042745779
0.7622183836671662	418.1499241834988	283.38274100395665	367.6122304911705
0.43946345046990426	1666.3448938572478	1660.3453220996303	1664.0950544481414
0.5987606210798618	962.9796272588793	877.0184529061333	930.7441868765995
0.8073383437130869	1059.6799332873318	537.691548461255	863.934288977553
0.6967638309789712	1766.145695952273	1292.8185805497078	1588.648027676311
0.9028344985662866	58.79887895142174	31.0924685505753	48.40897505110433
0.7189716610008422	1145.1495860265497	806.2174194727315	1018.0500235688679
0.8694312706929593	2412.0173200779373	812.4632798630104	1812.1845549973398
0.9413799769128534	430.9833292490336	72.96607211732032	296.7268578246411
0.7530415291805032	1337.070598351959	838.1960747656838	1149.9926520071058
0.8133904377709286	1341.993770520192	652.284664644821	1083.3528558169278
0.8577245943919268	27.58526742582275	23.53766769971022	26.06741752853055
0.571331866880961	794.0732576725657	759.1264119108766	780.9681905119323
0.844509968701635	357.5878457272396	166.83853968454608	286.05685596122953
0.8231516651420123	378.48741326214906	198.12775592965878	310.8525417624652
0.7570731234642201	1146.938023694475	714.6799589143825	984.8412494019403
0.9972163949557318	759.7143140121475	5.599780358096837	476.9213638918785
0.8356336365862596	41.745465222332015	35.70200977025098	39.47916942780163
0.8739749012101422	479.854085275921	173.62808266420114	365.01933429652604
0.5955636383486977	830.1947011107804	768.4041386776762	807.0232401983664
0.6907004474096821	816.3000235421812	634.3188403908227	748.0570798604217
0.6942361110390198	323.21816102314625	281.57452381544596	307.6017970702586
0.9878436695063392	249.3380875533958	9.553119650413208	159.41872458977733
0.8996462858999099	190.6934563503865	66.6720634952405	144.18543402970673
0.48169765175009305	1202.8091376666198	1192.9959700505224	1199.1291998105833
0.9383125559930596	10.31656946665021	5.498244881479836	8.50969774721132
0.9593611933971743	63.229844925329374	13.800889866024065	44.69398677808988
0.8989198984982903	136.4157402505154	53.8265745927301	105.4448031288459
0.7105860169647684	126.76469112945624	121.83246062561689	124.91510469051649
0.8409942258095242	109.51607975795164	72.91609253454422	95.79108454917386
0.9149959090783717	1844.845421112192	405.8074874168901	1305.2061959764537
0.8943374195720303	29.38692756923573	19.662229950165305	25.74016596208432
0.7132213718556851	491.6078568926191	381.06589623243485	450.15462164505004
0.762357171985737	197.63120097184455	156.97178539377106	182.383920130067
0.8040557113071337	1941.845485477792	974.5693724093511	1579.1169430771267
0.6813360132499514	324.05884865053474	290.2417298593357	311.3774291038351
0.9764859501949167	575.9683665390422	37.20059455687738	373.9304520457304
0.8429177783385381	86.78123306530625	61.6172603272677	77.34474328854179
0.6192229158676237	385.78015220431394	371.02518566579704	380.2470397523701
0.6857213181893268	851.2351164212239	667.0951177447077	782.1826169175304
0.6679665884518023	199.59229061322642	192.6085313943794	196.9733809061588
0.5492614094265269	1701.4118943576627	1589.956387351282	1659.61607923027
0.6665112398192747	297.75910416950745	277.06205335892895	289.99771011554054
0.5003542989289023	898.1524640773854	891.3513879673852	895.6020605361354
0.9586014288135717	78.53461835783683	15.83506429155348	55.02228558298057
0.7994026458145053	741.3580281177296	401.47364013836324	613.9013826254672
0.9240950464310452	429.2605595409392	94.53527719087415	303.73857865966477
0.7745852788929002	116.85963673246839	100.55524483716495	110.7454897717296
0.7755914639853952	96.01536909488115	85.19783385754982	91.9587933808819
0.8829033504859648	526.4653195290446	174.82091912933384	394.5986693791531
0.5906975997854387	638.5136733341975	607.9903731563148	627.0674357674915
0.8894650829886878	1555.8903867777353	449.01455952408253	1140.8119515576154
0.4671800553685504	1499.983035971984	1487.7419791028374	1495.392639646054
0.6520387168132875	1352.7667747218877	1104.8809594357278	1259.8095939895777
0.6218086055441995	353.99719969477405	341.7191271211925	349.392922479681
0.6608367543178829	450.849492280158	400.7896376488182	432.0770467934056
0.8461905812269396	525.3803385861938	228.81467421986514	414.1682144488206
0.9950209807521957	376.41150229712025	5.421867296652437	237.2903891719448
0.6809604119851249	609.5399420330862	499.0872382547934	568.1201781162264
0.4660807910338078	1723.2434129568624	1705.1396008583874	1716.4544834199341
0.6840647957566037	1793.2823834061876	1352.6028909901754	1628.0275737501831
0.7679609038036529	1632.4265643111437	960.7961263997779	1380.5651500943816
0.9877404569549981	244.36063942947362	9.492884842787475	156.28523145946633
0.8459538839700691	71.32832277462316	52.65650659980735	64.32639170906722
0.9645383676716948	432.77873645440866	43.93296973403827	286.9615739342697
0.9544432191976764	10.47665627241205	3.990679804287082	8.044415096865187
0.7767310652962609	1485.4904060732697	847.9175312121401	1246.400578000346
0.6793059670933936	315.23156966120814	284.67267421706583	303.7719838696548
0.5647610502778835	1093.992945265805	1029.970278335962	1069.9844451671138
0.8710966552350505	2792.4446686835845	927.7129154978561	2093.1702612389363
0.8308336698907213	321.0647634671942	166.00983242979737	262.9191643281704
0.6260855330394597	1106.9303183516752	957.8953053813153	1051.0421884877903
0.8748056009523402	88.18161197755677	50.86933052953757	74.18950643454957
0.8909005647076452	61.47426545056764	35.56539810169467	51.75844019474028
0.8638515487695038	187.2743970002104	89.49005310394199	150.60526803910975
0.6837045389523065	870.2396955859475	683.9773087709478	800.3913005303226
0.849398811521062	224.56471424299662	112.59324974153566	182.57541505494876
0.9068014298001118	16.127078336284697	10.93900903858203	14.181552349646196
0.5157506809577137	832.8743306784429	823.8900063947547	829.5052090720599
0.9239194184472528	186.33506195763022	49.52043535753374	135.02957698259405
0.9918071610179464	156.64017486480685	4.635590945574833	99.63845589509485
0.6592530649668079	293.107729837466	276.0427823035671	286.7083745122539
0.9665006216211603	2824.569097356382	239.74202956470026	1855.2589469345012
0.9843360674472885	6.672324641036559	1.0978598128040784	4.581900330449378
0.5669991433727092	537.6307244134046	527.3464613729491	533.7741257732338
0.8471105388318392	159.0691275318144	89.78967817512489	133.0893340230558
0.5666637127843906	1902.3845374866405	1737.8429498178048	1840.6814421108272
0.7636574779365818	148.33208259754102	125.49014033906363	139.76635425061198
0.9355395782138961	301.3289916536843	59.8104176642976	210.75952640766425
0.772560750514685	88.74853228182668	80.22131668982878	85.55082643482747
0.7293438727251506	214.50282338984212	184.90578967039917	203.403935745051
0.729813058431186	443.6146358921507	332.4553600768307	401.9299074614057
0.988185669746315	118.36677944372533	5.629212379969232	76.0901917948168
0.737505631888534	1215.5280443426666	806.5736833609303	1062.1701589745155
0.8242541077165502	211.5639856093749	125.35147203398068	179.23429301860207
0.9444978821303648	957.9388365871164	141.0563613356316	651.6079083678096
0.7645397249441448	331.1104314152157	231.8574241751698	293.8905537001985
0.6194095520995331	317.9330142032924	309.5998075237612	314.8080616984682
0.8097503392156744	216.8765358893159	137.66287483028145	187.17141299217798
0.4954608727415486	873.1031969809094	868.5347274554022	871.3900209088442
0.8746179601038678	332.6038961348363	127.01765382413548	255.5090552683235
0.6896029030724272	365.70109619015324	315.43011399647327	346.84947786752326
0.7237850186631936	544.2192490034133	403.6756908073077	491.5154146798737
0.7057981829222141	211.80077228420132	192.86432254378562	204.69960363154541
0.701595058011394	1225.095328084895	900.6836688395831	1103.440955867903
0.49258877056040384	1615.1253737753107	1582.1245125413004	1602.7500508125568
0.5676308190587209	787.3156712941621	755.8880915797157	775.5303289012447
0.8235009150352592	464.37171398724786	234.9982729791955	378.3566736092282
0.7979083896375281	438.6395135671162	254.46528345069476	369.57417727345813
0.6923105668205247	187.59188583995322	177.0466398890359	183.63741860835924
0.8709461432928517	424.88403103228586	160.17560009943676	325.6183694324675
0.915626745432654	205.43321766755096	58.912105562482026	150.48780062815013
0.6558376682518644	345.8700792874129	321.3447977851485	336.6730987240638
0.7834116879546638	751.1654248605764	435.9380394398907	632.9551553278193
0.5456419580112476	1549.7267495738406	1459.5007274561508	1515.8919912797069
0.83298377793351	70.95914838094643	55.60711567578496	65.20213611651089
0.9656860398466836	1041.1946692729314	93.76965449396016	685.9102887308172
0.7599328436388891	1156.8754044354341	713.1270177241149	990.4697594186894
0.9505234049987573	81.90733601704774	19.402212145124434	58.467914565076505
0.809011161384207	301.6895998214311	177.5254577203017	255.1280465335076
0.6722200162015165	472.79359601976387	407.81685203726397	448.4273170263264
0.8175930768362258	87.34014296835421	69.45191043421407	80.63205576805166
0.788142287866178	81.31718509658069	71.82550515488947	77.75780511844648
0.7278362017896651	1778.576742578629	1195.5275989328447	1559.9333137114597
0.7478546207688055	542.35090297592	372.80343353191114	478.77060193441673
0.7261730549788246	1020.5846464563385	708.5948338103474	903.5884667140919
0.8110515408928941	627.9315043032497	326.6874368984047	514.9649790264328
0.909658707434991	27.85605236075275	16.59823476793371	23.63437076344561
0.7978243794761696	230.7120063800868	152.544560521626	201.399214183164
0.7847362484112475	332.1867355153052	214.3522750267453	287.9988128320952
0.7511483816447593	348.31811104112126	253.59099606637793	312.7954429255925
0.9179128456920803	97.24517212907455	35.617263019214086	74.13470621287686
0.6509080534296414	454.5998268474619	411.2906452093126	438.3588837331559
0.9558691551302896	14.95504606355972	5.082398016030296	11.252803045736187
0.7837974035449524	2027.7166847380984	1112.3984970698923	1684.4723643625211
0.7813811050962958	658.6103205401733	390.3646314030751	558.0181871137615
0.7241660983261753	161.18771969103616	147.427136934054	156.02750115716785
0.9954651860998569	964.7436492259205	11.365089198193118	607.2266892155228
0.7096099913117238	257.9213151586288	225.5248367482858	245.77263575475016
0.855030872016123	500.46909770926413	206.9224002569476	390.38908616464545
0.84859249594886	1363.5302324123145	541.1295164212137	1055.1299639156518
0.5839749450713536	707.039567920436	672.7452924223637	694.1792146086589
0.6606702441371941	1207.1576990460837	975.3814521861184	1120.2416064735967
0.9013232609686375	516.6328827633366	144.73884833495958	377.1726198526952
0.7054621018659171	222.38750918000062	201.17256350783225	214.43190455293748
0.9353242040415581	34.144282824180166	14.616952592410518	26.821533987266548
0.9516438680730743	66.93005477620045	16.963104967874568	48.19244859807824
0.5941088059021827	1689.3831777296846	1499.3762977604151	1618.1305977412085
0.7356707151370779	328.4753413309465	254.59168633467124	300.76897070734327
0.4763721472961641	1585.0841180894358	1565.5812469782636	1577.7705414227462
0.9857640559498265	360.9227054421964	15.026985351433439	231.2118104081603
0.6158305398656665	1531.7112059037077	1323.5846020454815	1453.6637294568727
0.9922630225134907	530.3877223929858	11.277939490236065	335.7215538044547
0.9429291861684023	512.7932291041825	82.45780698894018	351.4174458109666
0.6762533660268671	782.0507532624076	630.8915118308244	725.366037725564
0.9552286089776852	109.36354695731873	20.63132383241173	76.08896328547861
0.9324365365952832	474.4363695191745	91.4710401857642	330.82437101914564
0.5098669154074695	827.8892532329484	820.7352248967435	825.2064926068715
0.646545695836451	301.98409905328646	287.98720995452567	296.73526564125115
0.9014564060024002	845.2957124465103	224.96602925072682	612.6720812480914
0.7624168518206262	98.5387662786891	89.64105089236851	95.20212300881887
0.9059982127532618	23.933883200859153	15.08291454565099	20.614769955156092
0.6614331201440163	677.508812842705	572.1469844744128	637.9981272045954
0.9480342673375219	1454.7384062070464	195.81223152507903	982.6410907013086
0.7122793975603958	148.40647522417817	139.70747233557847	145.14434914095327
0.6169319091276138	1122.9388662209615	985.1614730408002	1071.2723437784011
0.9017658394862643	282.5720331661758	87.24507351751339	209.3244232979274
0.7039111431163033	251.45389421987136	223.74166350629616	241.06180770228067
0.9233242833644059	2315.502078737602	457.03300012409227	1618.576174257536
0.8202343355033919	1929.4376938801897	893.0617330151572	1540.7967085558025
0.9483308786095836	25.981629324056236	9.53009434767933	19.812303707914896
0.9391510289452082	70.51173575686637	21.989627178172185	52.315945039856054
0.8370058016289287	44.67175035304518	37.5452521641515	41.999313532210046
0.894918999805005	223.10096416881433	78.12952071649877	168.736672874196
0.6615555250761419	872.4603119409874	719.5707064686446	815.1267098888588