0.9307339778110951	1505.8400034751805	277.72622453612917	1045.2973363730362
0.5455699982169211	2617.0696413752453	2459.082920966375	2557.8246212219187
0.9537799375308551	775.5445898550354	100.14355779824103	522.2692028337375
0.8554544750519073	1056.1933919154794	418.5113401103398	817.062622488552
0.9363699442730611	2606.049780383459	431.24780856874577	1790.4990409529416
0.9924271622598643	202.52979991821312	6.245728635254352	128.92327318710358
0.8711672861798692	4918.2537861755145	1641.68728514091	3689.541348287538
0.9319750788658232	1158.453609250626	213.42154829326228	804.0665863916146
0.9024888565177808	778.1328892059079	214.39735272702274	566.7320630263259
0.6134311792809591	3171.9118604006912	2720.7507481181897	3002.726443294753
0.9067558678418317	5527.226282172103	1333.5051928270195	3954.580873667697
0.9627449094280819	3117.963177050573	298.8242507381244	2060.7860796834048
0.7560003310762736	662.1354320360655	455.5119571177576	584.6516289417
0.817184077931124	3758.5449246643125	1768.6020504323546	3012.3163468273283
0.8347444612361434	342.9272569596661	192.50090538778204	286.5173751202096
0.950910007655007	1139.7091925967306	150.82172794233634	768.8763933513328
0.6381520020979775	1872.6068356251794	1576.1609003294743	1761.43960988929
0.739796633116049	729.2267866249865	522.7882735234828	651.8123442119227
0.9427751926704914	1508.791374360252	229.08626812885745	1028.901959523479
0.9534512017784993	2051.2839261058775	248.76250341411196	1375.3383925964654
0.9401184025363128	3918.4965081228956	604.9410169681735	2675.9131989398747
0.8632347656695457	479.02303179300463	200.2818376137309	374.495083975777
0.9026335226692576	869.9235565266507	236.3627249152372	632.3382446723706
0.9950148835535996	2871.945717686155	36.37968995776282	1808.6084572880081
0.8997821364289167	449.6471094261218	139.1505464652856	333.21089831580827
0.8555402918838728	1493.8580339290077	577.276951516051	1150.140128024149
0.9039597042571035	373.401137615117	115.89370591074922	276.8358507259791
0.733718469801831	576.5705613724125	447.00289949501536	527.9826881683886
0.6177164212783891	3099.9320700037565	2643.6701676802572	2928.833856632444
0.8369773577308771	3314.891299957537	1400.8098341256982	2597.1107502705972
0.6913113061250847	778.9802144225298	643.4600490363571	728.1601524027151
0.6606366214452329	943.5596720447327	816.8361224388848	896.0383409425397
0.7053738259938591	3633.612208137584	2587.8620888564433	3241.455913407156
0.8116059845113037	1912.6468483886272	943.1731280284359	1549.0942032535554
0.8034687158493613	1601.5015472595471	828.9653149562134	1311.800460145797
0.853474592808278	425.42729301533257	196.06761577626108	339.41741405068075
0.6357970674638692	2235.0409828524103	1872.6884562733944	2099.1587853852793
0.9217037481406551	496.9193975231195	117.21817718925044	354.53143989791863
0.6962717363642685	1830.3033616556525	1364.9249879998208	1655.7864715347157
0.8160499126931314	-383.14229212107017	927.542088170836	108.36435048839462
0.9847274943740275	805.9600947327901	33.84196101997139	516.4157945904831
0.8581237236826619	597.6155942733326	248.77740317179376	466.8012726102555
0.8832853412427465	3038.4929147460307	925.2632105837531	2246.0317756851764
0.8358701941356569	762.4871842986055	353.8786470397562	609.258982826537
0.60580206192391	2775.64325437176	2417.2424309656762	2641.242945594479
0.9256190729958469	533.0148933052903	117.81360590210002	377.31441052909395
0.6030933149540522	2093.939159549077	1853.051896866462	2003.6064360430962
0.9068888238451164	2590.41010103316	630.8897024488928	1855.58995156406
0.9114125214021599	426.71985491866326	117.85155457054415	310.8942422881186
0.7446853823852841	1195.52821649741	796.8272016976637	1046.0153359475053
0.7894968306927952	465.22814789055803	301.58308084690486	403.86124774918807
0.6270104525150817	1298.9802107476116	1149.6171608269078	1242.9690670273476
0.981748773448988	225.2960119780545	15.737457190652947	146.7115539327789
0.789471358432478	2320.230433994188	1258.6193141302333	1922.126264045205
0.9178344027557104	581.7440594580088	140.19174648892542	416.1619420946025
0.8660417051403061	430.336642380915	180.59995692283613	336.6853853341354
0.8246110859684589	416.0163176060147	231.52734316466737	346.83295219050945
0.690472829430985	2048.458303224016	1540.9722185668095	1858.1510214775635
0.7761962182985501	3056.7016741820153	1738.4736353257122	2562.3661596109014
0.9999304636076898	302.8849738865245	0.07001852459876545	189.32936562580235
0.7626687063835849	2348.2974704876997	1417.0034763231179	1999.0622226759815
0.763036735955176	1155.4092549581887	724.1273046039134	993.6785235753355
0.5519885494943242	2910.7836175025086	2701.747723922479	2832.3951574099974
0.9066958791273185	1895.8238969723843	467.4435099443308	1360.1812518368642
0.8399851456271499	2232.890070745659	936.477045874428	1746.7351864189475
0.7002347894738109	998.5747757672685	772.3501921821825	913.7405569228613
0.7528412717036133	1764.8761270084906	1116.1051437567767	1521.5870082890979
0.6924324124795008	756.352094738852	628.2578387405811	708.3167487395004
0.9734026033827864	403.0838351342534	33.20720964563648	264.380100576022
0.7796310599815655	4406.5944561797405	2456.4358934019297	3675.2849951380617
0.6497943755844972	1892.3365816779021	1558.301524607073	1767.0734352763411
0.8817599349695184	2717.5321763953843	840.1156531104222	2013.5009801635235
0.7759734891553198	931.9703639005444	566.6976473510848	794.9930951944971
0.7036770897942481	704.3671429010224	574.0278686477518	655.4899150560459
0.8730200221235082	485.1649206938549	187.75176602434033	373.6349876927869
0.8869372188419119	409.5517888038295	146.47711362515236	310.8987856118256
0.6888535154597571	2820.471493356804	2105.3959647218826	2552.318170118708
0.8067578756169245	687.6252201953171	378.61916617973696	571.7479499394746
0.7083990096909843	2339.5619038041077	1673.3433863274208	2089.72995975035
0.5663701355607555	2677.6803922370786	2455.213726040513	2594.2553924133663
0.6031483756078697	2132.759995200595	1885.4301952926708	2040.0113202351233
0.7934817431477017	450.50613051071485	289.24391022067886	390.03279790195137
0.8040294440367961	371.1939975376422	244.671384549237	323.7480176669903
0.6466733958165439	1728.5241199557513	1439.1335534491582	1620.002657515779
0.7859785067191659	3775.4304202862895	2055.0289560294877	3130.2798711899886
0.8057392998332604	1352.2407854261396	699.2658078026269	1107.3751688173224
0.571584928418966	2250.9068362091043	2069.70902881999	2182.9576584381866
0.9309160284416085	1156.059673041275	216.3848877457117	803.6816285554387
0.9442757348657881	256.129166416603	52.166050385746914	179.642997905032
0.6788985550143126	1955.2489899887953	1514.057330019106	1789.8021175001618
0.878459386549193	332.3518940998714	136.40245914518334	258.8708559918634
0.7718907020620377	868.0207772118104	540.7089187710806	745.2788302965366
0.6381444783599142	2861.412153428103	2366.157552688973	2675.691678150929
0.7568959612261745	3848.8774188362795	2342.7158513220847	3284.0668310184565
0.8544992187267247	420.88085349980827	193.13770082516544	335.4771712468172
0.5727112686129417	1678.5781534775795	1806.0405501624343	1726.3765522344
0.9107593191514137	812.2933579150174	203.59555716138357	584.0316826324047
0.9487733202338914	595.0973513787701	88.36716941384446	405.07353314192295
0.8387393112771603	576.9439945015228	274.1937473024649	463.41265180187605
0.9193676541746011	243.47327279855216	74.81505474970658	180.22644103023507
0.9496333743444436	324.75823277133054	54.32877813773055	223.34718728373056
0.8592914264987411	356.2843483829005	166.11566263708565	284.9710912282199
0.7071358359253894	2967.9939863777713	2114.016708504823	2647.7525071754158
0.72404682171554	1516.8293572167147	1060.4569763232141	1345.689714381652
0.9722222479270387	534.4938105072483	43.42212728884036	350.3419293003453
0.5328876025659333	2644.694822562414	2522.4214872276584	2598.842321811881
0.7279155299680815	640.6146140454675	491.2718957315492	584.6110946777482
0.96346724773354	963.3318070367659	95.91624661365898	638.0509718781009
0.9415000733192002	285.3698574523292	58.28373604498472	200.21256192457503
0.9668560020920266	206.15441503626033	27.900563917614505	139.30922086676816
0.7048323710350247	1354.555567800589	1006.5438175411779	1224.0511614533098
0.9614536998121479	549.4451992260033	61.93467851678605	366.6287539600469
0.6457758535053268	2276.8533485843186	1872.7573243863976	2125.317339510098
0.7366800849623873	1729.7810356003101	1155.1308505964666	1514.2872162238689
0.8427975697613962	481.23104552438735	231.05775755825888	387.4160625370892
0.582151229245303	3220.9093124182223	2879.889584625164	3093.0269144958256
0.9067180271835409	316.45144981383015	100.48641441714899	235.4645615400747
0.6951078815493809	3087.41919502188	2264.687055696487	2778.894642774858
0.7919735093684883	650.6485572447097	387.3395225071357	551.9076692181194
0.6880916639471116	1548.6297587394351	1189.0978536527546	1413.8052943319299
0.5999044740518802	2037.6993017855652	1814.3439378473468	1953.9410403087334
0.5813221816390788	1808.8506640920466	1670.2814946271444	1756.8872255427082
0.9718647162254289	250.3365047873176	25.65477738678122	166.08085701211647
0.976269207698164	1778.554110957517	109.92924039021227	1152.8197844947777
0.8791374687565131	941.5124351573846	315.50711257505907	706.7604391890126
0.8577010788210716	3144.558363192693	1165.3982527666467	2402.3733217829254
0.9517389931469715	314.51804719558254	50.90901801407463	215.66466125251708
0.9654974042523994	600.8489707493868	59.68568590220292	397.91273893169284
0.9100624838311198	2179.725582966257	515.0077232098402	1555.4563855576007
0.6570359140773632	1633.922844146489	1337.9754697324495	1522.9425787412242
0.9064489631069371	305.94531960307864	98.68025233224834	228.2209193765173
0.9867890028590931	1451.5277500930697	49.98646419963927	925.9497678830334
0.6787571158164986	132.51691267942977	1342.7903595835696	586.3694552684822
0.5603667971141914	1559.9794511417472	2345.6631704634633	1854.6108458873907
0.7545492703600682	1926.6109493157965	1206.3541878494157	1656.5146637659036
0.7737597708572087	1264.9247807860445	755.4937751719557	1073.8881536807612
0.8093943239225553	689.7883305016826	374.7154947153056	571.6360170817912
0.9752929472112969	298.7714538895809	24.95186881138133	196.0891094852561
0.8434980866578295	975.265310899968	420.9161256790044	767.3843664421066
0.7471732210690992	699.1773507320866	491.9920552485935	621.4828649257767
0.6946701862942712	2385.072505081832	1765.3805395968893	2152.6880180249786
0.830253319352772	2103.9794922172186	936.1200742373893	1666.0322104747827
0.7785933818567079	954.5614799511102	572.8745904328694	811.4288963817698
0.9401402020889924	847.158468271808	140.90353004977953	582.3128664385473
0.5585428553635053	2920.322906507609	2691.412251097608	2834.4814107288585
0.9191398367889859	229.5122096297391	73.33500078747787	170.94575631389114
0.9887052183909802	672.6683204483294	21.28169920721325	428.39833748291085
0.6437335790701929	1826.462317934409	1524.103014627407	1713.0775791942833
0.896925596150426	3108.978317093418	835.075936557072	2256.2649243922883
0.9104050410032092	427.611552686507	119.40867194591053	312.03547240878333
0.9030549755578414	1906.021936520734	488.409580860849	1374.4173031482771
0.800037779192897	490.6389250628987	297.66380582702425	418.2732553494458
0.7229299990260545	1579.9903625462202	1105.4415568692539	1402.0345604173579
0.9437866912682491	2608.5335623708943	380.4888761524869	1773.0168050389914
0.8477883915203055	4000.1457514580557	1576.943354609129	3091.444852639708
0.8614562269180939	383.1582212268702	171.72707011086393	303.87153955836783
0.9201674237540123	1050.2976419870147	229.23258661286326	742.398246221708
0.6209312160594828	1684.268309760732	1469.6951268645528	1603.803366174665
0.9555660382484515	590.3871354997245	75.97944506786183	397.48425158777604
0.7484694647888236	2049.147214915866	1306.7192333901023	1770.7367218437046
0.9981922258169491	1764.1800954201053	8.24291810787065	1105.7036539280175
0.8986436476869183	1633.5626981504247	440.9176433401366	1186.3208025965666
0.8695054653763704	396.18849442538226	165.4340540211116	309.65557927378075
0.6675951170921931	2318.93515624275	1826.5240225159575	2134.280981095203
0.9200686645271573	1580.0469463714776	336.0560415957116	1113.5503570805654
0.6947997310484652	1205.479897338272	927.716598871709	1101.318660413311
0.8657099888653345	944.9220716847843	351.6828221749032	722.4573531185789
0.8232839572558337	1511.5691543285843	709.8399140621864	1210.9206892286852
0.9052291770372375	503.7772583459584	143.9315921494511	368.83513352226817
0.9275482589700557	1200.3990902424614	235.07933790660195	838.4041831165141
0.5389947597560052	3076.441154841406	2886.692364296206	3005.285358386956
0.9804767810512867	1038.0825811446284	54.4832614629903	669.2328362640142
0.6381764093780963	2431.325094748598	2021.9140437549736	2277.795950625989
0.8415783768029597	698.3946748059305	316.7467112209654	555.2766884615686
0.8644818791375976	299.6289260787744	144.17653034034558	241.3342776768636
0.9119003772956717	254.36287911345119	83.78915061662222	190.39773092714034
0.9963825004533295	3209.0175287630905	29.520555644391152	2016.7061638435782
0.6495261318810713	2165.2537718545473	1772.3741489035988	2017.9239132479415
0.9860541016557385	3296.3090304304783	116.82401211744627	2104.0021485630914
0.9715155435616094	1047.509747833143	80.39995335298812	684.8435749030849
0.6184957578010821	1435.3446132337856	1275.4955597346604	1375.4012181716137
0.9693151847951619	4400.253687559332	344.60886878369274	2879.3868805184675
0.9402317635151287	193.80130266948316	51.10628353968029	140.2906704958071
0.6377276524217909	1161.5219706530731	1021.6964581149892	1109.0874034512917
0.9976850447777946	781.1906577507679	4.967644975748044	490.10702796013544
0.7672642306194574	568.7531905618232	386.098756058436	500.257777623053
0.7674770707883851	781.7122018217855	501.80902194283647	676.7485093671796
0.8587400339018467	366.82127255843574	170.04128909080117	293.0287787580728
0.9432674155030324	682.8533977473458	110.35800563262859	468.1676257043268
0.5776371222307474	1793.3199315133156	1669.1168334839344	1746.7437697522976
0.7739147206165412	1485.9354176698564	877.650511453033	1257.8285778385475
0.876454722916329	1652.683355512695	543.8292598709796	1236.8630696470516
0.8049482009990012	2647.9102618459015	1333.484163804727	2155.000475080461
0.7560292995386227	3169.1686147367936	1942.0234383789912	2708.9891736026175
0.6104217382480694	1173.1419722305404	1351.2368641370313	1239.9275566954745
0.7977177078372868	4574.974930032583	2359.2828763825682	3744.0904099138274
0.8237951338307054	4351.163601832479	1973.1460834078734	3459.4070324232516
0.6485053274211373	2328.406605163452	1903.879977673172	2169.209119854597
0.7465994025471582	2772.092288825755	1760.341141672338	2392.6856086432235
0.9540221505597987	1442.962885329706	175.79988203952485	967.7767590958881
0.7001605958150028	1582.2589159296563	1177.748552679413	1430.567529710815
0.6744525366343027	2224.6415586833973	1729.6813555034096	2039.031482490902
0.7700526772001588	232.33490340135984	530.0246006969489	343.96853988720574
0.9556071097441793	954.0815559231423	115.7797241798171	639.7183690193954
0.8004502566933019	888.1430060321522	488.1468890136825	738.1444621502261
0.653639322969723	2684.552452627301	2162.707760516718	2488.8606930858323
0.6608332704917568	983.6691965423428	842.7151160068018	930.8114163415149
0.9723438757155028	2088.845291686343	149.39400607676396	1361.551059582751
0.8275186343977213	1341.3737989753429	620.1214315381947	1070.9041611864122
0.9197076457886394	574.1848539437184	135.44773328911887	409.6584336982436
0.9539835532707507	4577.730676601053	540.2088719562821	3063.6599998592646
0.8396133775080001	2587.517768517432	1082.4486001010646	2023.1168303612944
0.6986516883722486	1396.061886805534	1051.8813499371245	1266.9941854798803
0.7259607342663426	1146.9702897331142	813.8229612019297	1022.04004153392
0.665258793382241	1411.8844634874354	1148.473189311066	1313.105235671297
0.6783093748804678	2170.274512087603	1674.860474697504	1984.494248066316
0.910259511134421	566.3328628803669	149.9121345574351	410.17508975926745
0.9026250435792426	962.8262245639075	259.04585964376855	698.9085877188554
0.9244668553347918	930.3869977352408	194.13826135277367	654.2937215918157
0.8675833522117941	545.8187478220211	215.37999003620124	421.9042136523386
0.9480865187531617	571.974263110169	86.65173315123141	389.9783143755674
0.7978206307138525	2196.589899970046	1150.6361126594716	1804.3572297285807
0.6039771954473463	2412.3010642249124	2117.7584533643226	2301.847585152191
0.8139234964748203	408.9032004811912	243.25812117696105	346.78629574210487
0.9465588927754757	291.04266121694883	53.76416881349422	202.06322656565334
0.9700451242312292	307.509404961489	30.892866664369137	203.77820310006905
0.8149415391412183	788.2397703035451	408.95846382176364	646.0092803728771
0.7837285721507613	3064.6626077084898	1690.1826584626356	2549.2326267412946
0.7810849813106777	496.1541907677407	328.4275648895517	433.25670606341987
0.7124723900569248	651.7711912685438	527.7069066811671	605.2470845482776
0.7188344598905507	1148.58884233014	832.0849057379032	1029.8998661080514
0.7058783171359888	2649.980888245141	1900.115803201525	2368.7814813537852
0.6792764008067927	2845.404685792399	2170.453972908313	2592.2981684608667
0.8700045695552744	389.52297049593903	162.79119991508105	304.4985565281173
0.866219472621904	400.20033494004883	170.92248071837685	314.22113960692184
0.9369347621193033	1127.120575115573	192.62478129899705	776.6846524343571
0.7014930810236704	3533.3022559031874	2543.1976965216504	3162.013046135111
0.919176247287391	601.4097900269171	141.78951679674745	429.05218756560345
0.6880890295839053	810.1781558494843	669.6840573493835	757.4928689119465
0.8731401253248372	1719.1054240721928	579.833194328005	1291.8783379181223
0.8170077998903633	718.7224771847233	373.3646781281974	589.2133025385261
0.6527933032709068	3064.1293408450383	2462.6919355546906	2838.590313861158
0.8579440639706275	284.05564320495233	148.60754278635892	233.2626055479798
0.8515697687456649	3849.6200886681627	1481.4200348516213	2961.5450684869597
0.8884589900091713	411.11532608049447	144.88162526282804	311.27768827386956
0.9245711621812119	533.4106236884827	119.57297688505633	378.2215061371978
0.7057099197830012	1206.0714569873016	902.2500697489254	1092.1384367729106
0.6942890437648432	3111.5164763532057	2286.484004446883	2802.1292993883344
0.7392728571265395	955.384196336634	661.8635538865703	845.3139554178601
0.8454869719478048	852.9505012245243	368.3591689605753	671.2287516255434
0.98888111493647	979.0204604687458	29.33557678524255	622.888629087432
0.7879230433702816	1298.3941716466886	730.1896101065083	1085.317461069121
0.9102646937487316	1087.2514623880513	266.4987116751584	779.4691808707164
0.8924291912987405	5316.099981100444	1482.0759723914907	3878.3409778345867
0.8187673351201642	940.3686523232001	469.2055204954373	763.682477887789
0.9419775983608911	2408.259621262269	363.5266260398183	1641.48474805385
0.6743238098863831	1209.3655619235426	977.1442772169827	1122.2825801585827
0.6286755711885285	1202.5226784964939	1074.295777203935	1154.4375905117843
0.8390830065754054	407.86616958309816	209.12819551170873	333.33942930632713
0.9811803527959476	521.8138984450613	28.72365487701819	336.9050571070452
0.8768568101327113	3437.389475975686	1101.9296910715475	2561.592056636634
0.6598629451997036	1449.0070143383716	1189.6252200805582	1351.7388414916916
0.6247591167921859	1592.659863743449	1386.5424492385077	1515.365833304096
0.8992446469421174	622.2652923718592	182.56724419103716	457.378524304051
0.9412966709061674	1097.6089074264105	174.72985170592528	751.5292615312285
0.6674952759719605	2338.7184766127566	1841.8956129927822	2152.409902755266
0.8740738446114378	1422.0456693286355	481.1255427293401	1069.2006218538997
0.7488229783341905	778.6281059039813	535.6971586860716	687.5290006972652
0.646150023963312	1399.386830947497	1184.0739540206755	1318.6445020999388
0.9285150726918219	567.0771009463842	119.10831111261427	399.08880475872047
0.780049845701698	1019.4260899550154	604.2925459181865	863.7510109412046
0.9091936010491319	327.65788620835565	99.97060817650163	242.2751569464104
0.9472831763206361	2357.0158770654825	323.02829523206196	1594.27053387795
0.7137756374566778	3134.1444935219556	2190.124190320213	2780.136879821302
0.9378321089282599	4141.851577481393	663.9099230208733	2837.623457058698
0.6790771420761835	983.3235051200687	804.5426632352545	916.2806894132634
0.8265860364548464	649.695405947075	325.12325009567627	527.9808475028004
0.8538934939009385	2234.709316096413	857.3371130444337	1718.194739951921
0.7662142816042379	1086.4085378413706	676.3065828571459	932.6203047222864
0.6577560566119103	2182.7180210463926	1758.0710021410437	2023.4753889568867
0.7956415320622823	1255.9649587884066	684.3725246729009	1041.617795995092
0.5866740082768773	3402.3795724626634	3020.4200179391446	3259.144739516344
0.6791792351208047	872.3825622694999	728.2577633954184	818.3357626917193
0.7668705111819522	2912.1678906749335	1719.2811661584524	2464.835368981253
0.6848704169619332	947.0310362088388	767.6109841909839	879.7485167021432
0.6991389581063903	3923.4185986002904	2834.612587204826	3515.116344326991
0.5479886249069233	2840.5240467879607	2650.475763998483	2769.2559407419067
0.7475328346273128	508.58700167412326	389.6258979027716	463.9765877598664
0.9575266284098896	1669.2464382665285	186.43362371267324	1113.1916328088328
0.82397561850267	376.65465504437276	217.69467745597643	317.0446634487241
0.8839109323270571	593.6733773965022	202.39728690638475	446.9448434627082
0.9154533049531329	445.0327176638822	116.08727642334645	321.6781771986813
0.7286632082526384	836.6503008601853	609.3735443349262	751.4215171632131
0.9890524731760213	1162.9252694814227	33.72489946372389	739.4751307247857
0.8579169022101628	321.9940006845111	157.73657500368904	260.3974660542028
0.8788914301861774	1529.7567574503578	495.42515002933897	1141.8824046674758
0.845798971772636	1659.2156404355987	679.7727085340799	1291.924540972529
0.6988482493415893	3651.621718587201	2643.905094037137	3273.727984380927
0.7957609488394671	2569.8018327847476	1351.66777563857	2113.001561354931
0.6841492676258654	1219.2384327313964	962.1314905944474	1122.8233294300405
0.6719987140027192	2516.2509366259287	1957.9000218849392	2306.8693435980576
0.9042160397482227	280.4179083295743	96.12668796469555	211.30870069274474
0.7924957813999726	625.2884169462143	373.8100216340636	530.9840187041577
0.833257652403933	1667.4054719300661	736.9161032074326	1318.4719586590786
0.9105853820292727	3484.702962513103	809.8502834179567	2481.6332078524233
0.9385527181395215	802.02841936446	137.7640045769851	552.9292638191569
0.7657521192095063	1089.4101581974278	679.200410543754	935.5815028273001
0.6828991182992504	1338.280533167304	1051.0572325003122	1230.571795417182
0.937644179653262	394.2272906193467	77.57699367701417	275.483429265972
0.8002214740615707	2392.472562287676	1235.7481302642789	1958.700900278902
0.895355875247805	1439.7845333869473	404.2732392158699	1051.4677980727934
0.5417550464462322	2462.6436376114348	2337.1620781721645	2415.5880528217085
0.8607442139031231	4279.367814766656	1545.942701356311	3254.3333972377764
0.6483452458468201	1199.4953779102436	1026.291471379798	1134.5439129613264
0.9107331599596251	364.13947299336746	105.61314300350452	267.19209924716887
0.6090847583563923	1424.3421459807594	1289.812507088883	1373.8935313963057
0.9436480959059342	325.0133765409121	60.95964812963027	225.9932283866814
0.6042045127996778	1753.2068647111325	1566.7835554355054	1683.2981237327724
0.8363396094145038	1539.4466215568032	670.8656625849704	1213.7287619423657
0.8448838875376955	427.4712636979825	208.4277272621946	345.329937534562
0.6382668153801951	3807.954022192314	3125.080860468353	3551.8765865458286
0.8725391621170158	1680.4502729975143	570.0142762670495	1264.0367742235899
0.9569516059016093	856.1588613007509	101.73536571969345	573.2500504578543
0.8177703117019907	1638.248014875764	788.9093668209489	1319.7460218552083
0.8701857859653072	273.62297586899956	132.15953594969682	220.57418589926104
0.9666704349790232	822.3483367554761	75.7118787236978	542.3596649935592
0.6617799392140832	2286.5959814831076	1823.6179067950325	2112.9792034750794
0.6685951590407576	1229.3388551367734	1004.570219476248	1145.0506167640765
0.9249600258360203	3472.6227655140283	675.6965843783855	2423.775447588162
0.8796222221858472	1979.934665181131	629.6300436322531	1473.5704321003018
0.7372467167020513	679.4018438315345	497.6276670371473	611.2365275336393
0.8369550740952325	1657.4883880162433	717.0132760370138	1304.8102210240322
0.9086639063237067	2205.3841198610603	529.017484084195	1576.7466314447358
0.6700802135643539	1898.4030772756846	1500.7521208886096	1749.2839686305315
0.7707259915721014	688.0706957159296	444.25649582655205	596.640370757413
0.8727405660481432	255.06809012215592	126.67511106239489	206.92072297474553
0.7396456247029914	868.3082795989118	607.4991803715719	770.5048673886594
0.8907618448949318	1662.4890615261659	483.4607636850808	1220.353449835759
0.5624153490508362	2306.224056525771	2141.6827676388816	2244.5210731931875
0.8936595618488922	562.3620450967805	177.0147103645608	417.85679457219817
0.8984171103546902	1139.0998217771564	315.29929442139746	830.1746240187468
0.8168786040583464	699.3589755846634	364.9471931137806	573.9545571580824
0.9679334813252807	3264.8511855869147	268.29631667180115	2141.143109743747
0.6033257598649074	1751.9461115278343	1567.8765857930846	1682.920039377303
0.953160242518848	3514.2211670644674	423.23709211452774	2355.1021389582397
0.8390589585451587	373.4648194018204	196.99586433352255	307.2889612512087
0.7021802890661553	927.704252121265	720.2313348384698	849.9019081402167
0.8535320985338017	439.23513894568094	200.72357403864982	349.7933021055443
0.8283725694192446	596.808281086351	299.7064627523707	485.3950992111084
0.771867856469406	764.1303484024643	483.60821443291525	658.9345481638834
0.8553025409202494	482.7262119987617	213.2151353084634	381.65955823989987
0.5908963076079603	2936.413660049455	2604.512241852467	2811.9506282255843
0.8305170044516088	3977.317327421041	1740.386696653164	3138.4683408830874
0.732330141763944	191.58327741836217	792.67928938035	416.99428190410765
0.7961977428433111	916.785623241717	512.1303293929428	765.0398880484266
0.7476328819877404	3094.010240638545	1952.323415445223	2665.8776811910493
0.8902911646939338	1960.5940255162611	568.3260483319889	1438.493534072159
0.6595783751078672	1538.0483998365808	1258.023483422317	1433.039056181232
0.657491162979283	3071.2538656298734	2446.0998180118145	2836.8210977731014
0.9036906559628562	1462.4363387814792	377.304704451759	1055.5119759078343
0.603078121216108	3677.473098775495	3188.8184188752207	3494.2275938128923
0.7223247046635752	3632.5468907481	2470.6757666529065	3196.8452192124023
0.9534158846933846	175.8131052868835	39.031899060805884	124.5201529521044
0.9868371015969857	935.8165236953569	33.32559913158951	597.3824269839441
0.99006195018643	2871.214845057969	72.67380483729198	1821.7619549752148
0.6180468568885077	2817.3931270201833	2408.467806706765	2664.0461319026513
0.925201585193205	240.5333295941017	68.7441990550958	176.11240564197448
0.799899313318444	538.0059878842424	319.71047892626706	456.14517202500167
0.9007461432420065	2599.7917957254576	675.3115499117291	1878.1117035453096
0.9972761324356706	207.98758122008402	2.2590893878244174	130.83939678298668
0.9998262285121957	3146.125651831759	1.387863852130522	1966.8489813393985
0.9126098417455228	1871.070834522594	431.93541990595384	1331.395054041354
0.8301523954275426	736.3424411991858	354.88613580646586	593.2963266769158
0.8051455320822423	1043.2937014788513	551.9337297830717	859.033712092934
0.7658839128359468	912.9292048210311	578.72647248628	787.6031801954995
0.8690743131057184	293.81326036925793	137.48685501876312	235.19085836282238
0.5650519492346189	2015.6438458505859	1887.9053465906145	1967.7419086280966
0.7818616302299976	851.7374029674551	510.6247676441618	723.8201647212201
0.8974415930876379	448.7629880814436	142.2379556991327	333.81610093807706
0.6321689500337934	1373.6546891420508	1195.7726202635636	1306.948913312618
0.9786228793364901	3387.4675457253197	184.23363421586214	2186.2548289092733
0.892023195918323	1538.7172722967061	444.0271282554328	1128.2084682812285
0.5538988679810335	2920.7613242965494	2705.17445898693	2839.916249805442
0.8470083659603398	527.2664743402431	241.83737890921338	420.230563553607
0.9430144324243798	1285.4312837268772	196.16756152078653	876.9573878995932
0.6998558351096871	1298.5588370966047	980.5749070560022	1179.3148633313788
0.678649567543053	1515.6890380848345	1191.2323334820248	1394.0177738587809
0.9619289965827165	2855.610624909408	279.945694117647	1889.736275862498
0.9074168904364561	266.1112916431785	90.24019377416265	200.15962994229756
0.6435787388953839	1593.320249796633	1341.221536760023	1498.7832324079043
0.8293756904179047	2583.9510578921627	1147.297023696466	2045.2057950687765
0.8268310437038916	890.4515255760261	427.6773155022115	716.9111967983456
0.6196629910865769	788.54906792732	1589.2128707265717	1088.7979939770394
0.6298767325056072	1589.2525132957762	1371.5691310307243	1507.6212449463817
0.6680546653766268	2229.2304346662613	1756.9045835021282	2052.1082404797116
0.9783233463566703	213.63285109886255	18.338344132524753	140.39741098648588
0.7958329245936041	1316.0800915790574	714.0739193409456	1090.3277769897654
0.8686088070067081	2094.1063378549293	724.9175781094841	1580.6605529503872
0.8830886874982338	345.5144259030045	134.37810474484104	266.3383054686932
0.9979019705839228	529.0490786528501	3.212640391875766	331.8604143049847
0.660981670536934	1041.2442824829443	882.7825422047977	981.8211298786393
0.7926824752515189	3364.587101526113	1782.566572110663	2771.3294029953195
0.8888858717580914	1267.34651077338	381.0031757318667	934.9677601328125
0.8098461592538949	454.2613393107848	267.47112135991836	384.2150075792099
0.584632215439883	1932.9335473088788	1764.929127193666	1869.931889765674
0.7114049365405524	786.4245370636922	609.7114973361975	720.1571471658817
0.7644372514186191	1491.3006579857565	913.2387823744954	1274.5274546315336
0.6187675386552752	1715.3106806264038	1500.2073293831988	1634.6469239102018
0.615602118234509	1652.2937459579964	1456.6163821409616	1578.9147345266083
0.7965165649438559	643.3647972236379	375.79615442141613	543.0265561728047
0.8152959748131802	709.1749021551506	372.38814846182333	582.8798695201529
0.9223419701205925	2174.307966208239	442.71891212047603	1524.962070925328
0.7398878367519717	3196.1640383276035	2066.8475682654152	2772.670362054283
0.6192170221801196	2466.382945107111	2114.809448240588	2334.542883782165
0.9867050834363826	1418.261652184894	49.2803493779337	904.893663632284
0.8179536083066724	997.4921678800052	496.91716991746114	809.7765436440512
0.6368910016230763	3549.448976372942	2924.3493621113726	3315.0366210248535
0.705350048580316	1285.3213161364947	957.504926353266	1162.390169967784
0.8075193563997212	2028.5257646910418	1018.1814711880861	1649.6466546274335
0.9593449571893156	264.3177859052663	38.41979562356984	179.6060395496301
0.6998590736922631	809.6613220080062	646.1855307680712	748.3579002930305
0.9583262141682841	727.3639068808991	85.23554701180223	486.5657719299877
0.9587805779050171	396.899327982718	51.16307710961047	267.24823390530264
0.8537449417461493	2060.430796688738	793.6487925629837	1585.3875451415802
0.8155637359311879	3052.104607762569	1453.9057776102336	2452.780046455443
0.986178034124741	122.61809160108152	10.88541404922713	80.71833751913613
0.7139365197930067	893.6336024424292	674.4585505737983	811.4429579916925
0.5900399207534215	2146.2404337089597	1931.8140352892513	2065.830534301569
0.6885127888950574	995.9379465804419	794.4213755143218	920.3692324306469
0.8373400022386679	362.50943753269837	195.48903853760226	299.8767879095373
0.7714924382833566	516.0385569988636	352.6666391065388	454.7740877892418
0.7572138765720529	2166.1830407859393	1337.0092732397293	1855.2428779561105
0.9589486599397393	167.97253681359558	34.26342285721782	117.83161907995392
0.8905576500788904	2613.7502755405117	748.7194692357874	1914.3637231762402
0.892367496686581	2884.3880945469186	810.5919212564158	2106.7145295629803
0.5865886507053383	3017.274173639002	2688.585321935357	2894.0158542501354
0.799245139145259	1265.6795473503985	678.0212123378418	1045.3076717206898
0.9513592893079555	369.1935795625478	57.3793221362271	252.2632330276776
0.7915647299593961	2453.9356805483517	1316.7662153833658	2027.4971311114818
0.8921391298777573	-361.5296393543927	676.6249693730297	27.77833891839066
0.6647576063792692	2184.090535377972	1734.5763883590448	2015.5227302458743
0.9421267959988576	2040.034102717136	308.94381285593795	1390.8752440191868
0.7796537205693492	3798.534743914091	2122.2356366902372	3169.922578705146
0.7674277937626592	478.20285956772346	341.5013188433514	426.93978179608393
0.5741405602660403	2415.87215463617	2205.605252048274	2337.022066165709
0.9764596829972012	471.81000107582975	33.21629437906992	307.3373610645448
0.8976813016392365	2075.9085117579416	559.8058840764677	1507.3700263773887
0.5615182573834322	3460.972747555519	3161.173795424057	3348.548140506221
0.6827373978544327	1084.9608589194454	869.0985847230039	1004.0125060957798
0.7469528991275501	994.7693017318254	668.9458975800762	872.5855251749194
0.7893511082369699	499.0716596947419	317.40559512772586	430.94688548211093
0.6175581700858519	2009.0198411633241	1743.378885652714	1909.4044828468452
0.7893494246705934	469.3407141339531	303.6595934654642	407.21029388326974
0.8425763771816774	375.801795910573	193.2995973450145	307.36347144848855
0.8106932228443949	533.3532508956789	300.9075286037509	446.18610503620584
0.5834982096379878	2338.4905096285947	2113.5590940678485	2254.141228793315
0.7954082905434621	2598.434561338294	1368.4693306602262	2137.1975998340185
0.9408886012134045	1447.5878680005821	227.67278535138303	990.1197120071324
0.8786914258067358	524.1031369071109	190.78076828962435	399.1072486755534
0.9055554551323909	2976.530053578528	732.6007640470698	2135.056570004231
0.7319148738789524	629.0863362830455	477.7109141491955	572.3205529828518
0.7590827200576007	1240.0725357705526	784.0424404840207	1069.061250038103
0.8938121322256175	272.36453923444935	105.61774875761654	209.83449280563704
0.788182225747191	1751.6825777534093	966.718591300694	1457.321082833641
0.9469320075677587	1372.6307016458231	194.06614425774808	930.668992625295
0.9225916086458994	513.2688631498293	118.96149131399386	365.403598711391
0.9075379747212143	1046.107768025869	265.1405364150426	753.2450561718091
0.7368650839521111	2414.6890626134013	1588.9126857795789	2105.022921300718
0.6660502404546341	1211.5254740967507	996.9796671372505	1131.0707964869382
0.8841586393245936	355.1284703576698	135.60222425465284	272.80612806903844
0.9190584644778388	1968.3889088758892	419.8395022534128	1387.6828813924606
0.9059469973848401	525.5807852700951	147.8207735800355	383.92078088632275
0.6562138993252501	1532.7389053928653	1262.5193078042114	1431.40655629712
0.9685605617770137	1717.01157853423	141.31968816802362	1126.1271196469024
0.8854251186062568	-405.8018397113228	737.1458111381753	22.803529357239
0.9959944632766734	1237.1502905334528	13.053934483108833	778.1141570145738
0.6542105241043155	2827.3114465632425	2271.4995430403624	2618.8819827421626
0.6170209378643655	2918.24919096779	2495.8084367391366	2759.833908132045
0.8203823951981496	296.9515560099593	224.9493350651901	269.95072315567086
0.8845970831199453	885.2786929496517	284.9684223535933	660.1623414761298
0.8809720450527584	2263.363120043201	708.3610575659778	1680.2373466142421
0.9059023042260719	2976.7123549869975	729.9214865837666	2134.165779335786
0.6914527690387909	3915.966450126186	2882.722642359081	3528.5000222135213
0.9956634093259777	642.0154888875442	7.8171192546385555	404.1911002752046
0.5817723250986262	2025.183669190994	1850.1527570755652	1959.5470771477083
0.7341386902695967	1348.9058612137123	921.7701556465186	1188.7299716260147
0.5814972678157239	2084.160561281683	1901.0213471620848	2015.4833559868334
0.782798855219758	513.1170056667645	333.9427950932434	445.9266767016941
0.8474310716259761	400.5928210933587	195.5544383646844	323.7034275701058
0.9353193866635015	614.420204773306	115.08903841902563	427.17101739045086
0.7434759785870356	2129.6741387582774	1378.4558541883985	1847.9672820445728
0.6978775036860038	2600.2955585326704	1904.0542291682555	2339.2050600210146
0.8401261965174268	830.1629730471813	371.7898534629895	658.2730532031094
0.9032713150064418	3359.6818652573784	845.27734151152	2416.7801688526815
0.9952753570196393	336.70576657474885	5.118314582571998	212.36047207768252
0.6506809542519486	1345.4365917287364	1132.2681755213598	1265.4984356509701
0.7087321382771758	1167.960043255651	869.0752295109713	1055.8782381013962
0.9069392713989294	785.1524173856203	206.12089373734193	568.0155960175159
0.7285718243762067	944.7931595083398	677.9608241697956	844.7310337563857
0.9155092594118471	1082.3099805925922	249.6662322977112	770.0685749820119
0.9649978581904419	1721.8219832037955	157.87811866661832	1135.343034002354
0.9334778185921521	3274.714851300945	564.0336896706592	2258.2094156895882
0.8829670515389142	484.170048440287	172.6391883671117	367.3459759128463
0.5578717811291174	2206.392533981733	2068.4222783290875	2154.653688111991
0.6812570560744473	1008.6734343428641	818.0534763592618	937.1909500990132
0.8849897119611526	333.51962127737653	129.0856244215699	256.856872456449
0.7345929033714341	3245.590827512894	2133.224039847629	2828.4532821384196
0.8873570659531355	263.47485603428925	110.88766333466542	206.2546587719303
0.6541390972295721	2847.3660100178895	2287.4326589528528	2637.3910033685006
0.6664163499977053	1206.1159334552738	992.169153143351	1125.8858908383027
0.5625235967893414	2548.7556636386566	2352.8266159341215	2475.282270749456
0.7726210049354509	500.3364583672274	343.30941725761016	441.4513179511209
0.5890903962171482	2200.5399632420044	1980.524295344881	2118.0340877805834
0.9568172765935941	2950.862272982748	328.8578759684601	1967.61062410239
0.7293269741390623	836.9885348747154	608.3137867386446	751.2355043236888
0.8172736991142635	2745.684884661493	1299.3478105856093	2203.3084818830366
0.7090557980477177	3094.467209119341	2190.699285275585	2755.5542376779326
0.7314152449840834	998.9918907081028	706.3211857911599	889.2403763642492
0.6673467703446835	2270.7257073106302	1790.9349957557367	2090.8041904775455