0.5465553692034981	1563.1143789562175	1462.9314574957748	1525.5457834085514
0.7479929212423906	762.4637475531594	507.6204965675787	666.8975284335667
0.6398324940446551	1701.52385243207	1406.1536461132962	1590.7600250625298
0.9765380930041391	27.71414131161249	4.8965532246607815	19.1575457790056
0.5726126781811998	550.9786288494197	534.9632894287897	544.9728765666835
0.9694832394995214	1092.3719320812972	87.49275684522286	715.5422413677693
0.9204572434372749	44.22009619431414	19.147917325671582	34.81802911857318
0.8987891018998196	51.94302490759553	26.352147466594687	42.34644586722021
0.8695425472613237	65.13756925331231	38.37204850273621	55.10049897184628
0.7274267030788668	185.39815435906735	156.61046520376584	174.60277092582928
0.5252629563166638	2702.21888155838	2532.436586183246	2638.550520792705
0.7379717127778251	2066.3335226385752	1332.1591742087335	1791.0181419773846
0.7930596487099498	762.7354365001851	427.185985586795	636.9043924076639
0.5575164682257377	1921.3069742994505	1766.828258752212	1863.377455969236
0.8566994903113159	156.90831585282683	77.30252876499	127.05614569488802
0.9823579158967898	216.583913972771	12.169641570059895	139.92856182175433
0.8841683251587137	58.1649899181602	32.00251795238124	48.354062930993095
0.5138258110181588	1870.3782096942143	1786.1700760353922	1838.800159572156
0.9415931423412784	116.4584150398971	25.092544963887022	82.19621376139332
0.9792675478337164	439.7784042513727	26.111839023302537	284.6534422908464
0.9732077692631963	32.14322351516289	5.654140814862764	22.20981750255034
0.88309324171451	782.8764546755403	251.55962567308956	583.6326437996213
0.7439771772510029	1666.9680517322652	1066.094460286102	1441.640454939954
0.5526819446330355	1206.9061902798494	1134.7564714743253	1179.8500457277778
0.9920237341639183	898.1955880068364	18.881890652008906	568.4529514987761
0.5223847736855485	1103.471367463356	1067.5383841903106	1089.996498735964
0.6932294687413949	271.67635967632333	234.40036243754835	257.6978607117827
0.652947185921973	511.53558193125315	445.4798938032371	486.7646988832471
0.555993310754528	1472.077280127765	1368.7996073152606	1433.348152823076
0.6275860795075249	1084.2028001472904	935.3089201407365	1028.3675951448326
0.578285970986983	931.25177958565	864.0860393866706	906.0646270110327
0.8923214392035883	109.85091532351132	44.50416653127562	85.34588452642292
0.6979685577619408	230.04041351160902	201.68067022073546	219.40550977753142
0.9314882755320286	993.1833186929448	182.06085685487318	689.012395503668
0.5762415763562513	2528.0939113173886	2257.4593682684567	2426.605957674039
0.870328996791437	3884.3151975463124	1246.7837151421154	2895.2408916447384
0.6868201370567655	907.0326025958315	706.3687830737705	831.7836702750586
0.8736983350187124	93.34975934623134	46.431313794456685	75.75534226431584
0.9267871961976544	4557.399297013062	813.6409506710133	3153.489917134794
0.9501498088860448	38.12985847402289	11.159524567034765	28.01598325890234
0.9534270813912337	149.47845275822573	24.13022650917243	102.47286791483074
0.763834713001234	159.01092218850312	123.30724103571526	145.62204175620766
0.8330299903962478	169.82971855601227	95.23736356313475	141.8575854336832
0.7903775961048526	2725.792846300845	1420.5012227171633	2236.3084874569645
0.7752762690051026	451.83022209678984	286.67679557302677	389.8976871503787
0.9281978786242248	686.2436861856951	136.48718615170458	480.08499867294864
0.6233046295946146	791.3521615620847	699.9387805854309	757.0721436958395
0.5116826233158736	1023.586596134371	1002.1635445836804	1015.552951802862
0.9589070795883137	97.20245624033596	15.41295711915582	66.53139406989341
0.9088735405842034	152.4112227873444	48.288543329280415	113.3652179905704
0.822017950089457	89.96777027444618	63.471446784940625	80.0316489658816
0.7891519246006818	155.9268599266184	110.07968261387046	138.7341684343379
0.9282238925262098	1690.032511031146	312.07487206126063	1173.2983964174389
0.6403285820861074	2004.7146602131893	1643.4836915916635	1869.253046980117
0.8126983643963961	99.138073098302	70.99585035758535	88.58473957053326
0.9368604463479113	82.27144849245394	21.222976629993642	59.37827154403133
0.7890531197492887	1151.1610845215478	634.9841866208602	957.5947478087899
0.550008761970542	2639.3291191865064	2421.1066841164247	2557.495706035226
0.9244726980071627	890.6705607781983	181.89465781521932	624.8795971670811
0.6139174059484604	653.5075570910722	593.2782515759959	630.9215675229185
0.983289972935195	270.29389013829194	13.84560850679378	174.12578452648012
0.6220541323969448	479.4540550519496	441.1525081919707	465.0909749794575
0.8509566701856989	337.39423995306083	151.6331602154508	267.73383505145705
0.8444881807444086	711.1873661655743	305.8596953398624	559.1894896059324
0.8072526463145083	196.63492302573945	122.4292355375862	168.80779021768197
0.950728837711846	215.10705510902477	34.19451979165497	147.2648543650111
0.5622588872334797	2651.422468636049	2401.5393113869463	2557.7162846676356
0.4987013620589306	1334.4405744515884	1301.3883176745157	1322.0459781601862
0.8863878666363778	84.31672014961177	39.00956669839989	67.32653760540731
0.9111671144554653	416.5170775407243	108.81813772584877	301.129975110146
0.7511808476583434	276.1475625321284	202.8820780990817	248.6730058697359
0.8734925015040343	180.66619533444103	76.61503925782048	141.64701180570833
0.7555685560006119	921.6052206884501	589.0942570901861	796.9136093391012
0.9182607243415213	86.85465900785275	28.587603120547964	65.00451305011346
0.6331634077090985	625.9827420277977	554.2797104317935	599.0941051792962
0.9409765605706457	1402.1687341189504	214.77342103284764	956.8954917116619
0.7163026296612565	2859.537822131574	1939.7345435120735	2514.611592649261
0.5688311497231543	704.5189307269815	671.1485480408531	692.0050372196833
0.703764949312432	518.043900834954	405.1250624310221	475.6993364334795
0.6693965346928004	765.5702673199355	626.3123863050016	713.3485619393352
0.7773715848018216	1805.1083455815512	1016.0950702557709	1509.2283673343836
0.72054568022318	725.688119771966	527.4806846633118	651.3603316062206
0.6935524322738719	495.3272823120398	398.56851686951273	459.04274527109214
0.9841313921434224	810.7981741345673	34.46070763306636	519.6716241965045
0.8861086300675665	269.61961665732184	96.10093414188826	204.55011071403425
0.5614501730175152	906.4479261884262	856.8286717260573	887.8407057650379
0.9220654087468438	318.05126771329725	75.51245887722975	227.09921439977194
0.8775408644034992	298.98844028217076	112.76069447616118	229.15303560491716
0.7720034135733265	1290.7559879044984	757.8837466663931	1090.9288974402089
0.6788111063064604	965.4619722249631	762.2658357463959	889.2634210455004
0.5710963911491314	660.3871623920517	630.5344110173063	649.1923806265221
0.9576551422532047	1284.2855501688937	141.27222093607577	855.6555517065871
0.9141108199770279	588.9118386732505	142.74750314062936	421.6002128485175
0.9385183147846036	400.3959766225177	72.38341993227363	277.39126786367615
0.48545797459421774	1979.069426164593	1920.6579870238143	1957.165136486801
0.5741985380653567	2947.7322733399105	2625.941779844363	2827.06083827908
0.8554572496832448	372.6585432868295	160.43781037237636	293.07576844390957
0.9012604212349599	96.2256999048042	37.11628666745642	74.05966994079878
0.43750929259934157	2070.220920430259	2055.2672785435843	2064.613304722756
0.7773717343064576	289.1910476466312	192.33325439634532	252.86937517777403
0.8397679941897652	157.3898682279579	86.23132547559905	130.70541469582332
0.7549111038908873	129.12580117870567	109.93661020329739	121.92985456292756
0.7653261752431098	222.54391133732662	161.0212044746877	199.47289626383701
0.7220433679337311	162.92777575160613	145.0898898251902	156.23856852920017
0.6785018936734761	731.0966083378604	588.8461339412949	677.7526804391483
0.727268049158383	954.8696924046014	666.7989756359345	846.8431736163514
0.7813801827230366	584.0398351511095	352.2401080582259	497.11493749127817
0.823390480120357	220.21942955494657	124.06912877190754	184.16306676130694
0.9774538582687052	770.180288824509	46.81048257317485	498.91661148025867
0.7794671709014627	198.42061471145797	138.91022833585765	176.10421982060785
0.8486658833054589	76.38363691432497	48.83991407987198	66.0547408514051
0.9037120796117193	437.7042610520034	123.24229495965395	319.78102376737235
0.8605349003327069	4059.9481529544064	1398.7156047702028	3061.9859473853303
0.7284715493117857	160.6072214470059	140.30849295790156	152.9951982635918
0.8280503376904497	2264.6361382794357	986.8837980333936	1785.47901068717
0.947515437978353	201.4838512393631	34.54976493178951	138.883568874023
0.8348603744518229	427.7609601327455	205.84079397045267	344.54089782188566
0.8187365836209547	239.49091704669428	136.3179415857524	200.80105124884108
0.9785689621255961	37.03323207903296	4.659264880800642	24.892994379695843
0.7496886033503605	885.7678985135567	579.4915857864416	770.9142812408886
0.9972199966180558	1075.4199588328645	7.766251962126944	675.0498187563379
0.6813881236463055	2892.9958068037417	2147.271760299163	2613.349289364525
0.8809583456177588	145.1061475209326	60.65961935627848	113.43869945918732
0.8319522460273382	2009.837154427124	862.1703552924027	1579.4621047516034
0.421828423692053	2550.0580345039757	2529.7725776122165	2542.450988169566
0.9170793927050773	1111.839725043375	244.91610528116365	786.7433676325458
0.5785420183723731	2754.8474838156426	2446.4663466672173	2639.204557384983
0.8658182575728073	324.2374509045518	132.24734166655367	252.2411599403025
0.8212257177598425	206.56873894665296	119.01142271290395	173.73474535899706
0.6180931316599416	1023.3871677797654	898.4260706681134	976.5267563628959
0.9347504549799536	245.99447686028984	50.78159510320441	172.7896462013828
0.5880399027214139	603.5355554400701	569.3431189235696	590.7133917463824
0.8702752090439052	309.1814455935905	122.82370712188956	239.29729366670264
0.9255359004380934	113.08859184776314	31.391760535759815	82.4522801057619
0.6085060499650677	523.250893612668	486.78570716413645	509.57644869446875
0.9175482906395437	3410.118825265969	695.8472483615865	2392.2669839268256
0.9841729640655548	618.0742835528263	26.917700070793614	396.390564747064
0.8245070152773064	201.78381700138337	114.74690356751066	169.1449744636811
0.6249465743276267	902.0361218956797	789.4863853200762	859.8299706798284
0.5257995733232458	2786.116695824862	2607.8647720926497	2719.2722244252823
0.949859153342089	158.13933755551702	27.17348173418887	109.02714162251897
0.539625083142621	1423.5513276809584	1344.985683774004	1394.0892112158506
0.7101788925858792	2331.565553104856	1623.3476717826702	2065.9838476090363
0.9154770241572303	4061.3675211141062	844.4022019828456	2855.0055264398834
0.6786773395413239	247.82264180845283	224.47136793911642	239.06591410745168
0.8731975037382015	385.64592650134404	145.34359491861989	295.53255215782247
0.5228341800083911	1248.599455143168	1201.2392038102632	1230.8393608933286
0.9209078853809481	68.16318328147263	23.63588275794216	51.4654455851487
0.8179922430003082	83.12283901295866	62.128035237257016	75.24978759707054
0.5314487232473712	885.9132287734541	860.9841348477763	876.564818551325
0.7972153204831868	2588.7810152002025	1311.3262775122562	2109.7354885672225
0.788678150525802	1630.1025407587583	880.2179524370029	1348.8958201381001
0.7084562475941087	1458.145548330095	1044.8758086517926	1303.1693959507315
0.6540684153466297	311.6327481915918	286.0112221208081	302.0246759150479
0.9875079346794897	56.94051967223595	3.2848333825284364	36.819637313595635
0.6882609215474279	1615.4168573926559	1211.4030414690283	1463.9116764212956
0.7831870343271228	1677.8575783593692	926.0227675188379	1395.91952429417
0.7974301875952237	99.0822460999443	76.7493065360422	90.70739376348101
0.5981708715574067	2310.244684410879	2012.1911514218227	2198.474609539983
0.5430876369794084	1435.4779865423075	1351.8401427883337	1404.1137951345672
0.4971285983391213	1847.1241160703514	1783.9465213902429	1823.4325180653107
0.9802582000698989	39.685853508745566	4.389800352725629	26.449833575238088
0.6348408530607685	487.5905124438577	439.41697845342645	469.52543719744597
0.8665781711529734	1469.9787920341512	512.6017975865575	1110.9624191163036
0.6718586225484546	2589.0729141740753	1972.4273743769322	2357.830836750147
0.504354181485496	1241.8091389329059	1210.203621703158	1229.9570699717503
0.8474648014975381	75.71929467676546	48.99166278010698	65.69643271551853
0.785975584097036	893.720551267535	509.26757676968987	749.5506858308431
0.9729802357305617	71.11096032526204	8.16800304454792	47.50735134499424
0.532171586675607	2195.7205089191575	2057.830039048362	2144.011582717609
0.8303174214797336	353.1126911301212	178.6235642338163	287.67926854400685
0.7278239370159918	164.68114846118553	143.11268042515698	156.5929729476748
0.7744770967263896	1887.6190572615635	1072.1910932652224	1581.8335707629356
0.6910133704651207	615.6256600774684	488.83604506796974	568.0795544489064
0.9394724220014439	89.62094001709542	21.55508212487066	64.09624330751114
0.6238331079478608	1311.972967483957	1127.197067398946	1242.682004952078
0.9511260322351197	1319.7884045777928	167.65849542990293	887.739688647334
0.896474737848591	65.18485524192275	30.264099634038267	52.08957188896606
0.5324355841025997	1857.3259270585609	1749.2478893860075	1816.7966629313532
0.7420349663046655	334.2036129295019	246.45853032750782	301.2992069537541
0.6367696118780017	1336.0529449491792	1122.9731534727157	1256.1480231455052
0.4699934342421821	1769.6404799900954	1736.7056429068828	1757.2899160838906
0.9084200961045974	50.41221549586172	23.39744171640941	40.281675328567104
0.7411754845871776	411.0883231601447	296.69620157790837	368.19127756680604
0.43837027609611684	2272.1098284910568	2245.9647833612644	2262.3054365673847
0.6181324153981145	763.9345636277757	682.3013377042524	733.3221039064545
0.4791596091510459	1570.1669196985747	1539.5265830241694	1558.6767934456727
0.7594084719271925	1712.5946167310253	1036.2460529083323	1458.9639052975153
0.7252692699302092	278.1522115120916	220.67080775975393	256.596685104965
0.8181440556149081	119.06278785889836	78.44590868991679	103.83145817053027
0.8249758336557445	3473.497211474917	1507.706569866451	2736.3257208717423
0.6752893546036308	541.5063753935306	449.7355982162146	507.09233395203705
0.7682167990246795	211.0477616155503	152.47511352387286	189.08301858117125
0.6601109347866126	290.2826197051186	266.2235006557869	281.26045006161917
0.7399974472703021	502.3056569461537	356.31623182784415	447.5596225267876
0.7581393447858359	215.5058925029936	160.733217701247	194.9661394523386
0.7378000446968321	406.35648307697494	296.7121569298949	365.2398607718199
0.6825058018534856	227.8740283113843	208.34746729034683	220.55156792849525
0.6701963575789963	1513.2572975217274	1185.9411984020205	1390.5137603518374
0.8595301613356519	99.4748550238895	53.87187737886235	82.37373840700432
0.8439092093506312	165.97257961750418	87.73395346091493	136.6330948087832
0.6055952342339886	774.1530180807075	702.755206678021	747.3788388047001
0.8795849352298943	497.63924419322444	172.6814038386047	375.78005406024204
0.8571170867227982	282.4794366521711	125.00567620591063	223.42677648482342
0.6320468388217311	919.9179608388325	795.366641220941	873.2112159821232
0.5319926719466949	1273.0831717437302	1215.4456346642048	1251.4690953389081
0.9638848440301786	32.78029504498258	7.715101036920391	23.380847291959256
0.7446074383125348	983.6441196134882	649.3644729598913	858.2892521183894
0.9691567606860904	62.77880366581327	8.648588261060691	42.47997288903105
0.8410294680905687	189.24180091021776	99.21399136297673	155.4813723300024
0.5022067313210536	2204.2863800675846	2111.8574203693192	2169.6255201807353
0.648666554196842	614.7719705986385	531.3970946787783	583.5063921286909
0.6117407367643702	515.503824460354	478.1133869563794	501.48241039636355
0.776073673161737	413.5691628451434	264.2274717440773	357.56602868224365
0.9811253801734547	294.50010246915963	16.843626382301863	190.37892393658797
0.5258440164981122	1005.605639062177	974.7093903318587	994.0195457883076
0.6931422551365726	357.18049911679356	297.53455838721976	334.8132713432034
0.7569692762065628	356.4440399447564	248.43697103841015	315.9413891048766
0.9054320414510065	283.24633417278136	83.17039820917357	208.21785818642846
0.7750166576457751	547.5903856992096	340.8979457127222	470.0807207042768
0.9656357175524952	1016.6712387864228	92.28577715969016	670.0266906763981
0.8184971295504857	491.59910343122584	254.58993638633746	402.7206657893927
0.9959743587941349	133.03337356198546	1.876651735415905	83.84960287702188
0.8195839570135033	613.1897891547989	308.56254190069205	498.9545714345088
0.8123188681942001	3440.0712158531533	1597.9863435899667	2749.2893887544583
0.5917009831053218	478.0574120902559	459.62098752157925	471.14375287700216
0.8330226651279752	386.1666702316757	190.16401287130242	312.6656737215357
0.8172792466864917	381.41192704404693	204.7734644413853	315.1725035680488
0.5290018609577534	1097.4341491160067	1056.7189410268938	1082.1659460825892
0.5503924976831607	809.4161322541221	777.9722673985594	797.6246829332861
0.8717475982385273	281.4368758222787	112.09689822336013	217.93438422268423
0.9703744271788874	759.4871265422327	60.88637184726042	497.51184353161807
0.5494082869595159	2514.4644646585934	2311.2085409561864	2438.243493270191
0.5710533203256651	687.6824867365062	654.6934193652821	675.3115864722972
0.5578529040133154	1592.174552747095	1473.4119227886683	1547.638566512685
0.7904941835358213	113.35409648001922	86.45069123636469	103.26531951364878
0.5511416286678441	2554.975603329126	2343.3603984720676	2475.619901507729
0.8235107151042753	168.8406453375019	99.82556182796625	142.95998902142605
0.957088945503831	146.53645428776164	21.870673851155004	99.78678662403415
0.889262657800709	145.30301214160937	56.52547977168543	112.0114375028879
0.6648113804674207	269.69511025185494	248.18886019385837	261.63026648010623
0.5692127906236765	1714.143516495501	1563.5492055891086	1657.6706499056038
0.6121524119320795	681.644232711384	618.4954842382546	657.9634520339605
0.745982655946539	136.02604618254543	117.86279637552302	129.21482750491202
0.649595285738656	876.5233790753979	737.8923221491174	824.5367327280427
0.8634585715607795	212.66074051788914	94.28796300350794	168.27094894999618
0.9889997713471687	160.2898268430191	5.945081885051351	102.41054748378122
0.607078328811315	1505.8052674294945	1317.662508715724	1435.2517329118305
0.9995030202185955	144.61518572014285	0.24638992651168223	90.47688729753116
0.9026276143742373	63.27202869776508	27.951761762959737	50.02692859721307
0.9192125960330041	268.3038794142487	67.79296035697685	193.11228476777174
0.944960666367119	520.3865465906745	81.41548406902217	355.7723981450549
0.7513303007855331	446.39919835457516	309.0563041961647	394.8956130451712
0.8790268376982714	303.4729011368644	112.82870971540962	231.98132935381884
0.44750569024991593	2273.009566141275	2238.487073905373	2260.063631552812
0.8999597786371555	431.0579389552436	126.38280066429724	316.80476209613875
0.7324134088976442	536.994837677704	387.2726740234112	480.8490263073443
0.5426401951115091	2553.9404748237375	2361.4742720095164	2481.765648768405
0.5860882826459749	1658.1790652179775	1485.3488242337407	1593.3677248488887
0.7343397512509386	293.3252112126419	225.1469856676747	267.75837663327917
0.6067767452471516	602.1851028980747	555.2098673411916	584.5693895642436
0.9514358277900157	168.76143659400395	27.69722861498903	115.86235860187335
0.5379492217512989	2236.776674264724	2084.864226754838	2179.809506448517
0.6715279874560363	465.91970134451526	395.2302653989052	439.4111628649115
0.9093152122021567	494.30671585720927	129.10825070466754	357.3572914250061
0.9725471142655082	541.9698258594033	41.698090465003645	354.36792508650336
0.9885766012821937	221.4446165593034	8.0026674955881	141.40388566041017
0.9164767792445891	147.82717133535385	43.19226712156909	108.58908225518456
0.8185571829055233	1545.6920725086923	725.615332027123	1238.1632948281037
0.7980071482189433	642.2332015079035	357.35239999031336	535.4029009388072
0.8312723531642278	3843.1203406828276	1602.595383289377	3002.923481660284
0.814062267237501	316.1376745053822	176.79061085434398	263.88252563624286
0.6409661729127285	758.1495229370425	654.0094918812777	719.0970112911307
0.5918487822066858	1008.7966232213322	917.8076998885343	974.675776971533
0.7831834838648162	412.53981254743985	256.29887712054983	353.9494617623561
0.8838938944644805	2045.5139563291668	607.5004453626298	1506.2588897167154
0.7090274845317048	568.610796072863	435.12041888880236	518.5519046288402
0.8584149926621973	217.69012317268903	99.5804160051432	173.39898298485934
0.4871351792919157	1483.8802731465605	1451.3544147033629	1471.6830762303614
0.5721594643658108	1545.5555932413693	1410.8286902394045	1495.0330046156325
0.6529639376386975	602.6793077830843	517.8213119247017	570.8575593361908
0.6926540324239844	2938.3353189043155	2120.9935312743455	2631.832148543077
0.6751210723968035	1112.8791928950855	877.971453549515	1024.7887906404965
0.9729979942179056	695.6009627560643	51.2281357766974	453.9611526388017
0.8621721261828087	2368.124496759084	827.7384530662968	1790.479730374289
0.5889566560840338	2599.7805856366026	2283.1701128762584	2481.0516583514736
0.9592445731736049	1091.9357756974584	117.16088375943576	726.3951912207
0.5719030114134676	1436.4755762526588	1315.5159008131427	1391.1156979628402
0.7548215836086158	1413.3416485961836	879.3182330593902	1213.0828677698862
0.9818727106494788	2097.1641318660895	94.36547660855217	1346.1146361445128
0.9905894579803703	2351.830069641618	54.552206357068144	1490.350870909912
0.897653904574235	57.99210793772973	28.072817764334005	46.77237412270633
0.5887570949680021	1220.5229051244778	1104.2119349374861	1176.9062913043558
0.7343621966641803	268.92018829531327	208.8893818367024	246.4086358733342
0.7472352069587482	204.32958826152088	159.43083401369728	187.49255541858702
0.9358142464055123	226.61476042711269	46.66052804516261	159.1319232838814
0.7823346225295573	277.6065401228551	182.1119915673621	241.79608441454522
0.8850671133603162	593.7289291664895	192.8182777056626	443.3874348686794
0.8239807955348306	3766.3153004325695	1637.8154372172567	2968.1278517268274
0.6603025941328121	310.44111490384046	281.6343729794962	299.6385866822114
0.9793695489536498	77.91183649610042	6.599654400742644	51.16976821034126
0.8585139274559589	145.85232439632887	72.10834956767984	118.19833383558549
0.7170085410815321	421.79082730244323	325.3904440671051	385.64068358919144
0.6874412904251518	1188.97837493685	908.8210814497781	1083.919389879198
0.4688977444471316	1584.6260416524642	1561.9104066538825	1576.107678527996
0.87738209516325	3585.777853707141	1092.5470275785844	2650.8162939089325
0.5488649746108302	1475.15227538917	1380.6945282939214	1439.7306202284517
0.4914696448306863	2667.2226744896984	2560.6801487293465	2627.2692273295665
0.6853748669393195	361.4069329411999	305.8514377259786	340.57362223549194
0.8982080201642749	1669.8532707549957	439.73248035319205	1208.5579743543192
0.9160903460476202	202.30294401116078	55.74660504083904	147.34431689729013
0.8930239250583116	887.0065462943776	257.88450575347105	651.0857810915377
0.9179112229944573	120.64698271448037	36.34157857234563	89.03245616117985
0.5705759620393	1569.3603859469854	1434.162325392008	1518.661113238869
0.8137632969230224	284.9493732228321	161.94063884510686	238.8210978311851
0.4526411457113779	1776.6029208119521	1760.7199436771116	1770.646804386387
0.9254515676611549	565.7160005980924	119.3576940405759	398.3316356390237
0.6709522323591331	981.739659643651	787.3665869180408	908.8497573715472
0.7918191254313449	278.6519372336272	175.69558885970693	240.04330659340712
0.7696663656048578	192.24529854983183	140.47064173128808	172.82980224287792
0.9205603201389622	2376.331869019238	476.0513987565739	1663.7266926707389
0.6016803894088208	552.7496892325603	516.4275044967746	539.1288699566406
0.7188472348126653	2391.942010135975	1623.2599642838009	2103.6862429414095
0.8736988608769679	469.97926999960396	172.151553992469	358.2938764969283
0.8759785609267738	86.82376832320577	43.40971988834039	70.54350016013125
0.6265460354174703	622.1559410588897	556.7191984376565	597.6171625759272
0.7073860691230869	597.300117884688	457.02818098743046	544.6981415482164
0.6441561504366394	940.894133011724	796.1837377231496	886.6277347785086
0.61183340410233	772.4974755330815	695.5393017796301	743.6381603755372
0.5453139789406888	868.4520397247786	835.0033687441057	855.9087881070262
0.9276316008988419	1421.87623325181	267.5987001738256	989.0221583475658
0.8634617201354473	730.1676515384368	275.70848896144184	559.7454655720637
0.4443687590117597	2645.744502396649	2600.24114770969	2628.6807443890393
0.8711820411189	70.5903688163773	39.592930487340475	58.966329442988496
0.892704431274233	2831.67559094188	762.7100804428176	2055.8135245047315
0.7387107524407134	435.73064057835444	314.8718897013387	390.40860899947353
0.4929106588181524	2168.662892016013	2090.6662967084985	2139.414168775695
0.4128329286531344	2706.1873372621744	2690.041156006591	2700.1325192913305
0.4339114552395541	2306.5511218075935	2283.2744338038865	2297.8223638062036
0.8164152273659571	192.5155847684964	115.10176560271209	163.4854025813273
0.9277965833594187	95.61618013702028	26.95799106968594	69.86935923676991
0.9898523366984585	51.377221133839186	2.52144467965638	33.05630496352064
0.7938381335721792	105.19492196141731	81.03691149142831	96.13566803517143
0.4995091572262309	1872.0330409154822	1804.6672666056993	1846.7708755493136
0.8910392000566527	44.303722234208216	28.270960151653064	38.291436453250036
0.8913300670508759	52.92442814759505	28.664063465087537	43.82679139165474
0.6896255762730421	584.6382737743457	467.7044970351443	540.7881074971452
0.739410532296986	195.42538561190852	157.5452519858766	181.22033550214655
0.8104181386453266	591.0194797946494	312.7122540623583	486.65427014504024
0.9657538831183328	61.19165908786613	9.471142585157597	41.796465399350424
0.8358222625911559	77.82572488254395	53.694288281509486	68.77643615715603
0.8929289970245716	70.9784672345896	32.932124100533656	56.71108855931862
0.9267975239671927	216.02233217436634	51.240228987403725	154.22904347925535
0.9135606196294037	43.2858402640899	20.82152801778298	34.861723171724805
0.6356579733066839	1292.8043173720162	1090.4738231891297	1216.9303820534337
0.9553947225693572	56.242584544701714	11.805238080735126	39.578579620714244
0.7881483447850804	314.5804776962322	198.0727876649567	270.8900939345039
0.9872829560080034	1308.1915655960393	42.6562968400134	833.6158398125297
0.7534665503045407	339.8168187617594	241.07479523537535	302.78855993936537
0.6265755953602997	1963.7459233600543	1649.5919836102885	1845.938195953892
0.8666214703389828	929.3892395273693	335.51687606943767	706.687103230645
0.9944106856872846	160.54763949142244	3.0170879005791846	101.47368264485623
0.9806979762534699	464.38762685973325	25.507308300503695	299.80750740002213
0.5519343650663098	1093.45684412047	1033.2633496523806	1070.8842836949364
0.9889011564771326	464.3311615492342	14.612789118006674	295.6867718875239
0.6559493143007636	2087.696322361291	1659.0281542762668	1926.9457593294069
0.926070690893529	43.3834826232081	17.596713392946832	33.713444161860124
0.5641383944825715	1636.7970019932404	1503.5915878049295	1586.8449716726238
0.735843262716898	1686.4154749026902	1106.6077851285895	1468.9875912374025
0.780624784802501	1542.5346053559751	864.7065285801932	1288.349076565057
0.555907854331507	2158.4663907922254	1980.4516870397413	2091.710876885044
0.47283531343525775	1907.1576423848046	1865.020587215888	1891.3562466964609
0.9785151494071681	27.11609021492892	4.480722034544925	18.627827147284922
0.6735163042025974	418.45798917829626	357.2795096368048	395.51605935023696
0.9966622108543924	193.1018242886553	2.0854097486904095	121.47066883616847
0.7474349226699469	824.2395003984111	546.3416021329353	720.0277885488576
0.7330047893461128	1564.7960018278895	1040.3738206717985	1368.1376838943554
0.5338001792302203	1776.7356626141834	1673.838701510718	1738.1493022003838
0.9867271841245638	36.09992513923662	2.849416244428877	23.630984303683718
0.8895179475225876	3034.7246806770554	838.7996213526287	2211.2527834303955
0.5704206452856458	762.47843066806	721.4803622480925	747.1041550105722
0.5996402240266422	657.3704890179416	607.7290869514308	638.754963243
0.8693211106086424	621.3803489586188	228.29842732625366	473.9746283464819
0.6419556275022785	501.6072521375652	445.8184860617321	480.6864648591278
0.7689921398352013	139.89666104225944	109.77829740633085	128.60227467878622
0.6209132923013875	432.8431359430567	403.0122151463578	421.65654064429464
0.8178179098072861	109.1642644915647	73.82692856040762	95.9127635173808
0.7114389578858851	781.2069101667017	578.7303222219263	705.278189687411
0.9022004012129526	61.01052912396682	27.51506917622846	48.44973164356494
0.9748556845349372	583.441639512356	40.72628104371637	379.9233800866162
0.9641096996393421	25.36079543590524	8.027629445522798	18.860858189511823
0.6695177245535373	374.3977014674604	326.01685809561906	356.2548852030199
0.5359749298663956	2808.064049107007	2605.2477064994573	2732.0079206291757
0.6860880553169723	421.43205205056165	350.25793530458634	394.7417582708209
0.8713364411964956	1587.8684704303437	531.1189849438737	1191.5874133729176
0.9208574401905649	191.57457633695657	50.26928423084762	138.58509179716572
0.7084069549583099	616.0765331353848	468.9311003343962	560.8969958350141
0.8693021263103945	224.01158019848702	94.30966766871524	175.3733629998226
0.8739671647615004	349.7885953410154	132.72266301647113	268.38887071931134
0.7124088325623145	326.30993169898346	262.31715315841706	302.31263974627103
0.8309769224892664	98.89768634900963	64.18926453944351	85.88202817042233
0.5925635201198498	2779.310032354395	2423.9526151072587	2646.0510008867186
0.517677125765318	962.8702511521334	941.7759389581066	954.9598840793734
0.7120678868580986	569.0499462279814	432.0104246958168	517.6601256534196
0.7373386995044575	1648.7971311984093	1078.2034639656567	1434.8245059861272
0.9489971832466574	2926.27128854	369.1795234318038	1967.3618766244265
0.9884984691706032	624.6549868687499	19.713569606072156	397.8019553952457
0.9858106066955002	1337.289867373437	48.64062130352522	854.04640009722
0.7462168903317501	512.7035119375312	355.87573251909015	453.8930946556158
0.8618159457182274	318.3143510504708	133.97647233233118	249.18764653116844
0.9516169066577642	339.68939253091946	49.270917471142724	230.78246438350317
0.6111327779975082	1183.6263657947843	1041.5486864151471	1130.3472360274204
0.7730506910027517	347.43260532716863	229.2835294289738	303.1267018653456
0.6392096577790779	1277.788531144236	1071.9546744242552	1200.6008348742432
0.41919844592575584	2795.8967340172285	2769.9826671640985	2786.1789589473046
0.6030942448666385	529.0920900983213	495.2632240816522	516.4062653420704
0.6537836541421526	1877.0685129305955	1505.0556139921011	1737.56367582866
0.6966342264969566	833.4476277041616	638.0166486827824	760.1610105711444
0.4871076162868349	1514.5017663855836	1480.2657218276247	1501.6632496763489
0.9208346416632067	4745.08431837134	916.0236940724471	3309.186584259255
0.9001724488846949	127.00899264584878	45.97436107522684	96.62100580686555
0.6821633256286735	220.6737991395573	205.7966644781628	215.09487364153438
0.9893168365792548	184.0828037940914	6.4409572557989065	117.46711134223172
0.735686547345204	1464.306414006256	969.1251754427599	1278.613449544945
0.6233501324031764	529.2467542210221	481.8502285512967	511.4730570948751
0.6915550464662602	590.3928474401623	469.8466830247621	545.1880357843872
0.44250268470446996	2644.445930301001	2600.8961093084067	2628.114747428778
0.7800248879721453	289.5885612089579	190.57698219945516	252.4592190803944
0.8786784104975013	169.3554033605681	69.80334900582125	132.02338297753803
0.680843094456679	799.3726306778173	636.4691825954347	738.2838376469238
0.8529234757055619	2009.856428217288	756.7377788201427	1539.9369346933586
0.831516239343458	146.15828696601915	85.31176534407264	123.3408413577892
0.4857623530357409	1593.029254659622	1555.5597358377058	1578.9781851014034
0.9254438705193971	2544.4305437233124	475.7880597549158	1768.6896122351638
0.4463407176887539	2587.7041013767575	2542.3498464878476	2570.696255793416
0.7025870284304998	2690.036992139127	1899.8073062106873	2393.700859915962
0.6547139029585611	1260.6030188465695	1029.0159223730623	1173.7578576690044
0.9472306971933896	660.9578322823297	96.51240897033381	449.29079854033125
0.830977127299075	332.16641010740057	168.7651894873895	270.8909523748964
0.7558425959866222	435.4538532275628	297.7346540533245	383.80915353722344
0.6370709622522768	721.4210271075656	628.4272932875108	686.5483769250451
0.43129982586111504	2231.5544455793843	2216.45851839417	2225.893472884929
0.6993827357316537	798.8895714359887	609.3298324294472	727.8046693085356
0.9529568153510478	39.97532983221441	10.666269353461724	28.984432152682153
0.812464020720425	203.51169905516684	122.84213767709348	173.26061353838935
0.5417286389314492	1933.4964883365592	1804.2969068714324	1885.0466452871367
0.7723133760365907	246.74987385419368	171.22795670831565	218.4291549244894
0.986939861798332	2804.875564594674	89.1486133614394	1786.477957882211
0.7705371044996057	2860.12751739494	1615.7985865132741	2393.504168314315
0.8707539074516928	1035.9502427079376	359.1294820248723	782.1424574517881
0.7489725951824823	237.97453362100293	180.0295594509663	216.2451683072392
0.5977180341240227	1688.6169065159118	1489.3120529292248	1613.8775864209042
0.7214401644838925	675.67404639317	492.81017225868356	607.1000935927376
0.9747936331160397	1232.1206830108604	80.30560227863145	800.1900277362746
0.7368985801838949	535.2402396097792	380.95227762593584	477.382253865838
0.7472518781380343	135.36001935294044	116.89888179788109	128.4370927697932
0.8577576731481689	389.01596248896084	163.95927271822546	304.6197038249351
0.46546823907434803	1729.8728133736872	1702.7255714797993	1719.6925976634793
0.7895206315283363	379.5186925002449	231.9413859921367	324.17720255970437
0.7832835743909742	157.32499153384407	113.55217290934502	140.91018454965692
0.9602433713824318	64.27817113522661	11.343904679743474	44.42782121442043
0.6146001841706944	1717.1585882766456	1477.8761320650585	1627.4276671973005
0.5786556004185207	932.3651440513764	864.7178914870468	906.9974243397528
0.5078897071409523	1667.7432396342956	1604.6587719249146	1644.0865642432777
0.9589358373203316	2591.035413831228	264.2312575572132	1718.4838552284725
0.5409486177464577	1616.1148015475167	1518.2028321310115	1579.3978130163273
0.9183444427545161	2011.5821948285325	418.42985262702507	1414.150066502967
0.7087731115000011	376.06494972554304	300.07536414841826	347.56885513412124
0.8370003392089143	1259.2475668140057	540.6176523523689	989.7613488908919
0.7299567873164663	1290.0963230177813	875.821237765711	1134.743166048255
0.8514864816434625	468.5559353510985	201.3618643885631	368.35815874014776
0.7036140935830906	1198.618068248214	880.108103842989	1079.1768315962545
0.45769371254719	2313.525358434381	2267.615906734077	2296.3093140467668
0.7783289914830982	159.97410399481652	117.33115207995904	143.98299702674498
0.6140475393113628	396.22064350372256	377.45445961062893	389.18332454381243
0.4647027328590562	1997.1079330193907	1958.253782524419	1982.5376265837763
0.8115496139136205	100.93918825229518	72.26773190141215	90.18739212071405
0.9426223933122159	81.00488536969229	19.06226469579007	57.77640261697896