0.9632370867812982	207.01103727448432	23.386475001177814	138.15182642199437
0.8366574959850298	1117.9067815481317	488.9092945351231	882.0327239182534
0.8013744977703589	1668.8913204448577	855.1639858780381	1363.7435699823004
0.9424160450800529	15.237093752825492	4.549344749202627	11.229187876466918
0.7159378792336573	126.46023061089892	103.60289010094257	117.88872791966529
0.44562039125035136	1040.7260095278777	1029.2320885988731	1036.415789179501
0.7779179723875927	149.99154079376473	100.77486432886731	131.53528711942818
0.7566194018287178	420.75257066346234	282.2706996705096	368.82186904110506
0.7542725921712071	56.84788773536031	46.28763764958243	52.88779395319361
0.8910642834965419	67.08094377810994	25.679426882104476	51.555374942107896
0.6547719518315789	327.73449615850063	283.9724038712741	311.3237115507907
0.6958206369510253	630.2679349535605	488.5054754811225	577.1070126513962
0.742317427634237	49.57910228815715	43.140345627687346	47.16456854048097
0.5707713618740834	379.4927721389804	360.53411869090826	372.38327709595336
0.9456975157472182	17.236939208153256	4.591629712314425	12.494948147213695
0.545703092264867	509.8442574163579	488.8169324257034	501.95901054486245
0.5811391977920985	987.3990734997672	901.5030437803989	955.188062355004
0.7756500444635331	1011.5262669313292	598.1548015534936	856.5119674146408
0.8332196057008167	64.4568671769893	37.188284914947474	54.23114882872362
0.6659107160554146	117.13167828100579	106.64611127004669	113.19959065189613
0.5896615643401706	236.57283134120854	225.65624990050384	232.47911330094428
0.590829844086334	220.3462977449806	210.7801033316866	216.75897483999535
0.8875191505680333	453.3528170384229	147.4890176053159	338.6538922510078
0.8073001849159218	45.88606607696672	31.823566831248232	40.61262885982229
0.6099758061877864	384.4007168365984	351.39217805967934	372.02251479525376
0.6972800216986162	73.16030790707035	66.57413312228442	70.69049236277563
0.6799244439254865	98.14346936845337	88.79731105241032	94.63865999993722
0.9480043906665221	128.78073627928597	21.671127176691172	88.61463286581292
0.9040748758641695	27.356774307118485	11.061385869168355	21.246003642887185
0.8619894316025772	20.008914403299407	12.96700968649341	17.368200134497158
0.7371369465797198	130.7036499500388	101.188977322113	119.63564771456662
0.6457654787249829	1641.4956472541378	1346.1911257751524	1530.7564516995183
0.5464044184581651	421.2017065809314	406.002017972771	415.50182335287127
0.9460095667611748	183.49394714172342	30.94237242233754	126.28710662195371
0.9409842457381651	320.88912038554827	56.175756925906256	221.62160908818248
0.8328838063482988	940.0064150831213	425.45526532239774	747.04973392285
0.5714833636335577	437.29736779365646	413.15144971740824	428.24264851506337
0.9738935311762927	25.798800867598434	2.858004782467585	17.196002335674365
0.5011821753113073	1386.2818473322347	1334.8339554254655	1366.9888878671964
0.5928129999235303	296.40922855260783	278.8725617709488	289.83297850948566
0.9186643378609225	13.757033011049833	6.200151338756482	10.923202383939827
0.6732631322229505	647.4683934919875	525.5953521050775	601.7660029718962
0.8207392106541083	125.44631211200794	71.3092156398539	105.14490093495019
0.8781271324979055	26.96676273411985	13.859013357416632	22.051356717856144
0.5728931921337426	422.7862129541787	399.42816377399197	414.0269445116087
0.8537061303582958	25.00242989927465	15.716330306881854	21.52014255212735
0.7091307503291152	98.86067502070497	84.2034152696433	93.36420261405685
0.5913652242821884	678.4447104208939	620.0616721704864	656.5510710769911
0.9529457310913516	570.4018150142948	75.44090284223765	384.7914729497734
0.8654121871821765	334.82209589420586	133.33833264182388	259.26568467456264
0.9173501519215499	63.2360321127376	18.574452258790622	46.48793966750748
0.767681611631059	855.4715032467743	527.095257325992	732.3304110264809
0.6991766720077157	1551.8943613857402	1139.4007900516083	1397.2092721354409
0.7774619549368692	100.69881287801071	70.40411663462963	89.3383017867428
0.68731186457441	183.86849751110438	155.58434439567768	173.26194009281937
0.6680981120410667	154.01732987089247	136.5814554984961	147.47887698124384
0.573965393181982	535.4933419467748	501.5120140942504	522.7503440020781
0.9987563826647523	190.26165522310828	0.7233404201777915	119.18478717200935
0.9387685759145151	76.61869847326528	16.19071977970792	53.95820646318127
0.8575410089771046	50.53791461037661	26.2027790925088	41.41223879117618
0.6696392923887887	418.4779625528841	349.2975505103107	392.53530803691905
0.6757658103742241	1331.0380122878748	1039.1247260045254	1221.5705299316187
0.855673287573084	1217.8406215854307	468.97410156549034	937.0156765779531
0.5557406251826711	422.5377793851705	404.60209118063636	415.8118963084702
0.7033546638010563	1004.8115361477452	746.5224764460412	907.9531387596062
0.876520804940601	1391.4229150071988	454.34516120637386	1040.0187573318894
0.9675547292032906	76.42430055850511	8.504568748181448	50.95440112963374
0.6988038046434912	477.50804635959423	373.02639600254815	438.32742747570194
0.8750982645858115	674.6725428172182	235.69507356015217	510.0559918458184
0.7023459126152118	265.7098035622564	212.8724351699433	245.89579041513898
0.5783340438358625	290.6250798275758	277.2876231481616	285.62353357279545
0.5840428918732503	353.6373648878956	333.0246619722958	345.90760129454566
0.9010742377535399	208.58930340402358	63.933099855312804	154.34322707325703
0.7906727930934381	65.57997444791847	45.97951715188041	58.2298029619042
0.480577759877296	1513.1611811567423	1469.6960754285406	1496.8617665086665
0.6935642696570594	329.7025100831769	265.85700942943083	305.7604473380221
0.5592227903267917	311.4971719172039	300.8854156660592	307.5177633230246
0.6036941825769438	499.05108288853563	454.84770631160364	482.47481667218614
0.5167432000887433	792.05118278493	764.5403299131888	781.734612958027
0.6085641824666924	2001.4631770806593	1728.3159977619487	1899.0329848361428
0.68989382578431	780.050333810721	606.0563847304538	714.8026029056208
0.6731822935207858	615.0417447623835	500.56815434156954	572.1141483545782
0.44902562302705423	995.4943022072285	984.1778548003816	991.250634429661
0.8994246443611124	43.873421761974896	16.673134260217285	33.673313948815796
0.82508827944542	55.88172125474389	34.3922721802948	47.82317785182548
0.8320002277293463	46.22813715672316	28.35723161740153	39.526547579477544
0.9071734013469717	511.7207855569568	135.93741539831342	370.8020217474655
0.9831567922071849	131.99003542369667	7.0898066683963705	85.15244964045905
0.9291342941009523	206.47505895408452	45.311767007974254	146.03882447429316
0.8190682425579463	162.64652138113286	90.97956787665139	135.7714138169523
0.9081763598526311	36.68628712974599	13.217566154944151	27.8855167641953
0.6204954846483807	1923.5987230851592	1634.6130954334258	1815.2291127157591
0.8461127987693903	51.20225287802193	28.463970091659654	42.67539683313608
0.7824148712584917	1543.665751949513	864.4020575333548	1288.9418665434537
0.8287703081031539	39.23979185963212	25.305491658101886	34.01442928405828
0.8887060927986973	813.6642546526391	249.52566466102616	602.1122834057843
0.8692391482281814	748.3410029643042	271.3283730331329	569.4612667401149
0.7247590030834795	103.04108057899916	84.23913903649517	95.99035250056016
0.8306127665177672	341.0913940240814	168.95322466652988	276.53958051499956
0.6087578344917973	710.503058746667	635.6189430761417	682.42151537022
0.9105804593755518	269.69595754472454	72.99052094820992	195.93141882103154
0.8771177755424496	41.22852028791685	19.286367322474096	33.000212925875815
0.9708448047474346	1234.2482829433643	94.22871568865128	806.7409452228469
0.5223923351107183	388.1624100314677	380.88196709609787	385.432243930704
0.843880971697049	58.84316547888689	32.401848747468335	48.92767170460493
0.9698158778991562	2204.492962221525	166.7255733644538	1440.3301914001233
0.7838169242551202	813.703092071323	472.3396415970683	685.6917981434775
0.5249555254049187	635.3541416539981	613.5431035325155	627.1750023584422
0.906483379302624	23.839940875203553	9.78670356884573	18.56997688531937
0.6283105707616514	150.37662850883322	141.59284008187132	147.0827078487225
0.7778368906622717	1679.1316026784798	953.1315083803702	1406.8815673166887
0.9814808070885975	35.2200993886936	2.551679986747363	22.96944211296376
0.6175883274192425	379.3611563283583	343.88983756888166	366.05941179355455
0.7464922217626672	252.24404132638324	180.79231966371236	225.44964570288167
0.7080050318169185	1909.4018592015966	1355.9316382536801	1701.850526346128
0.8391059011259797	719.3211635974155	320.2668371194711	569.6757911681864
0.7008101601526255	1285.3263765968873	948.8132707655672	1159.1339619101423
0.7403913066162028	75.87364214626834	61.64816887050753	70.53908966785804
0.8723027646389697	185.49450105703966	73.91188947124014	143.65102171236484
0.9788327258137163	286.5511452021052	17.962563091128743	185.83042691048902
0.7423251227191261	155.24507566332622	116.75896269755347	140.81278330116143
0.8043351561099252	1040.2917244463133	542.5473044878008	853.6375669618711
0.6827496327383159	158.93838000152874	137.04556736947546	150.72857526450878
0.8908400060355994	100.21171561547466	36.47658156883786	76.31104034798585
0.9439394080107475	136.07516720619617	24.571867554289483	94.26142983673115
0.9201833724450892	2332.1320234055415	472.6041368915253	1634.8090659627856
0.8384495658402178	28.624247089468206	18.957405024354884	24.99918131505071
0.4855709368601326	1017.462710412812	992.4498715667752	1008.0828958455483
0.5970716611860801	434.2090836807128	400.6305292682627	421.617125776044
0.8676453128776279	64.98082087567474	30.18351332421077	51.93183054387575
0.9059746164662207	104.7054621908153	32.713731686830755	77.70856325182109
0.9701645770447297	142.41931332083652	13.52238481836703	94.08296513241045
0.5773535258051551	333.7667148103073	316.8832171483834	327.43540318708585
0.6845409962285576	94.8234685097911	85.37871049233581	91.28168425324536
0.8110795452327354	827.7933172910999	424.63020208675664	676.6071490894711
0.4247960722894531	1886.8777041940216	1863.0796554110489	1877.953435900407
0.9638436006249037	3650.9388017920255	320.9960988525245	2402.2102881897126
0.7712078682951405	1363.6715016235867	804.959992850871	1154.1546858338183
0.8823788766166161	1987.567609777679	602.8583517153544	1468.3016380043073
0.5898216175722869	455.8993917243149	422.99326284223685	443.55959339353564
0.7545492432488051	322.0174128828748	221.36771445239714	284.2737759714457
0.708714606860194	82.76940543251044	72.01689691525957	78.73721473854137
0.983260400081971	3048.03709581609	124.28961088314668	1951.6317889662364
0.6169176009620663	184.30826445051872	173.37998171591954	180.21015842504403
0.6990620271019041	426.3729173289618	334.93551387059364	392.0838910320738
0.6916715737942577	318.33751161500965	258.2274865979942	295.7962522336289
0.8757598409276419	2037.3430553785868	651.8773712569257	1517.793423832964
0.4937424454521481	628.5959947180124	616.7949380093451	624.1705984522622
0.7032577253641559	74.09428736889272	66.3114912801996	71.1757388356328
0.6453804244801296	591.4449863063257	506.3377759200964	559.5297824114898
0.765599776656841	217.94610107164067	148.4446411216024	191.8830535903763
0.8117923337788119	364.505477582467	197.92587324286393	302.03812595511585
0.8984411723214976	12.65328561811243	7.881585324528958	10.863898008018626
0.7269048641352568	106.00535842131292	85.9558056972211	98.48677614977849
0.9035094573881378	279.4911525505729	81.35987829050268	205.19192470304654
0.8506509844190271	1216.4044344804097	484.42995321621123	941.9140040063353
0.9098556609026611	179.96725274517485	50.960791335856726	131.58982971668055
0.5169932987293613	408.6633649674469	401.46929001226897	405.96558685925515
0.6715321671134666	765.0032387706981	618.2209440264303	709.9598782415976
0.763553095447503	99.9073586804706	73.33586030250254	89.94304678873257
0.7217986554099041	869.6460495707505	620.450284763399	776.1976377679937
0.580930339761833	1027.6692786172225	937.3648846584629	993.8051308826876
0.5501188169864459	1216.4783418232885	1136.4674325175663	1186.4742508336426
0.6484383712947466	123.92955122050259	115.4069903567686	120.73359089660235
0.6918598562016011	110.59080620304738	96.58418849450757	105.33832456234495
0.7200007592068075	754.2024257647317	545.0946737998977	675.787018777919
0.5306011281533317	476.10872130809753	461.7813629801053	470.7359619351005
0.763975597137358	512.7371402943567	331.0796076962246	444.61556557005713
0.9083363101382271	329.77339522441343	89.87532540708112	239.8116190429138
0.6187168455144623	287.0213172834991	263.05151448568427	278.03264123431853
0.6107768624704745	756.4308587597177	673.521569382611	725.3398752433027
0.8940785332457131	19.098093441658193	9.61694941128004	15.542664430266385
0.777048574871869	91.19808004119145	64.55426733469508	81.2066502762553
0.8928560403487056	15.918800562048578	8.855243681967949	13.269966732018341
0.4593407227958487	1050.4355744696513	1034.2960378115881	1044.3832482228777
0.44787781516073205	1242.4021306908662	1224.8118902758315	1235.8057905352282
0.7268587269413098	343.1043107057446	254.8921333755896	310.0247442069365
0.7716941072434996	47.679569476178514	37.84319677388595	43.990929712818804
0.714766518511308	1661.3481870210803	1166.8140245951809	1475.897876111368
0.5549935496273758	1372.36097401022	1272.9914750817163	1335.097411912031
0.5312544254664449	1272.6370077538713	1204.8734290336738	1247.2256657337973
0.5141550197576379	1583.2231559969077	1509.258818834253	1555.4865295609122
0.8356700969435822	436.1865235678547	205.96793733377322	349.85455373007414
0.7585270313933181	591.3650314577935	385.56114108102577	514.1885725665056
0.9291570597132077	243.00904417612583	52.50862281853669	171.5713861670299
0.9366521020247193	933.8812361335267	160.19170662325223	643.7476625671738
0.846522500426356	138.0199343021739	67.41162490681381	111.54181827891387
0.7340346376398188	1948.8373883039676	1282.2494035398745	1698.8668940174327
0.6549704278633031	139.23286307830568	127.05622412322289	134.66662347014963
0.9654084182836624	706.2072713934558	67.14902987283261	466.56043082322213
0.9715643727860973	3543.1810644299912	245.03108914586528	2306.374823698444
0.9729389434139603	513.8967404385062	39.21389955090967	335.89067510565746
0.5190225007787909	1507.8165545583415	1434.2976118927359	1480.2469510587393
0.6909829427045374	1494.82922250119	1121.636189823338	1354.8818352469957
0.6594010010301208	786.8438666166085	649.730031023109	735.4261782690462
0.5191937593485974	1205.915801233631	1152.1529591440662	1185.7547354500443
0.9885533810120004	15.015938160648801	0.8803091983735127	9.715077299795567
0.9672967734955658	414.2418397750789	39.00307000791628	273.52730111239293
0.414479922005629	1287.5915824966992	1279.7977450557864	1284.668893456357
0.6371052783440182	733.9421585502764	630.7911394210018	695.2605263767985
0.38399994936569637	1802.7256582907326	1795.7853853873598	1800.1230559519677
0.9832925814007101	204.40963576120544	10.431119000318702	131.6676919758729
0.679262772451155	140.19298775410593	122.82090438803229	133.6784564918283
0.6830599815299072	562.4260928732774	450.7529406957158	520.5486608066918
0.9808825102857717	71.13378166977523	4.690948929664565	46.217719392233725
0.7836015710558095	2830.4805883845556	1521.058509602986	2339.447308841467
0.7244942670708496	93.70336361193608	77.42016360543303	87.59716360949744
0.8889454931661082	234.4025252531397	79.72481526950183	176.3983840092755
0.6271883634747508	146.24070258762364	138.23897578516883	143.2400550367031
0.45305620345536796	1289.8868190111612	1268.9426281146339	1282.0327474249634
0.9547489024920773	26.294192036852838	5.050533796212886	18.327820196612855
0.6430849125211132	108.47230160777897	104.1922022183627	106.86726433674787
0.6321273519299432	272.30082506892876	246.04700262671506	262.4556416530986
0.6459016102855396	172.45267679634173	156.99395835377618	166.65565738037964
0.6188729623580669	396.58923807858434	358.2765532457946	382.2219812662882
0.5300648502798226	902.9978266907675	862.1365781937355	887.6748585043805
0.7922148949241112	43.99103157856305	32.816413097631056	39.800549648213554
0.8653934099889169	44.43187618961634	22.350247779921254	36.151265535980684
0.9979822982509025	28.55493211247745	0.23541946576120765	17.93511486995886
0.6434530146779418	711.6368681401409	606.3706979514889	672.1620543193964
0.8635736554238559	56.01779603004166	27.402200290843417	45.286947627842316
0.9659607211189667	62.39616564683536	7.508177879682361	41.813170234152985
0.8857263230643801	75.04490812173272	29.63285410339736	58.01538786485696
0.7704064618677767	240.3804811725501	159.83902953273372	210.17743680761896
0.9256239240013622	15.035089005587047	5.875694604122432	11.600316105037816
0.7574342517279082	165.33161279797375	118.18922710693883	147.65321816383565
0.853182993663078	18.04235449758524	13.522859008285629	16.347543689097886
0.9940593218565021	572.245813056393	9.377233756976295	361.1700958191117
0.9605475637620752	7.932832707782266	2.7216260049651395	5.978630194225844
0.8862916138101468	47.63139411734672	20.103783766428954	37.30854023575256
0.9799903000714184	251.60938759182514	15.110081431490386	162.9221477816996
0.9564509519474016	58.36051041509389	9.102502271040372	39.88875736107382
0.7035057268794149	96.63503413589896	83.52890300457958	91.72023496165419
0.47321661875275217	1818.7212283972929	1767.3885103928098	1799.4714591456118
0.659151157904669	1067.0183424723755	869.7102014054096	993.0277895722633
0.5905028423228286	238.94850474574412	227.6199113253108	234.7002822130816
0.7296665265243577	66.45728658746067	56.64009718658169	62.77584056213105
0.8289897320320152	48.02131190929291	29.724740607462785	41.16009767110661
0.6581640387366237	222.08472763949638	195.42529920117246	212.0874419751249
0.8769196850837662	120.80306029437966	48.432406173282125	93.66406499896809
0.7976814045899491	78.66297056212765	52.31867238672866	68.78385874635303
0.5010731558797606	2132.5187684094185	2038.0022503060623	2097.07507412066
0.9485618260885247	25.09182841621932	5.5594498078555485	17.767186438082906
0.548804835500461	469.9441012483319	450.6991633589496	462.72724953981356
0.5174581558652427	1043.7605936484667	1001.2413067093487	1027.8158610462974
0.6556677227262169	167.45654646769646	150.57239849582731	161.12499097824553
0.7933908409964118	124.28927196450954	80.01911148776307	107.68796178572961
0.9527539657963262	178.54033043904644	26.38245555226041	121.48112735650167
0.8220395071000466	34.05887126967484	23.51382239400965	30.10447794130039
0.6761588254052457	291.8047282073532	245.2086224615379	274.3311885526725
0.995608756982544	67.34985817529082	1.0210807123449186	42.47656662668611
0.5049334192625651	1186.2333130759819	1143.1338444888177	1170.0710123557953
0.9593181136483837	86.5529148248215	11.908604447704128	58.561298433402484
0.5765697065833959	569.1986389262283	530.8088180524837	554.8024560985741
0.7084743280260287	226.60606569662198	180.8521731091212	209.4483559763092
0.8621064862001624	1980.4776098879684	704.4798971806295	1501.9784676227164
0.760554939570644	380.02289932775	253.26746801070055	332.48961258385646
0.8926992679334339	512.38393568956	157.39421254617582	379.2627895107909
0.5968890996754894	221.48314279074086	210.5433058118522	217.38070392365762
0.6681030575824615	95.25464457490567	88.489591413275	92.71774963929417
0.9022087946146	1312.7362514821814	340.56908223499835	948.1735630144877
0.9460533264878929	48.58145545223397	9.707603167989067	34.00376084564213
0.7353078860189441	53.49383057306084	46.73842024630594	50.96055170052775
0.8781189853651077	16.454632318406798	10.37364891610289	14.174263542542832
0.8348543112185418	100.88687411983634	54.48410881111147	83.4858371290645
0.8678719431019164	39.51346220636371	19.989795242721783	32.19208709499799
0.6563802200772986	175.7721015404477	157.36459227373496	168.8692855654304
0.8799306003285672	160.8166666308105	61.14476529247681	123.43970362893536
0.8143696461027602	219.90703953653002	122.67778837549935	183.44607035114353
0.9931653083602886	479.543142760952	9.205429961842754	303.16650046128603
0.6231619202591228	1073.005221317983	927.7975722220457	1018.5523529070064
0.7732316621449734	1896.2067040509905	1088.435292474196	1593.2924247096926
0.9041765290837102	3435.5872763764773	816.7227980813143	2453.513097015791
0.5542005355002423	1049.3143172479395	980.6354015932819	1023.5597238774428
0.8832611168087388	343.4984022155204	118.71739565765436	259.20552475632064
0.8148980148643585	1299.1990822306848	633.4767960010369	1049.5532248945667
0.938501050920311	11.683145833829933	4.34966906306304	8.933092044792348
0.7957714207861618	569.8298510777576	322.2873297640393	477.0014055851132
0.6915121891171901	85.04429872022668	76.55321967094041	81.86014407674432
0.9018618410375365	29.311866290973587	11.90023767854397	22.78250556131248
0.7652628924560565	841.5679092582002	523.729010411221	722.378322190583
0.8288763819917455	63.09769162425263	37.375326372002505	53.45180465465884
0.7865579323813765	352.349799653005	214.39896865957948	300.6182380304704
0.8506774745475784	22.398375469106114	14.981435245687905	19.617022885324285
0.9895721039121268	92.96291708493642	3.2160714171485125	59.307849959515956
0.9337313928299695	457.46226685006667	87.31233334825578	318.6560417868876
0.8007827570573886	46.18940464262255	32.921508953204125	41.21394375909064
0.49673309562547946	643.2055718588779	629.9613532845999	638.2389898935236
0.4606489784632856	1055.4726981135852	1038.72887844411	1049.193765737532
0.8665337079545412	33.76010764187901	17.858226700442444	27.796902288840297
0.6283844315462589	581.3242695517796	510.73785564099086	554.8543643352339
0.8904188374395632	66.07960140963274	25.49847386685188	50.86167858108992
0.8477647089204868	399.4199378980494	176.62042675340922	315.87012121880935
0.7257230672565105	169.33872397622153	132.29503764717097	155.44734160282758
0.882917641599646	1305.0628904253485	406.0449666134069	967.9311689958704
0.42100925504726977	1737.2790041685573	1718.4022496048112	1730.2002212071525
0.9010444303454854	169.88731621534697	53.094786875932	126.09011771306636
0.7517006535004574	212.7238008152456	151.86890779012683	189.90321593082606
0.9191625393910742	2440.251728904773	499.1268347711058	1712.3298936046476
0.967991959736572	266.1807143881226	25.524823216961053	175.93475519893704
0.8107609556056731	86.4236749545947	53.65787333919039	74.13649934881808
0.7932808659894586	35.73017997577615	27.90083826016194	32.794176832420824
0.5366486627618255	395.16576410427695	384.128900911189	391.02694040686896
0.704023868340764	183.95072380109175	150.37824425480355	171.36104397123367
0.7360568528347863	637.3809909022955	444.4451837815148	565.0300632320027
0.6800916045812775	88.95380495630438	81.47540307982102	86.14940425262311
0.42279634888468465	1623.275790142718	1606.0696802782754	1616.823498943552
0.6578598833627942	314.02228563261053	271.3284508128826	298.0120975752126
0.8397678796327476	36.59177789683186	22.556846904665893	31.328678774769617
0.7241640745401204	178.49572652737635	139.45417318425177	163.85514402370464
0.9269881855674649	18.91896350588993	6.558863682707035	14.283926072196344
0.6779350706019597	162.48965332710037	141.11924227981035	154.4757491843666
0.5634432286715437	910.4691344391342	847.3407797637947	886.7960014358819
0.9481058279894975	9.341747840496526	3.510706443850639	7.155107316754318
0.516517504941827	771.8560951507291	745.5590672805199	761.9947096994007
0.9460743306110263	26.716344243050685	6.099619122776929	18.985072322948028
0.8413681624641204	1140.202604259971	484.01678302333414	894.1329212962321
0.6946232073388292	268.21293280845686	218.36592215165342	249.52030381215556
0.9153990889094339	25.312290701362933	9.231918146820286	19.282150993409438
0.7982286652948417	152.13885961271535	94.20882827012377	130.4150978592435
0.9498647295598818	19.307589141907556	4.5392517773399845	13.769462630194717
0.9846012489133456	24.421625479739397	1.6147389841948208	15.869043043910182
0.8410663278264415	293.9889101455334	138.8345782694131	235.80603569198828
0.49649274750383227	530.3024123551083	521.9778130124143	527.180687601598
0.7647811030374669	2517.860258119702	1469.1289635280255	2124.586022647823
0.6736975166358993	96.07969056103983	88.18923405550723	93.1207693714651
0.7610300432083319	137.41987288823339	98.63175542801872	122.87432884065288
0.5767635709065082	280.1039403956338	268.04937825192906	275.58347959174455
0.7525329601336983	126.96650974015306	94.26400475633439	114.70307037122106
0.6638706395063869	248.89768551281546	215.59663973224596	236.4097933451019
0.9947840721058184	7.988493150093472	0.328782186190578	5.116101538629887
0.9457375062664031	1666.5901668585761	233.48620643983088	1129.1761817015467
0.7658362282370077	188.76485034768288	129.88243072226132	166.6839429881498
0.8292893530716944	56.38132446123905	33.904783935525906	47.95262176409663
0.9459042361317246	227.18704340309483	37.6222347330081	156.1002401518123
0.5501832027281721	920.5442470428709	865.941292705668	900.0681391664199
0.9045441631550797	114.96813040523753	36.079509690643306	85.3848976372647
0.44459820452998633	1210.3269026317926	1194.7639349349424	1204.4907897454736
0.9046639404507903	30.70479630152802	11.969655264241398	23.679118412545535
0.8104036866108488	359.8936990243449	196.90908457226436	298.77446860481473
0.7056407746176284	2439.1307443106857	1722.0689095588718	2170.2325562787555
0.5171946278631289	494.9934482220156	483.17561776680037	490.5617618013099
0.5369918061240996	350.4796170919356	342.1660653175598	347.3620351765447
0.7657314738798757	39.44476130496883	33.64561376274994	37.27008097663675
0.5698364488049458	570.3488948096821	535.021672693926	557.1011865162735
0.8701148412366619	128.76266554704085	54.02045566317638	100.73433684059168
0.7145940770749087	67.66370731729936	59.794744401850714	64.71284622400611
0.5979731414968363	766.2064955708297	692.4320932624396	738.5410947051834
0.47314147007138274	1953.498317785823	1896.4839230020252	1932.1179197418987
0.7070589015178487	182.86996206898368	148.55461019878737	170.00170511766007
0.7450500565848808	1719.2437061689875	1099.4959005866917	1486.8382790756266
0.8586907712684277	83.14444605413438	39.741013850395206	66.8681589777322
0.8437202887598129	258.7328125138836	121.52148284456885	207.27856388789053
0.5906336852288588	233.01959817145763	222.24267647544656	228.9782525354535
0.9718274566139692	17.886966728294137	2.4150494226763852	12.08499773868748
0.7321370247668453	592.9149639920738	420.03415973917987	528.0846623972386
0.777206905574793	254.2565343136942	164.26036063844873	220.50796918547715
0.9280636835812706	1744.7939472219991	324.67842188566	1212.250625220872
0.9531953116680908	189.6654331575499	27.583854657422208	128.88484122000202
0.617273307696587	349.44302652730204	317.98734388765826	337.6471455374356
0.7764759720100469	2127.7317173782976	1197.2339849185817	1778.7950677059043
0.9216201422412362	21.423030913314932	7.628451754060784	16.250063728594625
0.4301148936682889	1746.656959981126	1723.6098439719294	1738.0142914776773
0.5522531629279668	1299.5313937649373	1209.9287509608755	1265.9304027134142
0.9819250772520296	237.26164892925812	12.926706727057194	153.13604560343276
0.5515331614404122	816.860654693161	769.9642025722603	799.2744851478233
0.5817342018929138	338.4000722605753	319.88516248173727	331.45698109351105
0.9799282860241357	57.37333451967732	4.107590604799519	37.39868055159815
0.600639874108777	1590.50342370451	1398.8058120074072	1518.6168193180965
0.8320598482493906	105.62953494712812	57.63220504325912	87.63053623317725
0.675591750451124	229.36220683607874	195.60892256401976	216.7047252340566
0.6382936313678389	115.71942488298592	110.65713814661547	113.821067356847
0.8140582491548235	34.51975378026007	24.716000548266457	30.843346318262466
0.6566542951843842	481.96548227911484	408.7826035844369	454.52190276861063
0.8138778000538978	247.21232158804094	136.93674873658392	205.85898176874457
0.9014980990887661	13.850301603921242	7.680567886836415	11.536651460014431
0.7766841321605623	143.05744933714269	96.95183843654871	125.76784524941995
0.6635191376281554	118.92947264811895	108.55611026477297	115.0394617543642
0.8421443985048849	105.23477754550973	54.264995972136234	86.12110945549466
0.9586509648553849	18.973090689662413	3.6935591572061046	13.2432663649913
0.508653647987996	921.9027290737408	890.9679945626824	910.3022036320939
0.7019705669151447	547.1594628333853	421.24779850262325	499.94258870934954
0.8097571776387423	1701.9983347580226	836.4485986129314	1377.4171837036133
0.8887477764694043	154.0220716502968	54.572204848160425	116.72837159949566
0.5838869083265391	402.30555270167156	377.07760944953907	392.8450739821219
0.820458798916944	349.41617865948734	182.31943421195678	286.75489949166337
0.8034934133350131	1159.202790010162	602.346224389826	950.3815779025362
0.4367955769914345	1082.1223246164495	1072.2017099255518	1078.402094107363
0.6452906357028763	416.99613410857927	362.53313869646314	396.5725108290357
0.8191311413260348	64.40749001651696	39.956686226591295	55.23843859529484
0.5703019941493177	217.74388903669194	213.1158971814554	216.00839209097825
0.8755605235756282	180.65647368143723	70.36369687644955	139.29668237956685
0.748173710901185	115.65707591551538	87.75727352346846	105.19465001849778
0.8560632746227729	91.32251724065189	43.902716742504325	73.54009205384655
0.6464612930540412	740.4111430347314	626.7910865839397	697.8036218656845
0.859058984379862	39.598859009989155	21.289860169317347	32.73298444473723
0.7102285502406329	78.20553078997986	68.31676548047764	74.49724379891653
0.8998004449234648	331.51443769535206	98.74259084201867	244.22499512535205
0.5258265196517875	418.5251699981821	408.69240574197755	414.8378834021054
0.9525337466638255	74.04068958195765	12.153873759280135	50.83313364845358
0.9214314830151181	270.3880025035545	64.22957553968719	193.07859239210424
0.7777452522963259	233.7943246918863	151.67184222460253	202.99839376665489
0.6226374806855044	474.591316605417	423.6027637313581	455.4706092776449
0.6669804333263969	403.8612572257723	339.31049043115365	379.6547196777903
0.824279809244313	112.19566968148409	63.36002764752847	93.88230391875074
0.898672207648494	165.8024149123153	53.17986416223955	123.5689583810369
0.6738031759252139	684.2939572138386	553.4616964180503	635.231859415418
0.9601562067609997	912.58494202651	97.99117645120373	607.1122799357702
0.8638865348985335	151.57629897332134	65.45882581485759	119.28224653889744
0.7883893235234339	44.39205297846828	33.56776792150213	40.33294608210598
0.5107775173656565	1921.2200404210832	1828.679589583857	1886.5173713571235
0.9549974518530958	19.119655657237377	4.043775785282129	13.46620070525416
0.900736260252	411.9296695663277	119.26245444898203	302.17946389732305
0.7453119607318646	84.80380822217029	67.03240893055573	78.13953348781483
0.42378344926770783	2006.1591419056615	1980.149392396357	1996.4054858396723
0.48169093293482595	736.9070674480822	724.2150789532006	732.1475717625017
0.7710107149809748	458.2083026488944	290.64500969960073	395.37206779290926
0.8888460545186744	18.176918107601534	9.82548549924552	15.04513087946803
0.8783475602355428	17.718402984041372	10.663054868282028	15.072647440631618
0.6061879670281125	1546.4696905838184	1351.4922503957816	1473.3531505133046
0.9456217717927407	69.70421733386868	13.243631283501578	48.53149756498102
0.9003965070515918	40.474603356531276	15.479263812515919	31.101351027525517
0.949531715239786	8.51606993916969	3.468665935840308	6.623293437921172
0.7639436313935224	516.082529101325	333.13531444793	447.47732360630187
0.805153081882853	732.4762460063996	389.92698092745985	604.0202716017973
0.9135329723598551	533.5243474787499	131.47329364711328	382.7552022918861
0.994414141105717	460.3180563715048	7.2367767412317505	290.4125765101524
0.648765724870494	221.0398970220649	197.3594780150911	212.15973989444973
0.6303157384032959	445.8123831252619	394.882934625534	426.71383993786395
0.4752910132648035	676.0592844448105	667.3002266028833	672.7746377540878
0.8943251547072677	83.46483917182655	30.09496992313436	63.45113820356698
0.5995167208002443	1752.8702030145073	1538.9340913310903	1672.644161133226
0.37964527857781855	2076.215528569583	2066.9719670328973	2072.749192993326
0.8143366320006054	635.7858733606053	327.1051443690194	520.0305999887605
0.6026048870946491	562.3998528338467	510.9875260940176	543.1202303064108
0.8676528284494728	462.534970414093	176.41855588804603	355.24131496682537
0.8937350857560122	636.9179006931234	190.2503859419729	469.417582661442
0.6548119565632038	383.65517759097617	329.8821913664421	363.4903077567759
0.7335531236038246	1200.3230275450333	812.6552237913166	1054.9476011373895
0.7069243871217064	542.838857895223	413.20559643473615	494.2263848475404
0.7998606366229112	152.7360685175257	93.88767114146711	130.66791950150372
0.9132326921581415	77.29025481236727	23.155310812285915	56.98965081233676
0.6923803125324534	110.56458014492993	96.4641526314986	105.27691982739319
0.4649940964286128	1613.8568977960376	1576.2080372858045	1599.7385751047002
0.971417843405775	276.52747956286476	23.55754138246212	181.6637527452138
0.6608595520045099	228.13175523311276	199.57679992883146	217.42364699400727
0.7829857622949321	96.64014738969792	66.5006490223368	85.3378355019375
0.7348412159365512	103.30067051769822	82.2671034697039	95.41308287470035
0.661905607901226	189.24161543452223	167.15643564825152	180.9596730146707
0.9849217379652289	61.354345243224834	3.2573324781353037	39.56796545631626
0.8473223799715202	19.870707998585814	14.600046476112794	17.894209927658434
0.647614723484943	179.52040087006	162.59880882656662	173.17480385374998
0.9447235120419927	15.841369401870192	4.455727534158559	11.571753701478329
0.4272512172982548	1818.7614042938767	1795.3598249740685	1809.9858120489487
0.937334313861155	52.38627623290745	12.014344375668625	37.246801786442894
0.918640400178778	1701.252270446028	359.38956542480025	1198.0537560630676
0.7918442376949746	319.84199389582454	191.7619303229225	271.81197005598625
0.5024736053962209	544.0165105260071	533.585913382884	540.1050365973359
0.777827655177562	100.49259232572977	70.18232836142396	89.12624333911509
0.9661853163325376	2376.68190038856	200.72278714353752	1560.6972329216765
0.9997435707038307	7.500353665650717	0.016299198578093588	4.693833240498483
0.6362822412297849	1607.6550165341753	1341.2042915901418	1507.7359946801628
0.7230493299963092	1117.1822267977684	783.1651285797082	991.9258149659959
0.7708261421043031	2643.885366415416	1502.8436891253411	2215.994737431638
0.7383525516898446	788.1964435880735	538.9298681093281	694.721477783544
0.5037495741234544	853.4531653846184	828.1852938919535	843.9777135748691
0.9525762670701682	26.82405322300375	5.372742576047818	18.779811730395277
0.6857694798326524	215.91609467873252	181.33663375896947	202.94879683382138
0.6803349544703241	1815.1988118013935	1382.8760735751891	1653.077784966567
0.8059533306006949	39.97459049350499	28.69580514324557	35.7450459871577
0.9551268969669822	105.53600917319206	15.64751662557505	71.82782446783568
0.7005873861727973	235.5955694871545	190.89547512842697	218.83303410263167
0.9017789365292238	3543.9407246920546	862.2056948120762	2538.290088487063
0.9623404509357047	15.926411228556738	3.025673635941075	11.088634631325863
0.9491922552120428	2325.186689882307	297.4166531359306	1564.7729261024158
0.6452106603758434	169.28830748755092	154.4558820185681	163.72614793668237
0.9607450430231061	23.7754395644381	4.072898464069887	16.38698665180002
0.41571465418141157	1141.2470263173202	1136.5941944587082	1139.5022143703407
0.9026734688523508	64.12892186781914	22.115413285339383	48.37385614938923
0.8329765460945286	2287.5098212421717	973.3912862661368	1794.7153706261586
0.4726845318899334	957.564360239143	939.8200483944728	950.9102432973916
0.8590319009901286	215.17006706333808	93.06221340709227	169.3796219422459
0.7031164752826494	557.157720309536	427.3735967117277	508.4886739603579
0.7774296870762122	84.2529781467729	60.10353334414271	75.19693634578658
0.6636028196977969	90.63646099036086	85.95320192083454	88.8802388392885
0.4034064378805763	1696.9067834217017	1685.282374474887	1692.5476300666462
0.5065234553345392	1229.400245322569	1182.9101326496088	1211.966453070209
0.6712974110026163	213.25194959500078	184.06037705485159	202.30510989244485
0.6924925820664286	452.1605006760203	359.23237537259513	417.31245368723586
0.49771625851986545	794.269413471127	774.1078689596283	786.7088342793149
0.5932055884171152	466.17339520843126	430.7232387889623	452.8795865511304
0.7656718842136194	219.46588587595252	149.3651074192022	193.17809395467114
0.8525323978048177	63.29355311428512	32.69213633172426	51.8180218208248
0.9028374176646555	526.3601441286386	146.05591373132708	383.7460577296468
0.5991943699635288	725.1761006926793	655.6483563948921	699.1031965810091
0.7818200591630687	585.2863928475236	350.3124045501338	497.17114723600247
0.4990335168582659	761.9183440570248	742.7449629587732	754.7283261451804
0.7871320316419637	91.43785693958391	62.31590528747138	80.51712507004171
0.8239059666404387	281.9828465885337	146.99954354635975	231.36410794771845
0.7552437446950124	1397.4712839613849	873.5193923900334	1200.989324622128
0.7177933206218231	297.02189108066835	227.90514109018005	271.1031098342352
0.5440033304421195	1381.9216549641976	1293.4982548481523	1348.7628799206807
0.6591810283812626	399.765683325409	340.598177184296	377.5778685224916
0.9796557161878207	549.7205112600352	31.252988388156155	355.29519018308054
0.8939269439914649	168.56964871518113	56.48512839830077	126.53795359635099
0.7398776619405814	757.2599389718682	516.622090273798	667.0207457100919
0.38938495764193265	1995.281721348081	1983.8462598348622	1990.993423280624
0.5466155511179984	409.21533502999745	394.7657591398791	403.7967440712031
0.8406798995359768	419.74212926710663	193.05614883404894	334.73488660471